-1
-2
-2
-2
-3
-2
-3
-2
-4
-5
-5
-5
-5
-5
-5
-5
-5
-6
-6
-6
-7
-6
-7
-8
-8
-7
-7
-8
-8
-8
-7
-7
-6
-6
-6
-5
-5
-5
-4
-3
-2
-3
-2
-2
-2
-2
-1
-1
0
0
1
2
2
1
1
2
3
3
3
4
4
4
3
2
2
3
2
1
1
2
1
2
1
2
1
1
2
2
3
2
2
2
1
1
1
2
0
0
-1
-2
-2
-1
-2
-2
-3
-2
-3
-4
-3
-3
-3
-2
-1
0
0
0
1
1
1
2
1
1
1
0
1
1
0
-1
0
-1
-1
0
-1
0
-1
1
0
0
-1
-2
-2
-2
-3
-3
-2
-4
-3
-2
-1
0
0
0
0
0
0
0
1
1
1
1
0
0
-1
-1
-1
0
-1
-1
-2
-2
-2
-2
-2
-2
-3
-2
-1
-1
-1
-1
-1
-1
-2
-3
-2
-2
-2
-1
-1
0
0
-1
0
-2
0
0
-2
-2
-1
-1
-1
-1
0
-1
-1
-3
-2
-3
-2
-3
-2
-2
-2
-1
-2
-2
-3
-2
-2
-2
-1
0
-1
0
-2
-1
-2
-1
-1
-2
-2
-2
-2
-1
-2
-3
-2
-2
-2
-2
-2
-1
-2
-2
-2
-1
-2
-2
-3
-2
-2
-2
-2
-2
-2
-2
-2
-1
-1
-1
0
-2
-1
0
0
0
1
-1
0
0
-2
-2
-1
-2
-1
-2
-1
-2
-2
-1
-2
-2
-2
0
-2
-1
-2
-1
0
1
2
2
2
3
1
3
2
3
4
4
4
4
3
3
3
3
3
3
2
3
2
3
2
2
3
2
2
3
3
3
3
4
2
3
3
2
2
2
2
3
2
1
1
1
1
1
0
1
1
0
-1
-2
-2
-3
-4
-4
-4
-3
-3
-4
-3
-3
-4
-4
-5
-5
-5
-5
-5
-6
-6
-5
-5
-4
-5
-5
-5
-4
-4
-4
-3
-3
-3
-4
-3
-3
-2
-3
-3
-3
-3
-3
-2
-1
-2
0
-1
0
1
0
1
3
3
3
3
3
3
3
4
3
4
5
4
3
4
4
4
4
4
3
2
4
3
3
3
4
4
4
3
3
3
4
5
5
5
6
6
6
7
7
7
7
6
6
6
6
7
6
6
4
5
5
6
6
6
6
7
6
4
4
3
3
2
0
-1
-1
-2
-2
-3
-3
-3
-2
-3
-3
-3
-4
-3
-4
-4
-4
-6
-5
-5
-5
-5
-5
-6
-5
-6
-5
-4
-3
-4
-4
-4
-3
-4
-3
-2
-2
-2
-3
-2
-3
-3
-3
-3
-1
0
0
0
-1
-1
-2
-1
0
-1
-1
-1
0
-2
-1
-1
-1
-1
0
0
0
2
1
1
2
2
2
1
2
1
1
2
2
2
2
2
2
3
3
3
3
3
3
2
3
3
3
1
1
2
2
3
4
2
3
3
3
2
2
3
3
2
1
1
0
0
-1
0
0
1
0
0
-1
-1
-2
-1
0
-1
-2
-2
-2
-3
-4
-4
-3
-4
-4
-3
-3
-2
-2
-1
-1
0
0
0
0
-1
-1
-2
-2
-1
-2
-1
-1
-2
-1
-1
0
1
0
0
0
-1
-1
-1
1
1
1
1
1
1
1
0
1
1
2
3
2
2
2
2
3
3
3
4
4
3
2
2
1
2
2
3
4
5
5
5
5
5
4
5
6
5
5
5
5
5
6
6
5
5
5
5
5
5
5
5
4
4
3
4
3
3
2
1
0
0
0
-2
-2
-1
-2
0
0
0
-1
-3
-4
-3
-5
-4
-4
-4
-4
-4
-4
-6
-4
-4
-4
-4
-4
-5
-6
-5
-7
-6
-5
-6
-5
-5
-5
-5
-6
-6
-6
-6
-6
-5
-4
-3
-2
-3
-2
-3
-3
-2
-2
-2
-3
-3
-3
-4
-3
-2
-1
-1
0
0
0
1
1
1
1
1
0
1
2
1
2
2
2
3
2
4
3
4
4
4
5
5
5
5
5
6
5
5
6
5
5
6
5
5
5
5
5
6
7
6
6
6
4
4
3
1
1
2
1
0
0
0
-1
-2
-2
-2
-2
-3
-4
-4
-5
-5
-6
-5
-6
-5
-5
-4
-5
-6
-6
-5
-5
-5
-6
-4
-5
-5
-4
-4
-5
-4
-3
-3
-4
-5
-4
-5
-4
-4
-4
-4
-5
-4
-3
-3
-3
-4
-3
-4
-4
-4
-4
-4
-5
-4
-5
-3
-3
-2
-2
-2
-2
-2
-1
-2
-2
-1
-1
-1
-1
-1
-1
0
0
1
2
2
2
3
3
4
3
3
4
4
5
6
6
6
6
6
5
6
7
7
7
6
6
7
7
8
8
7
7
6
5
3
4
3
2
1
1
0
2
2
0
-1
-1
-1
-3
-4
-4
-3
-5
-5
-4
-3
-3
-3
-3
-4
-3
-4
-4
-6
-5
-5
-3
-2
-2
-2
-2
-3
-3
-3
-1
0
-2
-3
-3
-4
-3
-2
0
-1
-3
-2
-1
-1
-1
-1
-2
0
-2
-1
-2
-1
-2
-2
0
-1
1
1
0
0
1
2
3
2
2
3
1
3
4
4
1
2
2
4
4
4
5
5
4
4
4
7
7
6
5
4
5
6
5
5
4
3
4
3
0
0
2
2
0
0
1
2
0
-3
-3
-3
-3
-3
-2
-2
-3
-3
-5
-6
-5
-3
-4
-3
-3
-3
-5
-7
-5
-6
-5
-5
-3
-3
-5
-6
-6
-5
-5
-6
-3
-2
-2
-5
-7
-7
-6
-6
-4
-4
-3
-5
-6
-7
-8
-7
-6
-3
-1
0
-2
-5
-4
-5
-4
-2
3
3
0
-2
-1
-2
-2
0
2
3
3
1
2
5
2
0
0
3
7
7
7
5
2
0
1
3
5
8
9
8
4
1
0
3
7
7
5
8
11
9
1
-5
-2
5
11
11
7
4
2
-3
-4
-1
5
8
6
1
-3
-3
-2
-2
-2
-3
2
8
7
-1
-10
-8
-6
-2
2
4
5
2
-6
-13
-12
-5
2
2
0
-2
-4
-6
-8
-11
-11
-4
4
5
-2
-9
-12
-11
-8
-5
-1
4
4
-4
-11
-13
-7
-4
0
0
-1
0
0
-4
-10
-10
-4
2
6
5
3
0
-1
-4
-4
1
10
11
8
2
-1
-1
1
2
3
5
8
7
2
-2
-2
0
3
4
6
8
9
5
0
-2
2
6
10
9
5
7
5
2
0
2
6
9
8
6
3
3
4
3
4
5
6
6
5
3
1
1
3
4
4
4
4
2
-1
-2
0
1
3
1
-1
-2
-2
-2
-1
1
0
0
-2
-1
-1
-1
-1
-3
-3
-2
0
0
-2
-3
-4
-3
-2
0
-1
-2
-1
-3
-4
-2
2
3
3
1
-1
-1
1
0
-1
-1
2
1
1
-1
-1
-3
-3
-1
0
1
2
-1
-3
-5
-4
-4
-3
-1
-3
-2
-2
-2
-2
-4
-3
-2
0
1
1
2
1
-1
-1
0
4
6
8
6
4
3
3
5
6
6
6
7
7
5
4
4
4
5
5
6
7
5
3
1
-1
-1
-1
1
1
0
-1
-3
-3
-3
-4
-4
-4
-3
-3
-3
-4
-7
-7
-7
-6
-5
-5
-3
-4
-5
-7
-7
-5
-4
-4
-5
-8
-6
-7
-7
-7
-7
-6
-7
-8
-9
-9
-10
-9
-9
-11
-11
-11
-8
-8
-10
-11
-10
-8
-10
-14
-16
-14
-10
-12
-12
-13
-12
-9
-10
-10
-7
-1
3
2
0
0
5
8
10
11
11
18
23
25
21
21
22
20
23
23
23
26
29
31
24
22
24
28
30
32
37
39
38
36
33
35
40
44
45
43
39
37
35
37
35
34
36
38
27
13
9
9
5
0
1
3
5
-3
-14
-18
-19
-21
-23
-26
-27
-25
-18
-18
-24
-28
-30
-25
-29
-33
-37
-35
-28
-32
-33
-37
-35
-33
-35
-34
-37
-30
-22
-20
-25
-28
-23
-20
-16
-19
-19
-17
-17
-18
-24
-23
-22
-21
-20
-21
-17
-11
-11
-16
-22
-17
-14
-11
-17
-28
-36
-34
-27
-21
-19
-26
-28
-26
-26
-33
-31
-23
-16
-9
-5
-3
1
5
-1
-5
0
8
14
7
1
-5
4
11
14
20
22
24
14
6
7
13
29
39
43
36
33
35
35
33
28
30
34
39
39
29
21
11
9
13
13
11
13
17
7
7
10
19
31
31
34
31
35
40
49
55
62
85
100
91
66
46
51
64
76
76
74
71
59
42
21
17
21
29
39
40
40
39
37
30
26
34
52
62
60
39
18
19
28
28
21
22
19
-4
-33
-60
-66
-66
-83
-111
-139
-160
-176
-196
-220
-239
-235
-233
-244
-265
-277
-270
-265
-270
-276
-265
-256
-249
-258
-272
-261
-221
-166
-152
-143
-94
1
86
103
96
112
168
216
249
308
392
466
478
456
448
473
527
553
536
491
463
440
385
316
258
235
228
216
165
100
51
16
-8
-26
-25
-13
-9
-37
-97
-126
-127
-107
-115
-140
-166
-189
-211
-261
-329
-385
-412
-418
-433
-485
-557
-631
-693
-728
-716
-672
-631
-645
-709
-777
-784
-731
-644
-560
-503
-470
-473
-448
-282
93
508
649
409
77
64
368
701
881
1001
1087
964
610
319
415
753
927
785
520
308
192
140
55
-103
-208
-90
168
277
99
-184
-300
-226
-63
165
466
700
643
358
122
139
387
681
855
811
667
552
484
374
242
228
369
522
486
249
-53
-301
-411
-376
-232
-92
-57
-167
-398
-607
-647
-505
-311
-193
-192
-255
-332
-441
-565
-635
-600
-526
-462
-477
-610
-828
-1013
-1101
-1108
-1048
-959
-867
-834
-893
-950
-865
-602
-343
-171
73
401
572
439
287
452
868
1158
1183
1175
1265
1202
866
604
675
838
793
573
320
19
-258
-366
-358
-435
-590
-614
-468
-415
-616
-819
-733
-502
-392
-306
-51
173
121
-51
-37
163
380
589
779
856
841
858
951
947
777
637
728
936
942
742
538
405
259
147
172
302
386
320
112
-135
-238
-164
-33
22
-10
-39
-14
-26
-155
-314
-364
-306
-238
-227
-296
-452
-654
-828
-935
-927
-829
-751
-818
-1039
-1266
-1374
-1326
-1190
-1050
-919
-836
-784
-646
-423
-240
-100
169
510
639
524
502
767
1074
1120
1023
1092
1267
1154
777
585
692
736
540
296
110
-95
-308
-435
-511
-647
-780
-737
-560
-547
-770
-895
-684
-443
-380
-280
12
229
169
59
144
381
622
825
1022
1183
1206
1049
816
670
686
864
1074
1099
879
560
282
50
-57
34
220
272
77
-248
-508
-569
-496
-424
-366
-286
-207
-196
-317
-512
-651
-612
-455
-333
-321
-432
-650
-923
-1097
-1124
-1056
-1031
-1127
-1326
-1502
-1538
-1459
-1368
-1326
-1284
-1160
-852
-365
67
232
197
245
471
743
975
1268
1648
1795
1541
1232
1290
1517
1462
1168
999
994
850
507
165
-136
-428
-666
-700
-621
-685
-911
-1079
-1107
-1173
-1239
-1014
-530
-224
-281
-322
-137
71
158
293
578
863
1014
1067
1139
1171
1094
1012
1059
1199
1288
1327
1258
992
594
333
352
503
612
580
415
167
-80
-235
-239
-122
5
68
43
-55
-167
-259
-318
-355
-299
-159
-70
-155
-409
-707
-918
-987
-958
-867
-866
-1030
-1295
-1528
-1676
-1706
-1633
-1515
-1420
-1370
-1366
-1338
-1148
-729
-239
72
189
334
640
853
773
715
1128
1745
1882
1516
1257
1353
1406
1154
886
857
906
673
233
-174
-503
-813
-978
-918
-849
-1001
-1191
-1208
-1231
-1446
-1482
-995
-320
-68
-214
-232
41
290
375
549
897
1210
1361
1429
1464
1391
1248
1229
1392
1521
1520
1454
1325
1011
570
294
343
523
546
365
133
-102
-328
-473
-464
-348
-218
-129
-143
-264
-425
-524
-522
-466
-404
-371
-381
-447
-629
-901
-1114
-1164
-1085
-1015
-1079
-1260
-1461
-1592
-1650
-1650
-1578
-1416
-1264
-1179
-1189
-1104
-728
-81
467
602
577
726
1027
1124
1115
1415
2022
2336
2032
1553
1439
1589
1547
1295
1122
1018
758
314
-106
-471
-827
-1055
-1036
-940
-1059
-1361
-1538
-1539
-1578
-1630
-1325
-663
-178
-195
-349
-244
52
306
520
862
1233
1450
1465
1437
1449
1417
1396
1492
1658
1655
1484
1295
1135
894
572
346
309
365
306
87
-189
-432
-612
-700
-675
-569
-480
-423
-440
-564
-746
-845
-786
-642
-582
-607
-649
-703
-831
-1039
-1188
-1176
-1056
-965
-1012
-1165
-1369
-1550
-1628
-1574
-1447
-1269
-1119
-1038
-1086
-1148
-897
-253
434
694
622
604
763
871
924
1204
1789
2213
2037
1547
1319
1408
1415
1185
989
892
731
369
-102
-591
-1035
-1309
-1291
-1087
-1013
-1230
-1492
-1582
-1590
-1596
-1309
-624
32
194
39
17
281
634
924
1224
1596
1932
2089
2085
2012
1850
1686
1710
1926
2075
1995
1736
1361
905
461
212
260
419
391
58
-388
-731
-906
-932
-846
-678
-531
-455
-501
-666
-867
-975
-924
-745
-555
-441
-450
-616
-901
-1199
-1328
-1261
-1071
-960
-1049
-1317
-1657
-1883
-1944
-1844
-1642
-1424
-1285
-1235
-1298
-1364
-1126
-464
278
677
782
849
921
885
853
1181
1933
2543
2467
1944
1593
1546
1479
1279
1189
1154
973
521
-67
-589
-1038
-1368
-1475
-1346
-1230
-1356
-1540
-1643
-1766
-1863
-1588
-841
-65
266
209
164
326
580
870
1274
1775
2149
2311
2332
2264
2064
1807
1726
1921
2157
2242
2096
1648
936
218
-126
3
329
421
92
-458
-1013
-1399
-1471
-1210
-819
-549
-521
-698
-935
-1100
-1129
-1012
-782
-507
-275
-175
-336
-758
-1161
-1266
-1025
-666
-492
-627
-979
-1396
-1730
-1842
-1672
-1361
-1178
-1161
-1241
-1337
-1403
-1255
-776
-70
574
914
940
787
562
479
904
1803
2624
2766
2285
1674
1324
1229
1278
1415
1463
1226
664
-11
-576
-1034
-1407
-1614
-1562
-1387
-1335
-1500
-1773
-2073
-2253
-2010
-1213
-259
298
328
178
120
295
696
1313
1990
2482
2558
2363
2133
2003
1907
2028
2765
3542
3347
2132
868
358
598
906
890
747
625
71
-1000
-1829
-1820
-1105
-399
-370
-892
-1426
-1492
-1338
-1388
-1507
-1236
-576
-12
-109
-843
-1471
-1520
-1108
-596
-244
-127
-454
-1163
-1890
-2173
-1839
-1223
-835
-1010
-1562
-1943
-1855
-1562
-1369
-1124
-524
381
1022
1090
672
123
-103
367
1474
2602
3088
2688
1783
1003
736
963
1514
1999
1878
1057
-13
-768
-1105
-1284
-1413
-1398
-1285
-1269
-1546
-1984
-2308
-2418
-2225
-1585
-679
80
391
333
158
92
387
1069
2033
2845
3103
2753
2287
2201
2515
2810
2947
3127
3207
2866
2100
1297
837
824
892
739
467
224
-208
-867
-1498
-1714
-1434
-919
-645
-843
-1343
-1679
-1658
-1447
-1211
-996
-723
-482
-499
-824
-1152
-1146
-846
-533
-424
-484
-687
-1025
-1407
-1671
-1656
-1375
-1059
-1055
-1414
-1797
-1842
-1613
-1280
-823
-177
500
805
663
257
-4
208
913
1785
2459
2678
2318
1601
982
807
1086
1602
1882
1478
552
-407
-1018
-1316
-1459
-1566
-1622
-1621
-1662
-1912
-2293
-2586
-2586
-2206
-1476
-666
-62
167
73
-131
-55
546
1525
2448
2924
2846
2500
2293
2297
2590
3182
3645
3578
3010
2377
1877
1512
1150
873
882
982
709
-37
-831
-1309
-1410
-1291
-1118
-1017
-995
-1080
-1394
-1790
-1900
-1538
-958
-538
-511
-769
-937
-944
-897
-839
-650
-402
-297
-469
-882
-1288
-1496
-1473
-1341
-1249
-1209
-1275
-1487
-1780
-1932
-1788
-1268
-523
210
688
702
234
-266
-160
582
1486
2096
2338
2280
1949
1383
838
765
1262
1839
1805
1090
182
-580
-1107
-1422
-1515
-1478
-1428
-1472
-1682
-2055
-2477
-2696
-2479
-1838
-1049
-385
72
268
154
-68
94
921
2076
2927
3186
3143
3177
3176
2900
2595
2685
3188
3655
3604
2928
1945
1139
631
404
459
732
798
281
-795
-1888
-2324
-1951
-1267
-906
-961
-1184
-1381
-1584
-1788
-1830
-1500
-882
-337
-230
-530
-973
-1310
-1412
-1250
-865
-412
-217
-547
-1281
-1940
-2045
-1620
-1100
-893
-1032
-1316
-1453
-1476
-1355
-969
-291
470
946
944
602
348
463
930
1597
2343
2849
2814
2204
1363
861
984
1488
1775
1405
627
-198
-867
-1368
-1776
-2062
-2102
-1959
-1846
-2016
-2424
-2825
-2927
-2563
-1830
-1011
-305
102
191
55
39
476
1358
2338
3078
3395
3328
3041
2766
2887
3397
3795
3774
3382
2880
2403
1850
1297
951
948
962
601
-62
-784
-1327
-1577
-1685
-1678
-1552
-1324
-1201
-1460
-1892
-2079
-1817
-1286
-871
-799
-901
-942
-965
-1061
-1156
-1034
-814
-702
-837
-1139
-1399
-1485
-1483
-1441
-1370
-1242
-1095
-1062
-1139
-1261
-1106
-502
373
1094
1304
926
338
185
714
1590
2293
2631
2579
2208
1687
1220
1098
1406
1724
1601
957
215
-427
-1018
-1562
-1947
-2083
-2003
-1927
-2078
-2498
-3028
-3348
-3237
-2629
-1766
-1012
-521
-324
-400
-508
-251
580
1709
2647
3216
3451
3413
3186
2982
3122
3653
4156
4260
3956
3424
2737
1986
1416
1212
1337
1465
1169
374
-616
-1433
-1836
-1840
-1599
-1344
-1219
-1324
-1733
-2241
-2490
-2267
-1706
-1166
-934
-990
-1224
-1534
-1799
-1831
-1569
-1202
-975
-1054
-1394
-1737
-1925
-1921
-1790
-1567
-1297
-1068
-1011
-1158
-1289
-984
-235
629
1223
1345
1068
660
580
1043
1903
2684
3046
2878
2429
1911
1507
1481
1809
2114
1830
1069
254
-413
-991
-1497
-1858
-1962
-1887
-1894
-2160
-2642
-3143
-3470
-3348
-2666
-1718
-968
-600
-590
-760
-812
-367
640
1834
2803
3359
3546
3327
2859
2655
3115
3998
4665
4688
4159
3381
2505
1699
1267
1408
1840
1913
1238
23
-1147
-1798
-1904
-1753
-1545
-1389
-1335
-1545
-2059
-2623
-2835
-2454
-1760
-1205
-1066
-1267
-1617
-1951
-2199
-2176
-1801
-1279
-1051
-1284
-1770
-2169
-2216
-1965
-1651
-1462
-1288
-1112
-1002
-1005
-824
-366
339
1115
1678
1689
1190
779
1008
1889
2850
3309
3126
2707
2260
1856
1658
1867
2256
2216
1523
616
-115
-677
-1249
-1788
-2020
-1973
-1882
-2022
-2488
-3149
-3740
-3858
-3285
-2292
-1467
-1059
-1043
-1137
-1174
-910
-95
1082
2164
2793
2996
3036
3036
3111
3437
3957
4471
4672
4482
4008
3341
2642
2163
2053
2163
2130
1682
834
-124
-870
-1272
-1427
-1426
-1420
-1536
-1770
-2117
-2432
-2599
-2521
-2281
-2002
-1808
-1772
-1913
-2128
-2322
-2389
-2262
-2030
-1896
-1963
-2179
-2349
-2357
-2194
-1943
-1760
-1622
-1485
-1312
-1037
-517
174
877
1429
1712
1622
1316
1298
1777
2608
3266
3489
3324
2965
2514
2100
1986
2248
2539
2321
1564
607
-189
-758
-1206
-1572
-1783
-1863
-1980
-2272
-2762
-3330
-3722
-3617
-3040
-2282
-1712
-1413
-1379
-1466
-1441
-980
-23
1224
2368
2990
3021
2788
2667
2778
3250
4003
4762
5106
4821
3965
2944
2296
2209
2486
2735
2597
1955
965
-63
-846
-1178
-1096
-861
-789
-1034
-1540
-2125
-2555
-2710
-2580
-2197
-1728
-1537
-1801
-2439
-2978
-3093
-2795
-2402
-2151
-2128
-2323
-2609
-2845
-2887
-2664
-2200
-1720
-1441
-1323
-1194
-797
-241
342
970
1582
1916
1744
1413
1557
2322
3120
3415
3267
3089
2850
2451
2100
2163
2458
2384
1700
833
159
-340
-810
-1332
-1720
-1900
-2006
-2119
-2396
-2896
-3451
-3631
-3183
-2410
-1837
-1609
-1603
-1712
-1793
-1578
-728
563
1701
2330
2412
2207
1928
1880
2367
3355
4376
4895
4682
3949
3000
2257
2076
2496
3095
3315
2777
1646
419
-329
-432
-195
46
4
-336
-871
-1505
-2072
-2410
-2342
-1937
-1508
-1404
-1710
-2361
-3005
-3405
-3354
-2907
-2405
-2203
-2458
-2995
-3495
-3623
-3340
-2768
-2227
-1793
-1515
-1316
-966
-461
196
943
1593
1891
1797
1755
2121
2767
3226
3367
3380
3402
3132
2595
2237
2387
2684
2477
1729
928
339
-116
-658
-1245
-1589
-1683
-1699
-1864
-2263
-2823
-3329
-3408
-2907
-2236
-1773
-1572
-1563
-1729
-1926
-1725
-953
160
1161
1677
1719
1710
1837
2029
2253
2644
3266
3890
4169
3880
3154
2514
2363
2594
2864
2897
2711
2255
1561
753
154
45
302
481
214
-412
-1066
-1472
-1677
-1813
-1854
-1796
-1669
-1729
-2075
-2598
-2987
-3101
-3133
-3192
-3169
-3058
-3020
-3241
-3647
-3861
-3696
-3200
-2638
-2159
-1619
-896
-209
347
834
1157
1223
1215
1704
2617
3468
3726
3445
3100
2901
2673
2503
2697
3135
3167
2368
1298
559
248
-15
-483
-948
-1235
-1422
-1633
-1930
-2345
-2844
-3188
-2999
-2393
-1849
-1588
-1518
-1561
-1760
-1915
-1547
-588
465
1037
1227
1480
1681
1554
1299
1462
2272
3245
3659
3425
2963
2561
2235
2067
2279
2756
3131
2927
2071
1066
544
637
920
981
787
531
221
-231
-871
-1446
-1598
-1288
-904
-927
-1400
-1988
-2506
-2948
-3217
-3150
-2846
-2636
-2884
-3547
-4133
-4153
-3734
-3353
-3222
-3036
-2514
-1639
-880
-329
245
785
1054
1007
1245
2102
3225
3781
3570
3135
3010
3029
2954
3002
3269
3382
2832
1808
967
552
397
97
-386
-899
-1302
-1586
-1753
-1988
-2473
-2976
-3040
-2473
-1748
-1384
-1394
-1564
-1729
-1890
-1637
-744
424
1225
1314
996
678
530
644
1130
1904
2679
2995
2656
1928
1246
1036
1428
2196
2844
2862
2267
1360
643
485
819
1327
1645
1564
1146
551
-17
-459
-671
-582
-307
-153
-360
-1012
-1835
-2534
-2890
-2826
-2472
-2206
-2355
-2989
-3771
-4242
-4203
-3780
-3369
-3070
-2771
-2407
-1940
-1465
-840
-3
774
1155
1187
1412
2159
3077
3574
3534
3412
3468
3334
2975
2828
3151
3453
3094
2091
1088
551
348
102
-386
-839
-1161
-1327
-1469
-1758
-2234
-2729
-2815
-2393
-1815
-1406
-1183
-1094
-1251
-1575
-1558
-743
565
1640
1916
1347
551
154
436
1174
1927
2389
2435
2097
1410
584
152
553
1453
2171
2129
1482
725
243
165
372
827
1387
1728
1513
795
-73
-551
-416
49
388
272
-179
-780
-1425
-2035
-2411
-2406
-2157
-2097
-2409
-2986
-3484
-3738
-3849
-3917
-3899
-3556
-2932
-2279
-1792
-1419
-850
-68
509
639
664
1261
2418
3432
3655
3395
3268
3295
3102
2752
2821
3291
3524
2929
1833
925
504
347
-16
-548
-971
-1155
-1264
-1522
-1999
-2552
-2802
-2534
-1974
-1640
-1559
-1463
-1301
-1285
-1368
-1097
-181
953
1719
1819
1360
814
548
766
1309
1941
2306
2200
1656
871
154
-64
401
1127
1576
1356
735
123
-202
-202
38
519
1099
1442
1291
724
50
-294
-184
227
594
618
242
-427
-1218
-1910
-2163
-1914
-1541
-1629
-2218
-3006
-3583
-3791
-3777
-3668
-3544
-3267
-2882
-2370
-1880
-1350
-656
15
374
399
665
1563
2858
3692
3678
3303
3172
3151
3021
3018
3413
3753
3375
2321
1293
770
636
480
15
-520
-956
-1247
-1487
-1778
-2194
-2634
-2637
-2142
-1596
-1414
-1472
-1498
-1487
-1489
-1263
-418
838
1829
1943
1283
629
547
1079
1761
2244
2367
2272
1901
1143
247
-199
159
887
1320
1045
319
-310
-637
-689
-574
-217
382
840
755
167
-415
-524
-182
226
438
374
124
-279
-851
-1454
-1797
-1727
-1428
-1362
-1752
-2404
-3035
-3439
-3616
-3666
-3521
-3122
-2552
-2032
-1844
-1702
-1226
-409
171
248
388
1148
2371
3272
3427
3216
3163
3076
2837
2819
3324
3882
3608
2491
1351
753
663
562
197
-258
-704
-1082
-1416
-1776
-2206
-2654
-2686
-2178
-1544
-1323
-1474
-1633
-1653
-1656
-1428
-565
728
1736
1897
1444
929
793
1122
1724
2343
2781
2849
2427
1624
757
298
493
1076
1485
1310
645
-118
-626
-830
-711
-306
208
499
296
-294
-877
-1018
-683
-161
175
177
-88
-553
-1068
-1519
-1775
-1696
-1384
-1239
-1571
-2173
-2699
-3006
-3108
-3176
-3113
-2781
-2090
-1430
-1165
-1027
-612
-121
-51
-168
314
1560
2845
3331
3055
2713
2607
2517
2401
2724
3382
3668
2950
1760
919
613
565
352
64
-236
-552
-875
-1220
-1664
-2270
-2663
-2442
-1687
-1156
-1171
-1479
-1725
-1856
-1863
-1353
-186
1123
1772
1468
810
414
614
1198
1905
2491
2748
2588
2009
1219
506
382
871
1544
1810
1416
581
-301
-815
-867
-487
125
634
639
6
-860
-1452
-1412
-870
-271
-29
-217
-684
-1278
-1836
-2204
-2145
-1741
-1402
-1493
-1974
-2437
-2714
-2813
-2865
-2799
-2467
-1883
-1194
-769
-477
-145
147
126
-11
458
1648
2938
3402
3053
2589
2382
2340
2351
2725
3252
3350
2595
1441
693
547
624
413
-8
-350
-567
-721
-943
-1309
-1957
-2483
-2332
-1491
-662
-531
-1001
-1703
-2174
-2190
-1442
58
1500
2001
1262
157
-361
70
1008
1908
2488
2585
2228
1473
615
101
296
1027
1674
1810
1369
661
-53
-532
-596
-191
560
1140
1088
279
-783
-1448
-1430
-915
-319
97
30
-657
-1781
-2744
-2992
-2526
-1787
-1472
-1750
-2363
-2884
-3162
-3267
-3180
-2748
-2002
-1166
-641
-487
-319
-35
129
84
397
1461
2868
3603
3379
2765
2421
2314
2256
2501
3147
3633
3247
1917
557
-75
52
362
372
72
-475
-1023
-1371
-1491
-1653
-1947
-2036
-1695
-1103
-731
-625
-752
-1118
-1576
-1673
-864
589
1769
1926
1117
202
-103
322
1106
1877
2366
2376
1818
861
-20
-317
174
969
1434
1299
737
118
-388
-603
-416
178
921
1298
1008
211
-573
-959
-849
-530
-187
28
-84
-754
-1839
-2773
-3083
-2704
-2113
-1873
-2068
-2522
-3046
-3517
-3759
-3455
-2571
-1333
-418
-123
-121
14
170
156
367
1328
2872
4031
4170
3622
3095
2756
2426
2391
3024
3917
4092
2985
1273
-24
-414
-213
51
139
-74
-575
-1202
-1786
-2239
-2528
-2397
-1793
-1027
-658
-738
-979
-1216
-1446
-1494
-819
607
1978
2341
1571
487
-57
216
943
1735
2388
2623
2244
1155
-124
-905
-622
370
1215
1392
871
25
-869
-1359
-1220
-439
632
1398
1329
458
-566
-1098
-951
-486
4
375
410
-146
-1243
-2359
-2992
-2942
-2493
-2150
-2132
-2395
-2871
-3546
-4148
-4273
-3642
-2372
-1102
-349
-60
-31
-235
-576
-421
766
2603
4007
4269
3807
3348
3025
2680
2611
3239
4169
4437
3485
1989
790
248
104
20
-1
-103
-411
-906
-1484
-2104
-2693
-2874
-2336
-1412
-804
-751
-1027
-1409
-1806
-1898
-1036
659
2141
2468
1620
632
257
622
1284
1954
2510
2762
2478
1599
510
-247
-204
347
908
1096
850
328
-411
-1132
-1437
-967
161
1148
1286
533
-510
-1151
-1137
-658
-29
548
668
44
-1134
-2226
-2664
-2492
-2092
-1982
-2192
-2537
-2975
-3492
-4026
-4215
-3762
-2682
-1578
-879
-484
-377
-635
-1088
-902
423
2401
3850
4115
3652
3110
2715
2540
2905
3908
4804
4721
3505
2016
997
642
653
723
745
513
-26
-768
-1518
-2198
-2729
-2742
-2142
-1331
-962
-1109
-1502
-2008
-2476
-2439
-1331
453
1844
1993
1055
67
-220
291
1192
2142
2836
2958
2425
1344
298
-133
264
1000
1427
1315
805
171
-496
-1019
-1098
-575
328
989
957
295
-517
-1043
-1127
-821
-240
351
417
-252
-1369
-2298
-2585
-2344
-1959
-1846
-2001
-2405
-2995
-3658
-4086
-3938
-3098
-1948
-1169
-828
-713
-863
-1331
-1634
-888
881
2639
3353
3082
2665
2453
2293
2295
2931
4058
4766
4255
2919
1676
1046
946
958
996
1073
927
449
-292
-1066
-1761
-2173
-1963
-1270
-688
-621
-931
-1419
-2014
-2477
-2206
-885
728
1595
1172
129
-505
-423
177
995
1887
2507
2473
1732
664
-16
134
879
1500
1664
1369
873
301
-293
-572
-317
438
1184
1356
817
12
-543
-668
-570
-306
145
439
98
-892
-1950
-2477
-2469
-2265
-2167
-2166
-2162
-2355
-2949
-3744
-4159
-3714
-2478
-1228
-433
-168
-465
-1204
-1906
-1591
-36
1973
3219
3175
2496
1808
1367
1330
2059
3356
4351
4197
2999
1655
776
554
676
900
1142
1174
929
359
-386
-1184
-1734
-1565
-742
95
304
-102
-841
-1681
-2268
-2062
-787
809
1644
1056
-274
-1146
-1098
-399
406
1137
1619
1649
1066
9
-834
-885
-84
923
1504
1415
944
354
-242
-578
-342
576
1621
2072
1606
601
-160
-341
-123
187
577
848
553
-422
-1635
-2334
-2287
-1854
-1680
-1904
-2276
-2623
-2980
-3465
-3732
-3373
-2328
-1219
-485
-219
-504
-1194
-1809
-1470
-65
1691
2789
2859
2363
1658
1017
776
1509
2890
3836
3538
2340
1200
483
206
223
549
1058
1239
929
237
-495
-1123
-1460
-1158
-260
710
1090
825
81
-900
-1667
-1551
-192
1514
2368
1696
180
-997
-1287
-779
27
810
1266
1164
382
-833
-1751
-1833
-1151
-295
262
358
101
-377
-945
-1257
-908
161
1398
1970
1594
630
-149
-321
47
665
1297
1571
1115
3
-1300
-2040
-1944
-1368
-998
-1174
-1688
-2245
-2775
-3289
-3526
-3066
-1961
-803
-71
74
-426
-1330
-1977
-1557
-46
1744
2829
2859
2191
1230
383
194
1106
2604
3591
3313
2096
793
-95
-428
-338
135
790
1127
920
238
-574
-1287
-1617
-1212
-159
959
1542
1459
763
-223
-972
-738
659
2310
3110
2480
1048
-204
-688
-368
428
1285
1707
1368
322
-1050
-2056
-2246
-1690
-911
-400
-425
-885
-1526
-2083
-2265
-1864
-846
318
972
843
144
-507
-726
-448
222
1051
1515
1191
190
-987
-1628
-1519
-902
-443
-520
-1095
-1882
-2538
-2924
-2851
-2129
-1050
-133
373
373
-226
-1160
-1652
-997
641
2284
3033
2766
2022
1107
351
314
1306
2664
3246
2584
1310
254
-300
-411
-299
34
386
495
283
-150
-647
-1141
-1358
-974
-110
720
1134
1157
775
107
-372
45
1388
2784
3328
2693
1568
685
417
650
1162
1714
1891
1503
582
-526
-1357
-1627
-1441
-1110
-913
-1039
-1458
-2052
-2549
-2680
-2330
-1596
-869
-494
-589
-966
-1263
-1275
-973
-392
251
561
297
-375
-1076
-1432
-1347
-932
-536
-405
-690
-1283
-1916
-2284
-2062
-1249
-279
512
1003
952
204
-821
-1133
-262
1296
2560
2943
2604
1902
977
195
277
1376
2607
2863
1976
671
-368
-924
-1073
-893
-406
30
136
-195
-814
-1423
-1775
-1544
-715
269
899
1053
883
413
-165
-264
630
2135
3319
3418
2533
1498
954
1066
1585
2230
2698
2652
1969
797
-308
-805
-646
-278
-110
-331
-863
-1516
-2137
-2537
-2553
-2063
-1361
-1026
-1262
-1848
-2287
-2350
-2050
-1457
-814
-507
-721
-1306
-1858
-2028
-1791
-1340
-892
-646
-729
-1144
-1623
-1846
-1649
-874
114
933
1470
1618
1181
317
-195
265
1479
2684
3222
3037
2423
1574
768
553
1216
2187
2568
1977
930
-13
-627
-929
-974
-705
-378
-278
-521
-1041
-1623
-2034
-1985
-1323
-393
290
512
395
78
-265
-248
461
1656
2623
2783
2170
1483
1179
1295
1657
2125
2596
2763
2392
1539
647
151
211
516
669
535
193
-263
-906
-1553
-1834
-1555
-923
-560
-823
-1550
-2285
-2671
-2636
-2227
-1677
-1342
-1475
-2092
-2841
-3234
-3068
-2596
-2100
-1775
-1699
-1845
-2137
-2337
-2246
-1584
-472
629
1439
1788
1568
880
301
547
1689
3046
3783
3665
3078
2376
1684
1324
1631
2363
2772
2309
1299
353
-285
-654
-859
-788
-544
-372
-423
-810
-1388
-1955
-2125
-1726
-911
-154
275
324
80
-311
-536
-97
953
1972
2328
2000
1506
1222
1172
1267
1510
1907
2204
2102
1572
901
429
314
404
535
629
618
439
19
-491
-767
-612
-124
196
12
-584
-1253
-1700
-1821
-1656
-1438
-1413
-1743
-2346
-2978
-3372
-3454
-3356
-3125
-2894
-2738
-2730
-2857
-3027
-3044
-2620
-1616
-385
625
1196
1213
759
284
470
1531
2958
3911
3997
3476
2840
2302
2072
2337
2923
3296
2958
2022
999
271
-146
-403
-564
-550
-484
-510
-729
-1193
-1807
-2227
-1993
-1165
-314
150
248
120
-183
-450
-241
586
1530
1934
1652
1171
1023
1143
1254
1329
1480
1684
1735
1459
897
337
72
67
168
302
422
437
224
-176
-510
-487
-67
443
603
284
-306
-847
-1072
-1048
-926
-918
-1173
-1682
-2310
-2875
-3258
-3390
-3336
-3205
-3123
-3142
-3273
-3470
-3585
-3505
-2931
-1899
-736
241
672
413
-252
-502
209
1651
3090
3835
3738
3110
2396
1984
2199
3006
3736
3719
2839
1742
917
539
408
276
129
34
-33
-163
-511
-1074
-1622
-1763
-1302
-477
300
736
591
-36
-618
-607
114
1126
1842
1947
1566
1060
644
481
717
1247
1758
1907
1550
891
282
-50
-122
-16
241
534
612
329
-212
-627
-643
-289
170
439
377
11
-484
-871
-974
-869
-786
-927
-1202
-1564
-2021
-2463
-2804
-2991
-3030
-2945
-2815
-2747
-2863
-3164
-3509
-3418
-2659
-1551
-579
-133
-242
-611
-784
-435
449
1612
2536
2839
2562
2109
1819
1939
2465
3005
3143
2756
2179
1630
1199
872
595
480
565
690
621
312
-150
-607
-868
-708
-138
508
860
697
197
-282
-419
-139
407
914
1199
1139
846
503
288
271
486
883
1280
1415
1135
569
4
-230
-90
263
586
695
508
119
-245
-386
-270
-22
134
70
-110
-353
-643
-916
-1080
-1162
-1248
-1427
-1665
-1915
-2093
-2243
-2446
-2613
-2692
-2635
-2512
-2425
-2466
-2487
-2184
-1552
-946
-699
-623
-420
-134
-22
-26
347
1124
1750
1687
1261
1105
1377
1700
1760
1648
1541
1457
1239
875
549
480
668
837
778
527
394
516
675
611
432
483
797
1073
1060
854
753
787
773
596
418
405
522
578
406
196
153
335
496
474
334
282
386
429
361
256
217
207
160
116
162
312
449
423
232
94
150
243
190
-109
-462
-715
-854
-996
-1274
-1636
-2002
-2247
-2420
-2561
-2644
-2611
-2509
-2451
-2445
-2438
-2237
-1848
-1453
-1251
-1096
-631
37
394
236
-18
123
638
1065
1250
1342
1443
1340
945
610
652
1031
1362
1268
709
148
13
227
428
416
386
501
749
855
713
583
678
938
1142
1200
1215
1234
1120
776
379
204
344
546
537
293
-2
-139
-161
-151
-112
8
196
311
248
46
-96
-33
168
303
287
212
185
201
214
270
418
540
528
340
129
23
-45
-184
-435
-648
-792
-938
-1238
-1573
-1813
-1955
-2030
-2064
-1971
-1803
-1630
-1556
-1641
-1725
-1574
-1042
-399
-56
-30
-67
60
331
644
892
988
972
891
871
933
1020
1045
933
678
367
247
373
508
463
254
125
161
364
572
668
727
758
793
809
886
950
963
902
818
770
684
530
247
-45
-241
-246
-112
-33
-121
-349
-476
-439
-302
-145
4
109
144
139
125
156
239
289
328
421
593
684
649
559
443
287
121
30
20
-42
-250
-580
-870
-1005
-1086
-1209
-1426
-1607
-1705
-1746
-1796
-1841
-1794
-1703
-1532
-1283
-1008
-831
-786
-721
-548
-242
19
209
341
427
472
464
523
651
807
874
803
678
588
595
619
647
654
659
646
642
688
787
939
1041
1056
1023
1013
1089
1141
1095
926
784
748
736
678
528
327
76
-172
-398
-486
-428
-344
-372
-543
-664
-633
-485
-357
-295
-226
-152
-89
-52
7
143
303
368
321
291
376
569
751
748
547
231
-24
-168
-216
-245
-330
-511
-818
-1135
-1365
-1428
-1407
-1401
-1475
-1551
-1575
-1535
-1480
-1403
-1253
-1051
-847
-697
-570
-413
-262
-175
-89
95
357
577
628
497
323
310
446
577
636
679
711
685
582
531
601
785
953
990
914
834
870
980
1055
1051
1035
1040
1000
802
536
422
492
604
544
318
36
-239
-465
-628
-651
-522
-385
-432
-667
-890
-911
-735
-518
-332
-156
68
247
256
164
87
148
321
557
721
795
763
645
454
231
138
166
268
215
-45
-395
-694
-881
-1065
-1203
-1255
-1205
-1201
-1355
-1601
-1770
-1720
-1486
-1194
-1011
-955
-991
-1007
-892
-641
-345
-145
-131
-231
-280
-145
130
385
481
458
436
473
545
620
700
780
856
916
963
1032
1093
1112
1082
1048
1057
1148
1245
1240
1111
927
761
656
624
663
711
675
472
150
-145
-301
-284
-188
-123
-183
-350
-537
-647
-611
-432
-205
-43
0
-25
-18
11
55
126
251
408
550
621
608
537
480
460
458
452
422
380
254
49
-187
-377
-480
-559
-688
-886
-1103
-1267
-1359
-1412
-1456
-1493
-1499
-1478
-1451
-1462
-1518
-1522
-1444
-1299
-1149
-1011
-891
-826
-826
-783
-543
-149
203
359
312
260
343
557
787
948
1072
1159
1200
1193
1155
1102
1106
1154
1184
1156
1143
1142
1075
907
653
467
457
627
775
727
457
94
-193
-334
-298
-170
-59
-90
-254
-430
-450
-284
-105
-32
-26
20
130
245
260
210
169
223
353
496
592
600
550
455
375
354
412
462
401
228
63
-20
-44
-94
-228
-421
-613
-726
-777
-826
-911
-1048
-1186
-1297
-1352
-1355
-1320
-1261
-1226
-1235
-1248
-1186
-1071
-957
-905
-910
-873
-694
-388
-77
101
112
56
63
224
527
839
1037
1013
831
663
672
850
1057
1164
1122
1004
893
832
830
840
791
697
604
571
559
512
408
257
114
3
-47
-73
-125
-199
-259
-282
-239
-117
28
99
61
16
51
207
402
512
496
418
384
422
522
619
657
648
632
613
567
467
323
193
64
-6
-14
-22
-160
-482
-835
-1022
-1005
-918
-931
-1086
-1309
-1486
-1552
-1519
-1387
-1258
-1196
-1208
-1229
-1179
-1070
-914
-795
-749
-703
-597
-409
-232
-124
-128
-181
-153
-9
212
392
494
498
441
417
491
652
822
950
971
935
908
936
971
931
859
787
746
738
754
720
599
416
243
174
209
274
247
118
-36
-122
-107
-20
50
34
3
60
209
374
526
625
652
626
614
704
885
1061
1070
913
720
642
672
690
605
405
163
-68
-208
-281
-330
-475
-768
-1110
-1346
-1391
-1334
-1300
-1402
-1600
-1780
-1824
-1690
-1441
-1213
-1108
-1098
-1056
-914
-718
-498
-322
-230
-195
-134
-1
124
185
163
86
21
16
93
192
256
249
199
166
213
305
405
467
509
559
633
729
768
749
692
656
677
738
782
747
651
524
389
261
184
187
203
180
99
14
-34
-44
-17
27
88
149
242
354
453
520
557
602
667
777
930
1042
1040
918
786
731
753
779
698
519
303
96
-124
-355
-585
-767
-893
-1026
-1181
-1377
-1587
-1799
-1950
-1978
-1862
-1672
-1526
-1475
-1495
-1480
-1334
-1076
-807
-590
-419
-254
-142
-101
-87
-28
82
204
259
261
243
201
149
85
92
200
374
481
461
366
318
372
472
599
731
804
797
713
610
564
599
687
745
735
657
538
404
287
186
150
198
250
243
163
79
7
-19
37
153
293
416
530
601
639
691
766
856
969
1088
1143
1122
1034
934
832
748
683
602
494
307
64
-202
-456
-681
-868
-1023
-1184
-1365
-1544
-1662
-1724
-1758
-1777
-1747
-1655
-1525
-1388
-1288
-1193
-1056
-904
-772
-655
-502
-307
-132
-42
-44
-52
-7
52
92
117
150
155
133
130
143
175
218
271
313
346
374
391
391
412
497
588
653
652
606
560
538
508
446
371
305
238
129
-9
-144
-207
-196
-144
-124
-122
-106
-97
-76
-38
49
198
377
556
699
799
867
892
908
957
1060
1165
1207
1147
1017
847
664
518
409
326
212
49
-170
-445
-750
-1020
-1159
-1196
-1238
-1359
-1518
-1633
-1646
-1594
-1529
-1442
-1325
-1186
-1050
-931
-810
-706
-605
-483
-346
-213
-92
-17
-13
-48
-63
-13
49
71
46
11
26
82
144
189
228
301
395
470
524
586
650
686
703
741
829
891
864
725
557
444
404
388
304
143
-61
-233
-334
-382
-381
-349
-308
-286
-278
-257
-187
-41
117
269
423
620
832
988
1055
1052
1052
1109
1203
1259
1239
1148
1005
816
636
494
386
264
90
-157
-410
-616
-784
-935
-1103
-1261
-1384
-1455
-1476
-1481
-1475
-1452
-1421
-1353
-1233
-1068
-904
-745
-609
-509
-430
-366
-305
-245
-172
-111
-82
-74
-71
-78
-108
-140
-138
-60
75
213
307
348
381
415
469
550
659
788
895
922
855
738
665
654
673
667
607
498
342
175
16
-133
-258
-349
-418
-467
-504
-543
-598
-655
-694
-661
-543
-338
-126
41
163
295
469
654
817
935
1039
1122
1175
1160
1102
1046
992
923
817
645
436
212
26
-121
-255
-401
-580
-749
-928
-1089
-1172
-1161
-1102
-1056
-1029
-1027
-1024
-1007
-961
-854
-718
-561
-435
-353
-307
-272
-261
-270
-279
-244
-106
56
147
98
-17
-95
-73
59
239
424
557
590
526
439
428
523
679
812
870
855
812
758
687
604
536
489
446
398
294
138
-67
-295
-493
-603
-605
-530
-489
-545
-673
-776
-765
-650
-489
-328
-190
-72
46
173
291
414
547
682
808
900
942
920
858
782
736
700
665
571
411
209
1
-187
-354
-472
-575
-670
-789
-912
-1021
-1075
-1058
-1013
-956
-915
-878
-846
-793
-720
-648
-577
-508
-428
-349
-259
-198
-187
-222
-226
-132
8
112
131
94
58
88
193
346
506
623
674
660
640
658
718
810
877
906
908
898
869
798
689
565
465
401
341
252
114
-66
-259
-433
-542
-569
-508
-429
-413
-480
-575
-591
-514
-362
-192
-30
116
225
291
327
383
487
622
724
783
786
743
664
567
520
517
519
439
264
46
-145
-274
-364
-443
-519
-602
-698
-821
-937
-1003
-1011
-990
-964
-946
-930
-882
-823
-778
-749
-697
-599
-486
-391
-316
-261
-223
-201
-162
-83
29
140
185
169
165
225
336
466
582
683
753
783
789
795
830
905
976
1011
1007
961
855
710
573
461
375
309
238
112
-61
-249
-400
-472
-468
-436
-431
-460
-501
-527
-510
-447
-348
-250
-153
-57
42
137
217
289
336
391
467
564
637
658
613
504
405
355
336
318
257
129
-47
-213
-335
-428
-498
-543
-596
-679
-783
-868
-916
-929
-927
-922
-908
-883
-851
-851
-860
-848
-768
-639
-507
-382
-301
-279
-294
-268
-169
-15
134
244
291
287
286
307
394
537
697
815
856
845
816
832
880
941
978
974
942
893
833
736
600
449
313
217
151
65
-44
-185
-319
-410
-433
-404
-361
-315
-307
-331
-343
-342
-291
-211
-110
-9
66
127
170
199
237
289
369
465
527
541
524
500
467
436
407
374
306
200
78
-42
-147
-245
-340
-417
-493
-551
-612
-670
-705
-722
-741
-781
-826
-860
-876
-854
-798
-763
-741
-718
-674
-599
-506
-416
-337
-261
-185
-103
5
118
217
262
263
276
329
426
523
580
599
582
567
554
552
574
636
687
657
564
446
343
261
194
127
64
-11
-120
-231
-304
-349
-379
-383
-358
-300
-236
-199
-198
-214
-220
-192
-133
-52
41
106
126
114
104
131
204
295
393
461
487
469
447
431
426
444
446
402
304
192
106
43
-29
-117
-178
-213
-250
-298
-364
-436
-501
-554
-607
-656
-685
-695
-697
-701
-706
-703
-660
-589
-505
-444
-414
-371
-292
-179
-65
57
173
239
239
204
203
280
412
540
615
633
603
553
509
483
491
512
534
525
470
362
223
93
0
-34
-13
16
13
-40
-141
-230
-265
-225
-147
-76
-41
-50
-95
-159
-221
-246
-210
-100
21
99
102
40
-12
-13
81
236
392
481
489
435
376
351
369
417
451
441
402
326
240
154
69
16
-1
6
-8
-54
-123
-207
-298
-407
-481
-497
-484
-488
-529
-599
-659
-685
-652
-570
-472
-385
-346
-340
-335
-296
-218
-108
19
116
150
128
111
128
185
256
325
384
405
379
324
269
249
251
283
311
296
235
126
9
-89
-131
-112
-56
-21
-42
-107
-192
-236
-204
-125
-50
-29
-47
-92
-133
-165
-185
-158
-103
-46
1
18
8
-8
-15
15
87
190
272
308
291
241
202
203
237
257
257
231
193
144
89
43
30
36
32
16
-18
-64
-130
-210
-284
-339
-343
-324
-319
-351
-411
-459
-459
-398
-314
-236
-203
-216
-215
-172
-100
-23
44
77
79
85
108
155
213
255
269
268
282
308
322
316
306
314
320
320
328
319
277
226
175
135
108
89
61
26
1
-13
-34
-48
-55
-67
-83
-102
-113
-133
-156
-157
-142
-110
-81
-64
-62
-71
-66
-29
37
120
179
194
174
158
169
190
208
234
244
223
167
101
50
16
-17
-64
-113
-150
-177
-202
-236
-285
-332
-384
-401
-399
-393
-391
-399
-402
-423
-429
-400
-335
-257
-205
-183
-160
-115
-60
-13
16
38
48
58
82
111
126
128
135
147
162
168
174
175
173
178
187
221
255
263
241
202
189
195
206
206
186
166
131
98
68
35
33
31
6
-41
-107
-158
-190
-202
-191
-182
-154
-127
-112
-109
-103
-64
9
116
229
320
348
333
316
320
369
435
489
490
420
329
250
198
180
164
135
77
2
-81
-185
-274
-345
-386
-385
-356
-342
-366
-417
-482
-533
-538
-463
-337
-229
-182
-189
-225
-251
-226
-136
-10
90
111
50
-32
-70
-54
-22
5
30
43
25
-16
-53
-54
-2
75
125
154
180
191
167
133
123
172
232
258
231
162
92
44
34
34
41
34
-1
-54
-114
-163
-197
-203
-190
-190
-188
-165
-144
-116
-90
-38
41
144
251
326
362
370
369
381
400
435
467
468
429
351
264
191
148
126
94
34
-53
-139
-208
-271
-330
-385
-422
-441
-450
-448
-443
-447
-466
-492
-488
-431
-348
-286
-267
-261
-241
-207
-160
-114
-81
-68
-71
-69
-50
-18
10
15
6
15
51
88
123
139
145
150
164
186
208
224
216
187
153
126
121
133
155
148
102
45
-1
-24
-31
-35
-58
-88
-115
-142
-163
-172
-166
-164
-163
-131
-89
-29
36
105
184
257
347
426
481
510
521
535
545
554
555
525
473
409
334
251
183
146
117
77
17
-63
-131
-188
-224
-246
-266
-284
-306
-319
-334
-351
-374
-392
-396
-383
-353
-331
-316
-319
-308
-278
-232
-167
-115
-100
-127
-139
-120
-61
3
37
44
46
73
103
126
143
167
187
198
210
205
182
140
82
39
27
51
74
52
-10
-89
-133
-139
-126
-119
-142
-188
-241
-274
-283
-255
-212
-188
-174
-164
-128
-66
6
88
167
249
306
355
408
447
483
488
467
444
442
439
409
330
230
143
87
65
47
10
-58
-131
-196
-239
-265
-281
-287
-307
-326
-340
-336
-321
-311
-305
-293
-259
-227
-217
-232
-245
-234
-197
-156
-126
-100
-81
-70
-84
-96
-61
16
106
161
157
117
89
98
143
203
252
264
242
195
150
119
94
83
72
55
36
11
-31
-89
-146
-177
-172
-161
-161
-196
-250
-305
-332
-313
-267
-213
-175
-159
-145
-134
-103
-32
72
188
268
317
338
352
367
372
367
354
357
349
321
258
172
92
32
1
-24
-55
-85
-142
-208
-274
-317
-328
-330
-335
-353
-373
-375
-355
-333
-312
-292
-268
-230
-201
-180
-162
-143
-106
-57
-19
13
20
26
20
17
48
103
172
218
245
256
260
258
261
270
291
311
311
290
245
195
158
121
91
71
51
32
2
-36
-82
-121
-153
-183
-201
-218
-226
-234
-247
-257
-266
-247
-217
-181
-141
-95
-56
-21
31
98
188
266
324
347
351
358
361
369
367
362
353
335
297
251
190
146
110
71
33
-8
-51
-104
-163
-229
-275
-301
-306
-312
-318
-319
-337
-351
-358
-361
-352
-330
-295
-258
-220
-182
-160
-133
-110
-79
-28
34
89
128
171
217
277
337
377
416
443
469
488
483
457
418
388
362
341
321
285
233
168
109
71
53
38
4
-44
-92
-139
-158
-160
-164
-177
-196
-213
-217
-212
-195
-171
-156
-134
-126
-110
-62
-2
61
104
130
146
170
203
232
246
245
229
217
218
209
185
147
105
70
32
2
-22
-50
-82
-123
-163
-209
-241
-264
-289
-306
-321
-336
-348
-367
-382
-389
-393
-392
-386
-365
-336
-299
-263
-240
-232
-217
-176
-120
-50
28
91
137
174
215
266
322
366
395
412
414
416
402
376
342
303
271
235
203
161
118
87
62
34
-5
-57
-109
-146
-166
-179
-195
-210
-212
-198
-187
-173
-163
-154
-139
-105
-60
-20
20
70
121
169
208
240
253
261
269
287
308
313
312
293
269
232
200
173
143
117
110
101
80
48
-2
-63
-108
-124
-116
-102
-110
-139
-174
-208
-234
-245
-243
-246
-254
-262
-255
-251
-244
-244
-251
-247
-232
-205
-176
-140
-113
-94
-69
-30
10
57
106
146
171
177
179
177
190
206
215
200
171
145
113
81
49
21
-13
-40
-68
-113
-166
-220
-260
-289
-307
-309
-302
-291
-291
-299
-296
-283
-254
-201
-151
-103
-67
-34
-6
22
63
117
165
200
225
228
230
241
259
271
261
235
201
173
150
133
121
115
95
65
25
-10
-23
-25
-23
-22
-27
-36
-48
-73
-97
-115
-125
-125
-124
-129
-144
-166
-190
-201
-190
-173
-157
-144
-132
-117
-95
-70
-49
-31
-6
32
73
99
109
116
128
146
174
197
195
174
158
156
157
156
152
134
95
54
22
-7
-35
-70
-106
-150
-187
-202
-210
-205
-194
-194
-200
-202
-181
-138
-93
-63
-45
-23
18
75
121
147
157
156
163
184
223
258
272
258
222
190
181
193
207
215
208
190
165
132
105
86
83
84
87
82
67
45
17
-19
-44
-44
-30
-15
-23
-50
-69
-71
-60
-46
-26
-25
-32
-33
-39
-40
-30
-13
6
30
51
64
72
69
70
66
76
109
137
148
124
84
45
27
33
38
45
38
6
-31
-71
-104
-125
-138
-143
-147
-163
-197
-223
-245
-247
-228
-220
-211
-195
-168
-153
-153
-143
-117
-68
-22
9
33
48
51
49
58
78
113
134
131
105
66
47
46
58
80
107
120
108
66
25
2
8
34
49
51
34
6
-29
-63
-84
-91
-78
-65
-73
-85
-102
-113
-103
-78
-37
-3
10
13
12
24
39
51
72
105
139
166
178
171
163
154
163
180
199
199
158
107
57
25
20
19
6
-24
-71
-111
-139
-151
-158
-166
-169
-173
-177
-192
-205
-200
-191
-170
-154
-140
-123
-104
-85
-80
-62
-34
-3
25
39
50
52
49
40
38
54
64
65
54
23
-10
-37
-47
-36
-27
-19
-18
-28
-44
-59
-70
-66
-62
-52
-46
-48
-53
-76
-97
-109
-115
-116
-118
-122
-127
-135
-139
-134
-129
-111
-85
-73
-60
-40
-7
29
58
81
97
118
151
196
236
256
262
256
250
250
246
243
224
192
154
111
80
51
23
-13
-69
-126
-174
-198
-202
-201
-210
-223
-235
-241
-216
-183
-158
-138
-116
-84
-49
-7
30
63
80
92
118
153
185
206
198
177
156
150
157
165
161
130
96
61
44
52
61
65
47
18
-7
-23
-9
5
11
1
-21
-34
-37
-30
-27
-38
-61
-94
-129
-140
-129
-116
-109
-129
-155
-170
-157
-121
-80
-47
-34
-24
-11
12
37
60
89
129
165
182
186
184
174
170
167
170
173
157
124
79
32
-9
-39
-62
-91
-119
-157
-202
-237
-262
-263
-253
-244
-235
-221
-205
-191
-172
-146
-101
-51
-4
49
79
93
96
110
142
179
210
213
197
170
149
142
138
129
117
110
99
86
66
42
29
19
22
23
18
14
0
-11
-19
-14
-3
3
6
-14
-39
-66
-91
-103
-110
-108
-119
-137
-146
-150
-154
-159
-156
-136
-110
-73
-49
-42
-43
-42
-12
42
101
136
152
149
144
154
162
171
176
175
169
148
115
77
37
-3
-36
-66
-91
-114
-147
-186
-221
-245
-250
-241
-222
-210
-199
-188
-176
-151
-111
-61
-14
25
44
61
82
107
131
146
154
153
155
157
151
136
120
97
91
98
115
120
107
88
69
61
59
67
76
71
58
39
28
29
36
38
33
13
-22
-49
-67
-67
-68
-66
-68
-84
-99
-117
-125
-117
-105
-82
-67
-45
-24
-7
4
9
19
45
86
126
147
147
141
142
150
157
169
172
159
131
100
67
37
14
-13
-41
-69
-98
-124
-152
-177
-201
-223
-236
-228
-216
-216
-212
-218
-205
-171
-125
-82
-58
-45
-47
-38
-9
25
57
61
50
32
18
19
25
41
49
53
53
47
46
38
41
56
69
78
77
78
68
63
59
66
83
99
99
77
53
27
2
-5
0
10
8
0
-13
-39
-55
-63
-49
-24
0
12
8
0
-6
-5
9
25
44
57
67
87
108
127
126
119
108
108
116
124
118
85
43
8
-15
-26
-31
-46
-67
-84
-105
-112
-114
-120
-120
-124
-123
-127
-129
-123
-108
-95
-89
-75
-53
-39
-27
-27
-25
-13
-9
-7
1
7
2
-11
-26
-31
-15
8
24
29
23
19
25
44
64
83
89
93
93
86
81
80
84
91
96
95
79
54
25
-8
-18
-9
3
-1
-18
-39
-52
-54
-45
-24
-4
9
28
39
36
28
23
31
50
77
100
111
108
92
70
60
69
83
91
92
88
64
21
-20
-49
-55
-52
-49
-59
-82
-105
-130
-145
-141
-122
-96
-83
-84
-92
-98
-99
-91
-72
-48
-31
-24
-31
-51
-70
-71
-59
-34
-10
-3
-10
-28
-46
-54
-44
-13
23
47
52
47
43
46
61
79
100
120
123
115
101
86
82
76
70
58
43
29
7
-17
-33
-43
-47
-49
-48
-54
-63
-73
-82
-73
-56
-37
-20
-7
-3
-8
-15
-9
16
45
71
86
87
74
56
38
29
31
41
43
38
17
-12
-44
-66
-71
-65
-56
-49
-48
-60
-79
-87
-85
-69
-53
-42
-36
-39
-36
-33
-36
-34
-23
-5
13
24
20
-2
-20
-31
-23
-11
5
14
2
-15
-30
-32
-14
16
49
69
81
83
85
93
102
112
115
121
124
122
108
79
51
30
13
-1
-12
-28
-45
-65
-88
-108
-117
-118
-112
-112
-114
-118
-119
-113
-102
-83
-62
-41
-22
-16
-7
7
32
54
65
71
67
60
55
45
35
30
25
16
0
-20
-42
-55
-66
-66
-63
-62
-64
-71
-82
-90
-81
-60
-35
-22
-12
-5
6
22
37
47
58
77
89
88
78
66
53
55
59
64
66
54
40
25
21
26
38
54
69
78
81
80
79
83
95
106
113
114
108
98
84
72
55
42
32
23
16
11
0
-22
-48
-76
-96
-102
-97
-94
-101
-116
-121
-114
-98
-83
-73
-61
-51
-38
-26
-11
9
29
39
40
42
46
50
54
50
36
25
20
23
10
-11
-44
-66
-70
-67
-60
-71
-83
-101
-110
-108
-91
-66
-60
-61
-62
-60
-48
-28
0
19
29
32
27
22
18
21
19
23
31
35
34
24
12
-7
-18
-13
3
20
25
18
1
-19
-26
-16
8
28
35
33
23
17
16
18
16
15
16
12
14
8
-4
-22
-38
-50
-56
-57
-54
-56
-65
-77
-85
-78
-61
-44
-31
-27
-28
-24
-11
17
41
58
55
46
44
53
63
66
65
59
56
57
54
40
17
-5
-21
-27
-27
-27
-35
-51
-71
-86
-86
-71
-53
-47
-53
-60
-63
-50
-26
1
17
22
20
17
22
32
44
51
54
54
53
49
42
32
22
19
28
41
51
45
31
12
4
18
43
69
77
70
57
45
42
49
60
68
74
73
67
56
46
40
37
33
32
30
27
23
15
4
1
7
18
29
29
18
6
6
17
35
48
48
37
22
10
9
16
22
29
27
19
3
-16
-31
-41
-44
-45
-49
-56
-67
-82
-100
-116
-123
-121
-111
-102
-97
-101
-107
-105
-94
-76
-55
-40
-34
-36
-40
-38
-31
-21
-11
-3
0
0
-1
-6
-8
-2
8
21
29
32
25
14
9
10
17
30
40
43
39
27
14
6
7
16
26
34
37
33
27
25
25
27
29
31
36
41
42
39
37
34
34
37
38
40
39
37
37
39
39
40
41
36
27
16
8
5
3
-2
-10
-18
-24
-30
-37
-43
-51
-55
-54
-49
-43
-46
-56
-71
-80
-76
-60
-47
-38
-37
-44
-49
-50
-42
-32
-22
-17
-14
-13
-9
-6
-6
-7
-7
-2
8
18
22
18
13
16
27
39
47
44
35
25
21
29
43
56
57
45
27
13
9
10
14
13
10
5
2
-1
-5
-8
-11
-8
-2
7
15
18
18
16
20
27
36
41
37
29
22
22
29
38
38
26
4
-12
-19
-14
-8
-8
-19
-36
-52
-64
-69
-69
-66
-62
-59
-60
-64
-68
-73
-74
-70
-58
-43
-31
-25
-30
-37
-42
-38
-26
-13
-4
-5
-12
-18
-21
-18
-10
-4
0
-2
-3
-3
0
4
9
18
32
44
51
52
49
47
52
63
75
85
86
82
72
62
55
53
51
48
40
29
18
8
0
-4
-5
-2
1
4
3
1
0
5
16
30
40
43
37
27
20
21
27
35
37
30
13
-3
-15
-21
-22
-24
-25
-30
-40
-54
-71
-86
-91
-84
-69
-57
-55
-64
-77
-88
-88
-72
-46
-22
-7
-8
-19
-29
-27
-15
7
26
36
37
30
20
10
5
10
21
33
38
30
15
-1
-8
0
18
40
55
55
44
28
22
29
46
64
73
70
59
44
31
23
18
20
21
19
10
-6
-22
-32
-33
-25
-11
0
2
-4
-15
-21
-15
-1
17
25
20
7
-6
-13
-13
-9
-4
-2
-6
-15
-30
-41
-49
-49
-46
-43
-41
-44
-56
-70
-82
-84
-74
-58
-43
-41
-49
-63
-71
-65
-53
-34
-20
-15
-20
-27
-30
-28
-19
-4
8
17
17
14
8
3
0
4
12
22
26
23
11
0
-1
8
24
38
48
47
41
35
32
38
48
59
62
57
46
35
28
26
24
25
27
29
27
20
12
8
12
22
34
43
49
45
39
32
29
32
38
38
32
16
1
-11
-20
-22
-22
-22
-26
-34
-42
-53
-59
-62
-62
-60
-56
-54
-60
-69
-77
-80
-74
-62
-47
-35
-33
-38
-43
-44
-38
-26
-14
-8
-9
-16
-24
-28
-28
-20
-11
-1
4
2
-4
-9
-11
-8
-2
8
15
17
12
0
-7
-5
4
17
26
27
23
15
12
15
24
33
41
42
36
29
26
28
34
44
51
54
51
43
34
32
37
49
61
67
67
59
48
42
40
45
47
46
36
20
2
-12
-22
-26
-28
-31
-37
-48
-60
-69
-73
-70
-66
-64
-63
-70
-77
-83
-82
-76
-66
-55
-49
-46
-43
-39
-32
-22
-11
-2
2
5
7
9
10
11
16
20
25
28
31
31
30
30
33
36
36
33
26
21
17
14
14
12
10
5
1
2
7
15
22
24
23
22
22
25
29
33
36
37
38
37
38
37
34
32
29
29
32
32
32
28
25
24
26
28
28
27
24
20
17
15
12
7
-1
-8
-15
-19
-22
-29
-38
-49
-56
-61
-62
-66
-71
-80
-87
-90
-88
-81
-74
-68
-63
-59
-50
-40
-28
-16
-6
4
15
26
35
41
44
49
54
63
70
74
73
68
63
60
59
57
53
43
29
14
2
-7
-14
-19
-24
-28
-31
-31
-26
-21
-14
-11
-7
-2
3
8
11
13
15
17
18
20
19
16
11
8
7
8
13
14
11
7
3
5
10
15
17
17
17
16
17
17
16
12
9
7
5
5
0
-6
-18
-30
-38
-42
-45
-51
-61
-72
-84
-90
-89
-83
-75
-69
-63
-56
-45
-30
-14
5
23
37
49
60
72
81
88
95
98
101
103
102
94
83
70
61
56
49
42
28
10
-10
-28
-38
-41
-42
-45
-51
-59
-63
-59
-49
-37
-27
-20
-16
-11
-6
-1
6
12
17
20
22
20
15
11
7
7
9
12
12
9
0
-6
-9
-5
6
13
18
17
15
13
14
17
17
18
14
8
0
-6
-12
-20
-29
-40
-52
-62
-69
-75
-81
-88
-91
-93
-90
-83
-74
-62
-50
-37
-19
-2
18
35
49
61
74
86
99
109
112
111
106
103
98
95
88
76
63
47
34
22
12
0
-15
-31
-47
-56
-61
-60
-57
-56
-56
-56
-51
-41
-29
-17
-7
-1
2
6
8
13
18
20
20
20
22
22
23
20
18
16
17
21
22
20
14
8
8
14
25
34
37
35
28
25
26
29
30
24
9
-7
-22
-33
-42
-52
-65
-78
-87
-92
-94
-95
-96
-96
-94
-86
-73
-56
-43
-31
-19
-4
14
35
52
63
70
75
86
97
107
110
104
90
77
68
64
60
51
35
13
-7
-20
-27
-31
-37
-47
-57
-60
-57
-52
-46
-43
-40
-35
-25
-13
-4
0
1
0
3
9
15
16
10
2
-2
2
11
19
23
19
12
8
10
17
25
28
27
23
21
23
29
33
35
36
37
35
32
25
14
0
-14
-27
-38
-50
-65
-81
-95
-105
-107
-104
-99
-94
-90
-87
-78
-65
-49
-30
-15
-5
6
15
28
42
52
63
70
75
80
83
82
78
70
62
53
46
37
27
14
-1
-14
-22
-28
-30
-33
-37
-39
-39
-36
-32
-29
-26
-23
-20
-16
-12
-9
-6
-5
-5
-1
2
5
8
8
10
14
18
22
28
32
34
35
36
38
39
41
43
46
46
44
39
33
29
28
27
26
23
15
1
-13
-25
-37
-46
-55
-64
-72
-80
-87
-91
-93
-89
-81
-72
-63
-56
-51
-43
-35
-23
-10
2
12
22
28
34
43
52
63
71
77
79
77
73
71
69
65
62
53
41
27
14
3
-4
-10
-14
-18
-24
-30
-36
-41
-43
-44
-43
-42
-42
-45
-50
-52
-51
-46
-38
-32
-27
-26
-24
-20
-13
-2
8
16
22
26
28
31
37
42
47
51
53
52
52
47
44
41
37
33
28
20
11
-1
-12
-21
-28
-36
-43
-51
-57
-63
-67
-66
-62
-58
-54
-51
-47
-42
-35
-27
-19
-11
-5
2
7
16
22
31
39
47
56
64
70
73
73
74
72
71
68
66
59
52
44
35
28
19
13
2
-6
-11
-17
-23
-32
-41
-47
-52
-54
-55
-56
-60
-63
-64
-63
-60
-54
-49
-44
-37
-30
-22
-15
-6
0
8
16
25
31
37
40
44
50
55
60
63
60
53
45
38
31
25
17
9
-4
-18
-30
-38
-45
-49
-53
-56
-55
-57
-57
-55
-50
-44
-35
-27
-18
-13
-11
-7
-3
4
13
23
31
34
34
35
39
45
54
59
62
60
56
54
53
53
53
50
44
37
29
23
15
10
4
-3
-8
-15
-25
-37
-48
-57
-61
-63
-64
-65
-70
-74
-75
-71
-63
-54
-46
-41
-36
-30
-23
-13
-2
12
20
28
36
44
48
53
57
61
63
64
63
59
53
45
38
31
24
14
3
-9
-22
-32
-39
-44
-46
-47
-52
-54
-57
-57
-54
-49
-41
-36
-32
-27
-21
-15
-7
1
6
13
17
23
26
29
33
35
38
42
48
52
56
57
54
53
52
52
53
54
50
44
38
31
25
18
12
3
-7
-16
-25
-33
-39
-47
-56
-63
-68
-70
-70
-71
-72
-74
-72
-66
-55
-43
-33
-26
-21
-11
-1
13
26
36
42
47
53
63
71
76
76
72
68
63
59
50
42
31
20
12
5
-2
-11
-27
-41
-51
-58
-60
-60
-63
-67
-71
-69
-63
-52
-43
-37
-34
-31
-26
-19
-9
0
7
12
18
25
31
35
37
35
34
37
41
44
45
42
38
36
37
40
42
38
29
19
11
7
4
4
-1
-7
-14
-21
-26
-31
-37
-45
-52
-57
-59
-60
-60
-59
-58
-54
-48
-40
-31
-24
-17
-9
1
14
28
42
55
64
71
78
83
88
90
87
82
77
70
63
54
45
34
21
8
-5
-20
-33
-47
-57
-66
-70
-74
-76
-76
-75
-74
-70
-63
-55
-46
-37
-27
-16
-8
0
9
18
26
33
38
39
38
38
39
41
43
43
43
40
37
32
29
25
21
18
15
12
9
6
3
-2
-7
-12
-16
-21
-25
-31
-39
-45
-50
-53
-54
-55
-58
-60
-63
-65
-62
-58
-51
-42
-36
-26
-13
0
15
27
38
48
57
66
74
83
89
91
92
92
90
87
79
67
54
40
27
16
4
-10
-24
-37
-49
-59
-63
-69
-75
-81
-83
-83
-80
-73
-66
-56
-48
-38
-26
-17
-7
-1
3
9
16
24
32
37
39
39
37
39
42
44
44
41
36
30
28
29
29
29
27
22
18
13
9
5
0
-7
-11
-15
-18
-22
-30
-38
-46
-52
-54
-56
-58
-61
-64
-66
-64
-55
-45
-36
-27
-21
-13
-2
9
21
34
45
54
63
71
78
83
84
85
85
82
79
73
62
51
40
30
23
13
2
-12
-26
-38
-47
-52
-55
-58
-60
-64
-65
-63
-58
-53
-48
-41
-35
-26
-19
-11
-5
1
10
19
26
33
36
35
34
35
38
42
44
44
40
37
34
33
33
31
28
23
17
11
6
2
-2
-8
-13
-17
-22
-29
-37
-45
-52
-55
-57
-59
-60
-61
-64
-65
-62
-56
-50
-43
-36
-30
-24
-14
-3
9
21
31
39
48
55
60
64
64
67
67
67
65
61
52
43
32
25
17
9
-1
-14
-25
-35
-43
-47
-50
-55
-59
-62
-62
-60
-57
-55
-50
-45
-37
-29
-21
-13
-6
-1
5
14
21
29
33
36
36
39
42
46
50
51
48
45
43
42
41
38
35
31
26
22
19
15
9
2
-6
-12
-17
-22
-28
-35
-42
-48
-51
-53
-53
-54
-55
-57
-57
-54
-49
-43
-35
-30
-22
-15
-4
5
13
24
31
40
48
53
59
61
64
64
66
67
64
60
51
43
33
26
19
11
3
-7
-17
-24
-31
-37
-42
-46
-51
-53
-53
-54
-53
-51
-47
-44
-39
-34
-27
-23
-19
-14
-9
-1
5
11
15
19
23
25
29
32
36
37
37
38
38
37
36
36
34
33
33
29
24
19
15
8
2
-2
-8
-15
-22
-29
-36
-42
-47
-49
-53
-56
-59
-60
-57
-54
-52
-47
-40
-34
-27
-18
-10
0
8
18
26
36
42
50
55
58
61
64
64
64
60
56
50
44
39
32
23
15
7
-2
-9
-16
-22
-27
-33
-38
-42
-41
-42
-42
-42
-41
-39
-36
-31
-26
-22
-19
-14
-9
-3
3
9
11
14
16
19
24
28
30
31
32
32
33
34
35
34
33
31
29
27
24
23
19
13
7
2
-2
-7
-11
-17
-24
-29
-34
-38
-41
-45
-48
-50
-50
-49
-45
-40
-35
-32
-27
-20
-10
-3
6
14
21
29
36
41
47
52
55
56
55
55
53
50
46
39
33
26
20
13
4
-4
-12
-19
-25
-32
-35
-39
-40
-42
-43
-43
-42
-40
-38
-35
-32
-30
-26
-23
-19
-14
-10
-7
-5
-1
2
4
6
10
13
14
15
17
15
17
19
20
20
20
20
21
21
20
19
15
11
9
5
2
-2
-7
-13
-20
-25
-29
-32
-37
-41
-45
-47
-47
-48
-46
-44
-40
-36
-31
-25
-18
-11
-3
6
14
23
31
36
42
46
49
51
54
54
53
52
49
44
40
36
31
25
19
11
7
1
-3
-7
-10
-14
-16
-18
-19
-21
-21
-22
-21
-20
-19
-18
-17
-17
-18
-17
-17
-17
-15
-14
-14
-14
-13
-12
-10
-8
-6
-4
0
1
4
6
10
12
16
18
19
19
20
19
18
15
11
8
3
-2
-6
-14
-20
-25
-33
-38
-41
-45
-49
-51
-52
-51
-51
-49
-46
-41
-35
-31
-24
-16
-9
-2
6
12
18
24
30
34
38
40
41
41
40
40
37
33
29
27
21
18
14
9
5
1
-3
-5
-6
-8
-10
-12
-14
-15
-16
-17
-16
-16
-17
-17
-18
-18
-18
-17
-16
-17
-16
-15
-15
-15
-13
-11
-9
-5
-3
0
3
6
10
13
15
18
20
22
23
24
23
20
19
17
14
10
7
1
-3
-8
-14
-19
-24
-27
-31
-34
-36
-37
-37
-37
-35
-34
-30
-26
-21
-14
-9
-3
3
9
16
20
25
30
34
38
42
43
45
44
43
41
40
37
35
32
28
24
20
15
11
8
5
1
-3
-8
-12
-14
-18
-20
-22
-26
-28
-29
-32
-33
-34
-35
-34
-34
-33
-32
-31
-30
-28
-27
-23
-19
-16
-12
-9
-6
-2
2
5
9
12
14
15
17
19
19
19
17
16
13
9
7
3
-1
-5
-9
-14
-18
-20
-23
-26
-28
-30
-29
-29
-27
-25
-23
-20
-16
-13
-9
-3
1
7
12
17
23
26
31
33
38
42
43
44
45
45
44
43
41
38
36
32
28
24
20
13
9
4
0
-4
-10
-15
-20
-25
-29
-34
-37
-40
-44
-47
-49
-50
-51
-51
-50
-49
-46
-43
-38
-35
-30
-26
-22
-17
-10
-5
1
5
10
14
18
21
25
26
28
28
27
27
28
26
23
21
18
16
13
10
7
5
2
0
-2
-5
-7
-8
-10
-9
-9
-9
-7
-5
-4
-2
1
3
6
9
12
14
18
22
25
26
30
32
33
34
35
34
36
34
33
31
30
25
22
16
11
6
0
-6
-12
-17
-23
-28
-32
-37
-41
-44
-46
-49
-50
-50
-50
-50
-47
-45
-42
-40
-36
-32
-29
-24
-20
-14
-9
-5
-1
2
7
11
15
17
21
22
24
25
25
26
26
24
23
25
23
22
21
18
17
14
12
9
9
7
5
2
0
-1
-2
-2
-4
-5
-5
-4
-2
1
3
5
7
8
10
14
17
21
24
26
29
31
33
35
36
34
33
33
32
29
27
22
17
11
6
2
-4
-11
-17
-23
-29
-35
-39
-43
-47
-49
-51
-52
-51
-49
-48
-46
-45
-41
-36
-32
-25
-20
-16
-12
-9
-3
2
6
9
12
12
15
17
20
21
21
21
22
22
23
24
23
22
21
21
21
23
21
22
19
17
15
14
12
9
6
3
0
-3
-5
-7
-10
-13
-16
-17
-17
-16
-15
-13
-14
-13
-10
-6
-2
3
6
9
11
15
18
22
24
23
22
21
21
19
16
11
8
1
-2
-6
-11
-15
-20
-26
-30
-32
-32
-33
-34
-35
-35
-34
-31
-26
-23
-18
-15
-10
-6
-1
4
8
11
14
16
20
23
25
25
24
24
23
22
23
23
20
17
15
14
16
16
15
12
10
9
9
11
11
11
8
5
4
2
2
-2
-4
-7
-10
-12
-13
-15
-17
-19
-23
-24
-24
-23
-20
-19
-19
-17
-14
-9
-5
-1
2
5
8
11
15
19
21
21
20
18
18
18
17
14
8
3
1
-2
-4
-7
-11
-16
-19
-20
-20
-18
-18
-19
-19
-16
-12
-6
-3
1
3
6
9
14
20
20
22
21
21
22
22
22
21
18
16
13
12
10
9
7
4
3
2
3
2
2
2
1
1
3
4
4
6
5
3
2
2
2
1
-3
-6
-9
-11
-12
-14
-16
-19
-21
-22
-22
-21
-19
-18
-18
-17
-14
-9
-4
-1
1
0
3
6
9
13
13
12
10
8
7
7
5
2
-2
-7
-10
-11
-13
-14
-16
-19
-20
-18
-17
-15
-12
-12
-10
-6
-2
3
7
8
10
12
13
16
18
20
18
16
14
13
13
12
9
7
3
3
2
3
2
1
1
1
1
3
5
7
7
8
8
10
12
11
10
8
6
5
5
5
1
-1
-6
-9
-11
-12
-13
-14
-14
-17
-16
-14
-13
-10
-9
-7
-5
-2
1
5
9
10
11
12
13
13
13
12
10
8
5
4
2
-1
-5
-8
-11
-14
-14
-13
-14
-15
-15
-16
-15
-13
-9
-7
-7
-5
-3
0
4
4
4
3
4
4
5
4
2
-2
-5
-6
-7
-9
-10
-12
-14
-15
-14
-11
-10
-8
-8
-8
-5
-3
2
5
8
9
10
12
12
14
14
12
11
9
10
8
6
4
0
-1
-4
-5
-6
-6
-7
-7
-8
-6
-4
-2
0
1
3
5
7
11
12
12
13
12
9
9
10
10
8
5
1
-2
-5
-6
-9
-12
-15
-16
-17
-17
-17
-17
-17
-16
-14
-12
-9
-7
-6
-5
-3
0
3
5
5
4
3
3
3
4
4
1
-1
-4
-6
-8
-7
-7
-8
-8
-9
-9
-7
-4
-4
-3
-1
1
4
7
9
9
10
11
13
13
14
14
12
12
9
9
6
6
5
1
-2
-3
-4
-5
-4
-6
-6
-5
-5
-3
-1
2
3
3
4
6
7
9
9
9
9
8
8
7
4
3
0
-2
-4
-6
-6
-9
-11
-12
-13
-13
-12
-11
-11
-12
-11
-10
-9
-6
-4
-3
-1
1
3
5
5
5
5
3
4
3
4
3
1
0
-3
-4
-3
-4
-4
-5
-7
-7
-7
-6
-4
-2
-2
-2
-1
-1
1
3
4
3
4
4
4
4
3
2
2
1
0
-1
-2
-4
-5
-7
-7
-7
-7
-8
-8
-9
-7
-5
-3
-1
1
2
3
4
5
7
10
11
11
10
10
10
9
9
8
5
4
2
1
0
-2
-2
-3
-4
-4
-4
-4
-4
-3
-1
1
2
4
5
6
5
8
9
10
10
10
9
9
9
8
8
5
2
1
0
-1
-2
-2
-3
-3
-3
-2
-2
-2
-1
-1
0
0
1
3
3
4
3
4
4
2
3
3
1
0
-2
-3
-5
-6
-7
-8
-9
-11
-13
-13
-14
-14
-13
-13
-11
-10
-9
-7
-4
-3
-2
-1
0
1
4
4
3
3
3
4
3
3
2
1
0
0
0
1
0
-1
-1
-1
1
1
2
2
3
4
6
7
8
10
11
10
10
10
11
10
8
7
6
4
3
2
1
-2
-3
-4
-3
-3
-3
-2
-3
-2
-2
0
2
3
3
3
5
4
6
7
5
6
4
4
3
2
1
-1
-4
-5
-6
-7
-9
-9
-11
-11
-12
-12
-12
-11
-11
-10
-9
-7
-5
-3
-1
-1
0
1
2
2
3
2
3
3
1
1
2
1
0
0
0
0
-1
-2
-1
-1
0
0
1
2
3
4
4
5
5
7
6
7
7
7
8
7
8
6
6
5
3
3
1
0
0
0
0
-1
1
2
3
4
3
3
3
4
5
6
7
8
8
7
6
5
5
5
4
3
1
0
-1
-2
-2
-4
-4
-5
-6
-7
-7
-7
-8
-7
-8
-7
-6
-5
-4
-2
-2
0
0
-1
0
-1
-1
-2
-2
-1
-2
-1
-2
-3
-4
-5
-6
-6
-7
-6
-7
-7
-7
-6
-6
-5
-5
-5
-4
-5
-5
-5
-5
-5
-3
-2
-1
-1
-1
-1
-1
0
0
0
-2
-2
0
0
1
2
2
3
4
6
6
7
8
8
8
9
9
10
11
11
11
11
11
10
9
8
6
5
3
2
1
1
0
-2
-2
-2
-1
-2
-2
-2
-3
-2
-1
0
0
1
2
1
1
1
1
2
2
2
1
0
1
0
0
-1
0
-1
-2
-2
-3
-5
-5
-5
-6
-6
-5
-5
-5
-4
-4
-3
-3
-4
-3
-3
-3
-3
-3
-3
-3
-3
-3
-3
-2
-3
-3
-3
-4
-2
-4
-4
-4
-4
-3
-4
-4
-3
-3
-3
-2
-2
-2
-2
-2
-1
0
0
-1
-1
-1
0
-1
-1
0
0
-1
0
1
-1
0
0
1
2
2
3
4
4
3
4
2
3
4
5
6
6
7
7
7
8
8
8
7
7
5
6
6
6
7
6
4
4
4
4
5
4
4
3
3
3
3
2
3
2
3
2
2
2
2
2
1
2
1
0
1
1
1
-1
-1
0
-2
-2
-4
-6
-5
-5
-4
-4
-4
-4
-4
-2
-2
-3
-3
-4
-3
-5
-4
-3
-3
-3
-4
-4
-3
-3
-3
-3
-3
-4
-4
-3
-4
-2
-3
-3
-3
-5
-5
-4
-3
-2
-2
0
1
1
2
3
4
4
4
4
5
5
4
5
4
3
4
4
5
5
4
4
4
4
4
4
4
3
3
3
2
3
3
3
4
4
3
1
1
0
1
0
0
0
-1
-2
-3
-2
-3
-4
-4
-4
-4
-5
-5
-5
-4
-3
-4
-3
-4
-5
-4
