2
4
4
2
3
4
1
1
1
1
-1
0
-1
-2
-1
-1
-4
-2
0
-1
-2
2
0
-1
2
2
1
4
4
2
3
5
4
5
7
6
6
5
5
3
6
5
4
3
2
2
1
2
1
0
1
-1
-2
-3
-1
-2
-2
-2
-3
-4
-3
-4
-5
-4
-4
-5
-5
-5
-6
-6
-4
-5
-5
-5
-5
-5
-5
-4
-4
-3
-2
-3
-2
-1
-3
-2
0
-2
-2
0
-2
-3
0
0
-2
-1
-1
-3
-2
0
0
0
1
0
-3
0
0
-3
-1
0
-3
-3
-3
-4
-4
-2
-2
-4
-2
-1
-5
-2
0
-1
-1
1
0
-1
2
1
0
2
4
1
2
2
2
2
4
2
2
3
2
1
3
3
2
2
4
2
1
2
2
2
1
1
0
1
2
1
2
2
0
1
0
-1
-2
-1
-2
-3
-1
-2
-3
-2
-3
-3
-2
-3
-3
-2
-1
-1
-2
1
0
0
1
1
0
2
2
1
3
3
2
2
3
3
2
2
3
3
2
3
1
2
1
0
1
1
-1
-2
-2
-1
-2
-1
-2
-4
-4
-5
-4
-5
-5
-5
-5
-5
-4
-6
-7
-7
-5
-5
-5
-5
-6
-5
-5
-4
-4
-3
-3
-4
-2
-2
-3
-3
-1
-2
-2
-1
-2
-2
-1
0
0
1
0
0
1
-1
-1
0
0
0
-1
0
0
-1
0
-1
-1
-2
0
-2
-3
-2
-2
-2
-3
-1
-3
-3
-3
-3
-3
-1
-3
-2
-2
-3
-1
0
-1
-2
-1
-2
-1
1
0
0
2
2
1
2
2
2
2
4
2
3
4
3
2
5
6
4
6
8
4
5
7
5
6
8
6
4
5
4
3
5
6
3
4
5
1
1
2
1
1
2
2
0
1
2
0
0
2
1
1
2
1
0
2
1
0
2
0
0
2
2
0
2
4
1
0
3
0
-1
2
2
0
1
1
0
2
3
1
2
3
1
2
2
2
0
2
2
-1
1
1
-1
-1
-1
-2
-4
-2
-3
-5
-2
-3
-4
-3
-2
-5
-5
-3
-5
-4
-2
-4
-6
-3
-4
-4
-3
-1
-4
-2
-1
-3
-2
0
-1
-2
0
-1
-2
1
0
-1
0
0
-2
-1
0
-1
-2
0
0
-3
0
-1
-2
0
-1
-2
-2
-1
-3
-3
-2
-3
-4
-2
-3
-4
-2
-2
-2
-1
1
0
0
2
1
1
2
1
1
3
2
1
4
5
4
5
7
5
5
6
5
5
6
5
4
5
6
4
5
5
5
3
5
3
3
4
3
3
3
3
2
3
4
2
3
4
2
2
3
2
0
3
2
0
1
2
0
1
2
1
1
2
0
0
1
0
-2
0
-1
-3
-1
1
-2
-1
-1
-3
-4
-2
-3
-4
-1
-1
-4
-1
-2
-5
-3
-1
-4
-3
-2
-3
-4
-2
-2
-3
0
-1
-2
1
2
1
1
3
1
0
3
2
0
3
2
1
4
4
2
4
4
3
3
5
3
2
3
2
1
0
0
-2
-1
1
-2
-3
-2
-3
-4
-3
-4
-4
-3
-3
-5
-2
-1
-3
-1
-1
-3
-2
-2
-3
-2
0
1
-1
2
1
-1
2
1
0
2
4
2
3
5
3
3
6
4
5
6
6
5
7
6
4
5
5
3
2
3
1
1
3
3
0
3
3
1
3
3
2
1
3
1
0
2
0
-2
1
-1
-2
-2
-1
-3
-3
-1
-2
-1
1
0
-1
0
-2
-2
-1
-2
-4
-3
-2
-4
-4
-2
-1
-3
-1
0
-1
0
-1
-1
-1
-1
-3
-4
-4
-3
-2
-2
-3
-4
-2
-3
-4
-3
-1
-3
-3
0
-1
-1
1
-2
-2
-2
-2
-2
-1
-1
0
2
3
2
3
4
4
4
5
3
3
4
4
5
5
5
4
4
5
4
3
5
2
3
4
2
1
1
1
-1
-1
-1
-3
-3
-1
-3
-2
-1
-2
-3
-3
-4
-4
-3
-4
-4
-3
-5
-4
-4
-4
-6
-6
-5
-7
-7
-5
-6
-5
-4
-3
-4
-4
-4
-5
-4
-3
-4
-4
0
-2
-1
0
1
-1
0
2
0
2
2
0
1
2
2
2
1
-1
-2
0
-1
-2
0
1
0
0
0
-1
0
0
-1
-2
-1
-2
-4
-2
-1
-3
-1
-1
-3
-1
0
-1
1
2
2
1
4
3
1
2
1
0
1
2
1
2
5
4
3
5
4
3
5
3
2
3
4
1
2
4
1
1
3
0
-1
1
0
0
3
2
0
0
1
-2
-2
-2
-4
-4
-3
-5
-6
-5
-4
-7
-5
-5
-7
-6
-4
-6
-5
-3
-4
-5
-4
-4
-6
-4
-4
-6
-4
-3
-5
-3
-1
-2
-3
1
-1
-2
1
0
-1
0
0
-3
-1
0
-2
-2
0
-1
-1
1
1
-2
3
2
-1
0
2
-2
-1
1
0
0
2
2
0
4
3
2
4
5
4
3
6
3
2
5
4
2
3
3
2
4
5
3
5
5
3
4
4
4
1
4
2
0
3
4
1
2
3
2
2
4
2
2
5
3
2
4
4
2
2
3
1
2
3
1
1
3
1
0
1
0
-2
0
0
-1
0
1
0
0
2
0
1
3
3
2
4
3
0
3
4
1
1
2
0
0
2
-1
-2
-1
-3
-4
-2
-1
-4
-4
-1
-2
-1
0
-2
-2
0
-1
-2
-3
-3
-7
-6
-4
-7
-6
-4
-6
-8
-5
-6
-8
-3
-4
-7
-5
-5
-7
-6
-6
-8
-7
-6
-10
-11
-8
-9
-9
-6
-6
-6
-3
-3
-4
-6
-5
-7
-7
-9
-11
-11
-10
-11
-12
-12
-11
-9
-12
-13
-13
-11
-10
-9
-7
-7
-3
-3
-2
-1
-2
-6
-9
-9
-9
-13
-13
-14
-17
-19
-18
-19
-22
-19
-18
-21
-21
-18
-19
-18
-16
-15
-14
-6
-3
-3
2
5
6
11
17
17
17
23
21
20
23
22
23
26
27
30
35
38
38
39
41
41
40
38
38
40
39
40
41
44
43
44
48
46
43
42
35
31
29
25
19
22
23
18
21
25
22
24
27
18
14
17
12
0
-8
-17
-27
-28
-30
-38
-36
-33
-39
-37
-27
-28
-33
-28
-31
-36
-32
-33
-39
-40
-40
-41
-40
-37
-38
-39
-40
-43
-43
-43
-43
-42
-40
-41
-39
-34
-36
-37
-34
-31
-29
-26
-23
-19
-18
-19
-16
-7
-2
-5
-4
5
8
8
9
8
7
14
16
12
14
14
8
10
13
13
20
27
28
31
35
34
32
29
20
18
19
17
14
9
13
16
12
13
15
13
12
3
-4
-2
-3
-14
-19
-22
-22
-14
-11
-17
-13
-6
-6
-2
9
8
10
13
12
15
15
11
10
10
10
13
24
31
34
40
47
57
63
62
62
63
66
61
53
51
52
51
44
43
50
51
48
40
35
38
38
36
35
34
30
27
26
18
4
-8
-18
-23
-21
-25
-35
-40
-35
-32
-34
-32
-31
-36
-39
-36
-39
-43
-49
-56
-60
-55
-57
-71
-65
-62
-71
-73
-62
-62
-59
-44
-46
-56
-49
-37
-31
-14
5
10
35
128
196
222
270
315
369
449
457
360
371
415
329
260
210
116
91
113
-3
-96
-29
-53
-129
-110
-152
-217
-142
-92
-185
-222
-205
-248
-233
-200
-284
-344
-272
-267
-347
-370
-398
-455
-457
-452
-554
-634
-599
-638
-698
-710
-770
-803
-734
-700
-790
-783
-692
-662
-590
-518
-470
-299
-22
146
247
439
665
882
1066
1121
1130
1223
1297
1247
1140
1065
978
879
770
618
506
467
408
290
193
111
19
4
-12
-142
-271
-308
-298
-302
-320
-374
-388
-288
-204
-163
-93
-20
43
126
216
252
308
428
527
640
689
730
821
907
905
860
834
743
715
620
408
277
181
40
-72
-126
-294
-389
-337
-402
-471
-485
-555
-604
-584
-657
-790
-819
-861
-974
-1035
-1088
-1160
-1191
-1204
-1253
-1316
-1318
-1333
-1364
-1366
-1355
-1345
-1248
-1057
-913
-720
-444
-152
201
579
844
1059
1364
1589
1711
1770
1767
1755
1725
1595
1381
1246
1119
928
729
546
388
223
71
-84
-265
-438
-598
-726
-836
-935
-1078
-1152
-1077
-1024
-993
-892
-732
-547
-337
-133
45
277
466
603
766
899
957
1058
1284
1359
1335
1304
1293
1349
1371
1182
877
874
827
578
418
252
97
98
85
-174
-238
-123
-213
-233
-207
-374
-480
-372
-431
-623
-705
-818
-901
-910
-1022
-1248
-1320
-1282
-1355
-1452
-1497
-1536
-1579
-1539
-1504
-1572
-1558
-1488
-1470
-1372
-1170
-1027
-833
-472
-170
114
502
837
1148
1530
1811
1937
2090
2212
2221
2194
2079
1856
1673
1541
1303
1006
758
538
310
72
-148
-373
-567
-719
-902
-1051
-1125
-1199
-1267
-1219
-1154
-1122
-983
-779
-594
-402
-199
2
253
502
650
776
939
1122
1320
1468
1521
1527
1537
1595
1634
1507
1274
1174
1112
929
727
499
330
270
167
-77
-207
-177
-252
-354
-432
-541
-601
-574
-628
-772
-877
-975
-1058
-1085
-1180
-1371
-1483
-1481
-1529
-1639
-1746
-1838
-1887
-1903
-1957
-2028
-2004
-1964
-1948
-1859
-1742
-1585
-1317
-1005
-711
-350
78
504
933
1319
1633
1938
2186
2321
2402
2442
2399
2267
2085
1900
1724
1488
1195
941
724
502
238
-38
-266
-483
-749
-980
-1121
-1255
-1395
-1488
-1506
-1419
-1287
-1154
-936
-643
-375
-119
204
529
780
969
1184
1476
1702
1810
1853
1915
2000
2032
1951
1802
1715
1594
1416
1249
1046
836
683
549
365
217
117
18
-47
-141
-295
-378
-383
-428
-558
-698
-782
-836
-881
-954
-1068
-1159
-1206
-1256
-1328
-1394
-1488
-1598
-1660
-1721
-1835
-1904
-1947
-1996
-2008
-1998
-1978
-1889
-1706
-1508
-1268
-928
-507
-51
401
828
1220
1620
2054
2338
2452
2549
2610
2576
2465
2288
2050
1864
1644
1299
1004
790
540
227
-79
-381
-663
-904
-1133
-1341
-1553
-1754
-1879
-1877
-1784
-1704
-1617
-1416
-1060
-710
-394
-35
322
664
974
1296
1662
1968
2115
2194
2310
2411
2439
2289
2059
1928
1788
1521
1271
1073
834
667
499
243
91
38
-97
-246
-351
-558
-736
-768
-869
-1071
-1231
-1319
-1351
-1330
-1346
-1428
-1422
-1321
-1270
-1285
-1304
-1349
-1441
-1507
-1589
-1736
-1859
-1930
-2021
-2094
-2074
-2074
-1993
-1735
-1470
-1223
-805
-265
228
736
1190
1567
2024
2484
2680
2702
2799
2794
2658
2481
2249
2006
1806
1541
1158
923
802
550
204
-94
-354
-642
-885
-1133
-1427
-1705
-1952
-2112
-2098
-1986
-1958
-1875
-1542
-1111
-737
-362
54
495
960
1409
1800
2145
2382
2477
2549
2696
2687
2416
2208
2124
1897
1566
1288
1039
910
805
472
154
105
19
-245
-460
-678
-961
-1098
-1196
-1405
-1604
-1747
-1835
-1791
-1675
-1688
-1721
-1582
-1397
-1345
-1363
-1340
-1363
-1424
-1500
-1652
-1802
-1868
-1964
-2087
-2077
-2057
-2074
-1923
-1654
-1400
-1121
-685
-146
404
907
1250
1625
2123
2579
2715
2681
2779
2791
2662
2445
2184
1974
1807
1546
1141
925
837
587
277
-31
-337
-653
-928
-1197
-1518
-1862
-2171
-2321
-2270
-2161
-2132
-2024
-1657
-1141
-711
-318
164
664
1186
1696
2054
2356
2595
2690
2760
2894
2792
2475
2356
2253
2000
1713
1431
1211
1174
1059
644
381
369
217
-68
-316
-615
-908
-1048
-1238
-1526
-1723
-1834
-1904
-1833
-1697
-1719
-1701
-1469
-1289
-1270
-1242
-1215
-1278
-1324
-1455
-1706
-1795
-1850
-2040
-2161
-2175
-2217
-2180
-1992
-1798
-1504
-1121
-700
-117
517
1048
1466
1925
2435
2889
3085
3031
3077
3105
2978
2707
2343
2082
1905
1607
1165
888
795
622
305
-110
-452
-711
-984
-1308
-1672
-2075
-2421
-2587
-2587
-2466
-2392
-2306
-1945
-1375
-869
-457
13
607
1303
1839
2114
2425
2709
2860
2974
2973
2758
2591
2570
2357
2089
1859
1570
1432
1448
1197
733
580
526
241
-112
-506
-929
-1202
-1388
-1754
-2104
-2194
-2269
-2334
-2203
-2067
-2013
-1810
-1524
-1421
-1392
-1343
-1401
-1466
-1547
-1834
-2126
-2215
-2322
-2493
-2550
-2525
-2468
-2261
-1970
-1658
-1236
-723
-95
558
1172
1699
2130
2615
3121
3426
3380
3374
3452
3326
3080
2749
2446
2271
2074
1649
1222
1085
949
633
196
-238
-593
-947
-1317
-1735
-2230
-2690
-2981
-3082
-3025
-2925
-2855
-2595
-2048
-1442
-915
-383
274
1076
1687
1990
2310
2649
2880
3044
2971
2674
2645
2677
2407
2201
2075
1848
1825
1902
1612
1299
1259
1060
713
403
-58
-532
-821
-1161
-1683
-2056
-2167
-2290
-2399
-2378
-2345
-2274
-2002
-1792
-1815
-1784
-1732
-1823
-1888
-1987
-2312
-2545
-2586
-2722
-2843
-2872
-2861
-2707
-2451
-2161
-1779
-1245
-567
166
800
1422
2075
2662
3232
3746
3894
3839
3936
3928
3717
3397
2975
2660
2481
2167
1658
1294
1134
919
552
70
-339
-682
-1071
-1487
-1984
-2510
-2935
-3228
-3374
-3357
-3322
-3239
-2852
-2281
-1735
-1187
-561
215
1086
1640
1944
2358
2736
2992
3122
2968
2693
2738
2705
2402
2223
2063
1901
1957
1985
1680
1489
1533
1345
1026
699
264
-120
-382
-792
-1374
-1736
-1867
-2063
-2242
-2309
-2388
-2338
-2094
-1969
-2021
-2001
-1968
-2039
-2104
-2244
-2532
-2709
-2762
-2922
-3091
-3119
-3049
-2895
-2633
-2238
-1817
-1203
-325
450
1117
1810
2470
3100
3783
4153
4080
4134
4238
4101
3830
3462
3084
2827
2572
2102
1703
1539
1315
929
474
90
-287
-718
-1152
-1654
-2218
-2742
-3165
-3425
-3473
-3506
-3564
-3277
-2720
-2183
-1650
-985
-202
656
1321
1693
2123
2570
2801
2855
2780
2630
2547
2460
2219
2028
1938
1858
1875
1920
1832
1717
1729
1695
1485
1162
790
452
148
-252
-790
-1255
-1514
-1744
-2005
-2193
-2298
-2320
-2252
-2207
-2263
-2284
-2259
-2305
-2410
-2576
-2806
-3001
-3092
-3224
-3403
-3487
-3458
-3295
-3010
-2601
-2135
-1454
-584
209
974
1724
2477
3215
3861
4143
4188
4339
4356
4161
3815
3454
3171
2895
2501
1979
1714
1609
1326
894
459
125
-223
-610
-1063
-1593
-2135
-2665
-3071
-3294
-3420
-3593
-3618
-3307
-2837
-2375
-1876
-1199
-354
494
1046
1437
1972
2383
2555
2612
2498
2298
2254
2145
1814
1609
1496
1372
1439
1541
1408
1322
1515
1579
1422
1225
974
733
543
230
-288
-683
-887
-1182
-1504
-1699
-1866
-2002
-1991
-2002
-2133
-2188
-2202
-2280
-2362
-2498
-2767
-2974
-3025
-3181
-3400
-3487
-3467
-3354
-3073
-2655
-2159
-1392
-529
175
896
1774
2609
3323
3840
4034
4220
4416
4376
4088
3750
3495
3222
2881
2442
2056
1874
1672
1338
925
580
257
-149
-527
-963
-1535
-2083
-2526
-2849
-3037
-3212
-3382
-3281
-2913
-2548
-2180
-1625
-910
-95
629
1067
1529
2025
2332
2475
2505
2279
2042
2005
1746
1391
1163
965
857
966
958
740
856
1110
1108
1023
947
809
688
607
297
-106
-313
-509
-841
-1073
-1209
-1447
-1568
-1564
-1729
-1913
-1983
-2095
-2258
-2364
-2595
-2901
-3027
-3178
-3383
-3517
-3578
-3549
-3360
-3008
-2564
-1896
-1111
-312
451
1215
2042
2825
3472
3783
4000
4193
4210
4073
3794
3552
3278
2947
2570
2168
2012
1866
1523
1122
828
569
185
-198
-658
-1192
-1696
-2184
-2590
-2844
-3019
-3186
-3162
-2910
-2591
-2254
-1780
-1094
-354
368
890
1354
1905
2286
2451
2535
2486
2246
2143
1955
1513
1238
1031
793
718
734
534
490
766
815
741
733
707
624
582
455
134
-57
-161
-393
-652
-777
-935
-1124
-1123
-1206
-1438
-1552
-1629
-1792
-1947
-2124
-2401
-2585
-2684
-2905
-3130
-3262
-3303
-3245
-3038
-2710
-2209
-1531
-785
-53
634
1429
2228
2923
3314
3515
3743
3823
3714
3422
3136
2897
2593
2181
1713
1498
1415
1193
839
494
281
37
-264
-586
-1024
-1547
-2024
-2366
-2609
-2808
-3038
-3165
-2982
-2657
-2354
-1997
-1410
-700
23
662
1136
1722
2218
2495
2636
2696
2553
2338
2258
1898
1434
1120
837
617
548
384
60
100
288
221
114
100
44
-27
-10
-172
-441
-518
-599
-810
-949
-1003
-1172
-1249
-1191
-1318
-1484
-1531
-1594
-1749
-1895
-2094
-2342
-2427
-2529
-2740
-2940
-2994
-2918
-2749
-2427
-1937
-1330
-666
128
841
1538
2333
3044
3461
3729
3996
4034
3934
3738
3440
3119
2775
2373
1913
1640
1504
1207
832
537
313
33
-287
-625
-1024
-1424
-1859
-2264
-2511
-2651
-2795
-2871
-2744
-2500
-2189
-1803
-1260
-563
81
627
1192
1801
2333
2700
2873
2953
3024
2931
2711
2486
2140
1749
1456
1160
895
671
429
231
151
89
-54
-163
-219
-326
-481
-609
-706
-834
-981
-1124
-1293
-1376
-1408
-1500
-1577
-1583
-1651
-1739
-1766
-1853
-1975
-2091
-2220
-2357
-2487
-2616
-2731
-2779
-2815
-2722
-2477
-2060
-1370
-775
-185
538
1325
2111
2825
3339
3545
3859
4072
3971
3761
3490
3249
2901
2480
1993
1606
1453
1246
856
404
127
-82
-369
-663
-1088
-1584
-2023
-2344
-2617
-2816
-2979
-3133
-3027
-2756
-2478
-2182
-1720
-1080
-455
116
710
1344
1932
2393
2629
2785
3028
3105
2908
2704
2498
2162
1890
1655
1339
1089
909
668
474
417
313
108
-8
-141
-381
-557
-670
-866
-1141
-1335
-1503
-1624
-1641
-1725
-1852
-1848
-1781
-1801
-1830
-1830
-1921
-2016
-2083
-2193
-2319
-2408
-2508
-2619
-2632
-2574
-2401
-2071
-1525
-850
-252
426
1156
1905
2661
3305
3669
3834
4109
4207
4035
3780
3493
3248
2931
2533
2041
1669
1521
1283
892
474
170
-150
-509
-876
-1370
-1914
-2386
-2744
-3034
-3229
-3377
-3444
-3252
-2953
-2648
-2306
-1804
-1137
-513
127
712
1259
1845
2250
2481
2697
2856
2756
2704
2713
2404
2111
1948
1723
1545
1467
1209
893
871
789
513
302
114
-191
-473
-623
-897
-1218
-1422
-1635
-1855
-1927
-1979
-2161
-2186
-2140
-2259
-2350
-2342
-2423
-2553
-2615
-2739
-2858
-2827
-2821
-2860
-2799
-2654
-2472
-2113
-1539
-869
-208
461
1178
1873
2654
3367
3852
4092
4312
4488
4407
4236
3967
3692
3441
3093
2629
2188
1968
1739
1342
888
465
140
-214
-636
-1115
-1653
-2175
-2632
-2986
-3246
-3438
-3555
-3483
-3217
-2922
-2602
-2186
-1600
-923
-286
276
810
1389
1900
2232
2494
2721
2783
2750
2798
2708
2462
2333
2176
1974
1892
1750
1441
1310
1281
1022
716
538
272
-26
-223
-496
-849
-1095
-1304
-1593
-1780
-1896
-2124
-2299
-2363
-2490
-2673
-2763
-2858
-3011
-3094
-3175
-3257
-3229
-3140
-3107
-3029
-2819
-2562
-2207
-1711
-1022
-250
444
1163
1847
2610
3389
3995
4292
4456
4710
4749
4590
4330
4042
3777
3404
2943
2439
2087
1859
1489
991
498
121
-296
-708
-1128
-1673
-2241
-2743
-3093
-3337
-3513
-3690
-3734
-3510
-3214
-2902
-2565
-2065
-1467
-909
-237
309
823
1409
1773
2027
2373
2613
2472
2548
2668
2382
2210
2144
1953
1836
1872
1612
1287
1357
1319
1018
846
694
338
128
84
-268
-686
-894
-1157
-1456
-1585
-1836
-2246
-2362
-2424
-2709
-2937
-3054
-3226
-3420
-3478
-3607
-3704
-3558
-3453
-3418
-3289
-3003
-2663
-2138
-1344
-589
94
887
1698
2494
3309
4037
4443
4707
5039
5103
4954
4777
4564
4273
3895
3396
2788
2394
2157
1693
1083
538
74
-336
-779
-1308
-1868
-2385
-2836
-3241
-3527
-3711
-3849
-3840
-3663
-3417
-3149
-2768
-2221
-1591
-980
-414
161
795
1408
1806
2069
2337
2588
2646
2622
2601
2438
2263
2147
1995
1822
1741
1594
1408
1334
1266
1083
916
796
549
277
109
-105
-414
-685
-980
-1290
-1459
-1653
-1975
-2234
-2398
-2639
-2889
-3075
-3338
-3566
-3701
-3838
-3939
-3937
-3860
-3788
-3608
-3363
-3032
-2517
-1776
-881
-139
633
1463
2346
3279
4037
4528
4810
5175
5364
5257
5068
4837
4632
4285
3773
3192
2756
2527
2115
1493
853
338
-68
-509
-1005
-1655
-2302
-2834
-3254
-3531
-3772
-3955
-4013
-3817
-3533
-3238
-2862
-2351
-1693
-1072
-510
41
657
1277
1730
2000
2225
2451
2540
2543
2521
2364
2185
2065
1935
1798
1709
1563
1391
1352
1297
1120
919
791
616
395
225
-2
-263
-500
-758
-1055
-1265
-1424
-1696
-1943
-2147
-2404
-2653
-2887
-3144
-3433
-3642
-3818
-3962
-4005
-4021
-3993
-3898
-3667
-3357
-2931
-2302
-1475
-643
148
970
1855
2823
3691
4321
4668
5068
5392
5429
5273
5036
4869
4608
4174
3604
3115
2843
2492
1940
1292
726
299
-163
-683
-1309
-1993
-2618
-3127
-3516
-3805
-4042
-4207
-4113
-3853
-3571
-3244
-2775
-2120
-1433
-816
-229
400
1072
1624
1972
2222
2516
2672
2659
2651
2532
2322
2187
2060
1880
1771
1663
1493
1414
1390
1267
1079
954
819
589
368
164
-111
-381
-614
-911
-1193
-1372
-1607
-1861
-2045
-2261
-2546
-2784
-3001
-3286
-3554
-3781
-3976
-4110
-4161
-4189
-4168
-4036
-3779
-3393
-2858
-2055
-1190
-386
488
1370
2338
3286
4119
4603
4951
5354
5501
5464
5281
5085
4855
4486
3990
3431
3079
2826
2364
1735
1112
640
176
-345
-968
-1703
-2414
-3046
-3550
-3953
-4251
-4493
-4572
-4404
-4108
-3767
-3330
-2693
-1970
-1301
-640
66
773
1430
1904
2172
2469
2785
2827
2744
2738
2589
2379
2297
2146
1956
1908
1819
1639
1579
1573
1398
1198
1083
852
569
377
141
-212
-528
-797
-1128
-1348
-1526
-1836
-2092
-2224
-2418
-2707
-2917
-3148
-3435
-3646
-3853
-4081
-4214
-4240
-4264
-4199
-4018
-3760
-3362
-2733
-1878
-1001
-162
736
1643
2630
3594
4367
4808
5202
5586
5647
5554
5341
5127
4884
4481
3938
3391
3068
2773
2302
1706
1112
641
116
-448
-1112
-1851
-2572
-3251
-3811
-4269
-4617
-4863
-4899
-4712
-4434
-4037
-3520
-2792
-1958
-1194
-415
311
1069
1772
2242
2541
2820
3054
3054
3064
2975
2698
2561
2520
2406
2262
2215
2106
2001
2013
1895
1622
1419
1248
916
574
300
-93
-474
-773
-1113
-1442
-1638
-1808
-2059
-2205
-2360
-2574
-2753
-2939
-3187
-3490
-3713
-3928
-4132
-4258
-4343
-4336
-4199
-3992
-3714
-3264
-2566
-1619
-721
111
965
1916
2916
3841
4560
4889
5236
5552
5563
5407
5165
4947
4643
4248
3752
3243
2971
2700
2243
1647
1104
640
86
-466
-1154
-1966
-2738
-3408
-3992
-4502
-4875
-5146
-5131
-4913
-4597
-4203
-3642
-2834
-1964
-1119
-394
326
1133
1841
2318
2589
2834
2998
3114
3136
2973
2789
2707
2680
2577
2475
2408
2332
2288
2203
1975
1703
1517
1298
942
568
199
-153
-441
-748
-1118
-1427
-1598
-1769
-1967
-2181
-2424
-2642
-2816
-3011
-3319
-3607
-3818
-4003
-4129
-4233
-4290
-4241
-4062
-3852
-3596
-3118
-2435
-1493
-584
202
1024
1928
2944
3852
4489
4789
5100
5399
5428
5259
4977
4738
4486
4111
3608
3109
2827
2612
2213
1661
1126
635
106
-439
-1124
-1959
-2765
-3479
-4071
-4565
-4999
-5292
-5335
-5101
-4776
-4415
-3899
-3139
-2252
-1358
-529
136
923
1667
2169
2519
2789
2920
3006
3160
2995
2784
2769
2735
2665
2626
2572
2415
2410
2431
2198
1931
1723
1453
1054
724
311
-202
-532
-838
-1213
-1547
-1747
-1970
-2164
-2232
-2442
-2688
-2819
-2958
-3199
-3484
-3645
-3856
-3959
-3989
-4097
-4082
-3945
-3706
-3496
-3014
-2331
-1543
-589
254
1105
1974
2981
3875
4494
4904
5145
5400
5441
5291
4987
4651
4429
4064
3616
3131
2779
2579
2267
1832
1245
729
208
-371
-1013
-1837
-2669
-3452
-4071
-4616
-5085
-5354
-5432
-5231
-4925
-4523
-3971
-3199
-2182
-1257
-487
244
1026
1751
2260
2544
2645
2822
2994
2978
2863
2725
2711
2791
2839
2781
2740
2776
2761
2664
2428
2162
1877
1557
1155
634
151
-252
-583
-955
-1325
-1640
-1862
-1940
-2045
-2230
-2450
-2657
-2772
-2946
-3170
-3437
-3673
-3808
-3952
-4031
-4102
-4049
-3893
-3742
-3517
-3122
-2483
-1670
-754
51
805
1691
2666
3538
4237
4670
4894
5181
5316
5148
4842
4585
4399
4058
3612
3104
2728
2597
2364
1891
1271
747
289
-263
-904
-1699
-2552
-3291
-3911
-4459
-4923
-5217
-5310
-5177
-4906
-4576
-4126
-3432
-2519
-1575
-822
-163
658
1421
2026
2415
2602
2784
3058
3161
2991
2897
2889
2899
2951
2935
2813
2770
2830
2773
2552
2351
2104
1748
1390
956
420
-21
-333
-754
-1240
-1589
-1859
-2049
-2159
-2334
-2627
-2804
-2869
-3000
-3177
-3378
-3567
-3717
-3790
-3861
-3965
-3950
-3834
-3682
-3515
-3180
-2616
-1962
-1080
-240
507
1381
2285
3163
3885
4480
4772
4986
5239
5193
4942
4628
4401
4137
3752
3311
2827
2572
2450
2081
1486
918
455
-86
-686
-1404
-2242
-2997
-3674
-4281
-4802
-5136
-5302
-5311
-5085
-4752
-4327
-3713
-2789
-1746
-888
-147
524
1245
1976
2453
2609
2661
2854
2928
2839
2729
2625
2656
2766
2810
2718
2698
2832
2884
2771
2560
2254
1900
1592
1179
590
48
-356
-769
-1220
-1605
-1919
-2116
-2185
-2320
-2549
-2734
-2802
-2856
-2957
-3112
-3359
-3494
-3544
-3594
-3668
-3740
-3700
-3576
-3358
-3140
-2781
-2196
-1425
-518
242
1059
1922
2783
3603
4257
4706
4901
5156
5239
5043
4765
4458
4216
3873
3442
2958
2550
2387
2141
1648
1031
525
68
-471
-1072
-1842
-2637
-3344
-3963
-4487
-4904
-5158
-5268
-5172
-4924
-4545
-4012
-3295
-2336
-1392
-547
153
810
1561
2166
2546
2704
2799
2857
2943
2956
2750
2667
2731
2791
2798
2777
2772
2803
2891
2808
2517
2190
1895
1552
1067
571
3
-529
-929
-1321
-1721
-2045
-2231
-2394
-2504
-2614
-2758
-2827
-2825
-2840
-2973
-3111
-3166
-3265
-3338
-3405
-3494
-3482
-3329
-3137
-2932
-2477
-1910
-1181
-273
542
1314
2073
2889
3637
4244
4599
4703
4851
4846
4622
4254
3916
3651
3275
2881
2391
2022
1861
1617
1154
581
128
-348
-865
-1420
-2156
-2928
-3594
-4142
-4593
-4915
-5108
-5194
-5020
-4624
-4131
-3526
-2731
-1788
-848
-19
687
1361
2033
2557
2823
2918
2941
2983
3003
2928
2765
2666
2711
2744
2739
2755
2789
2838
2835
2689
2397
2070
1777
1385
887
317
-248
-729
-1137
-1519
-1925
-2216
-2382
-2463
-2508
-2568
-2597
-2610
-2568
-2572
-2645
-2718
-2815
-2909
-3012
-3122
-3228
-3204
-3095
-2949
-2699
-2293
-1741
-1012
-143
624
1375
2134
2901
3608
4172
4494
4543
4626
4597
4339
3980
3640
3350
2996
2583
2115
1739
1582
1370
934
389
-75
-516
-1034
-1580
-2268
-2992
-3607
-4134
-4575
-4870
-4985
-4990
-4759
-4331
-3793
-3142
-2360
-1427
-568
259
1008
1593
2210
2687
2906
2991
3090
3040
2971
3034
2874
2683
2714
2771
2742
2789
2856
2733
2641
2600
2306
1889
1569
1148
510
-26
-517
-1085
-1547
-1883
-2277
-2596
-2655
-2694
-2715
-2620
-2555
-2569
-2483
-2367
-2402
-2508
-2599
-2759
-2870
-2883
-2967
-3027
-2945
-2735
-2518
-2139
-1587
-1044
-267
570
1283
1928
2603
3295
3809
4218
4314
4254
4263
4132
3801
3375
3079
2788
2413
2039
1614
1300
1133
850
372
-114
-533
-1022
-1526
-2051
-2704
-3384
-3934
-4336
-4623
-4722
-4684
-4499
-4086
-3488
-2826
-2124
-1253
-376
426
1159
1723
2200
2642
2946
3029
3071
3103
3031
3038
3003
2821
2770
2878
2913
2893
2905
2815
2642
2528
2334
1916
1462
1010
406
-201
-684
-1195
-1708
-2042
-2322
-2614
-2681
-2627
-2590
-2471
-2323
-2220
-2152
-2067
-2043
-2117
-2210
-2309
-2401
-2514
-2563
-2561
-2525
-2343
-2094
-1858
-1550
-1070
-563
51
787
1369
1881
2386
2891
3309
3606
3717
3615
3610
3519
3182
2786
2500
2299
1975
1586
1133
789
700
511
67
-469
-902
-1323
-1782
-2239
-2843
-3474
-3912
-4173
-4337
-4336
-4171
-3896
-3361
-2680
-2043
-1407
-651
169
870
1432
1865
2244
2623
2914
3006
3016
3090
3115
3102
3090
3003
2943
2982
2960
2841
2728
2567
2311
2042
1729
1296
821
338
-217
-785
-1228
-1631
-2012
-2313
-2526
-2636
-2600
-2470
-2357
-2186
-1963
-1791
-1675
-1611
-1620
-1647
-1697
-1838
-1997
-2111
-2166
-2112
-2026
-1925
-1767
-1550
-1239
-846
-434
-57
456
1035
1509
1918
2213
2516
2813
3050
3057
2914
2868
2732
2493
2201
1919
1685
1428
1117
732
449
265
-25
-453
-952
-1405
-1860
-2298
-2717
-3167
-3540
-3785
-3863
-3786
-3556
-3214
-2772
-2171
-1535
-931
-336
303
952
1439
1832
2183
2474
2762
2939
2942
2948
3089
3104
3028
3052
2966
2846
2809
2707
2478
2254
2012
1620
1254
946
504
-49
-512
-943
-1424
-1752
-1983
-2214
-2344
-2333
-2297
-2192
-1959
-1772
-1630
-1462
-1341
-1306
-1295
-1292
-1377
-1494
-1585
-1683
-1699
-1649
-1590
-1540
-1432
-1234
-1040
-822
-620
-383
-112
259
688
952
1187
1394
1630
1892
2109
2157
2057
2092
2028
1820
1612
1419
1267
1055
769
391
116
2
-224
-624
-1094
-1439
-1740
-2035
-2264
-2550
-2763
-2812
-2750
-2636
-2396
-2061
-1707
-1235
-738
-281
157
624
1133
1527
1819
2109
2371
2571
2738
2821
2853
2977
3057
2944
2832
2771
2623
2436
2242
1963
1647
1398
1088
641
256
-42
-434
-846
-1179
-1514
-1786
-1872
-1920
-2058
-2044
-1863
-1708
-1538
-1361
-1248
-1133
-921
-829
-895
-927
-957
-1005
-1075
-1161
-1273
-1295
-1229
-1181
-1162
-1093
-935
-787
-646
-541
-471
-324
31
342
474
611
807
1059
1328
1519
1467
1448
1575
1549
1370
1194
1101
1007
841
548
178
6
-37
-227
-610
-995
-1230
-1390
-1497
-1649
-1876
-1980
-1929
-1809
-1646
-1433
-1203
-857
-401
-21
273
559
942
1314
1542
1634
1788
2071
2307
2428
2407
2439
2623
2752
2622
2431
2360
2248
2058
1808
1449
1088
861
555
87
-280
-503
-773
-1048
-1267
-1502
-1624
-1530
-1472
-1565
-1535
-1353
-1171
-1002
-887
-896
-865
-668
-587
-691
-790
-851
-888
-903
-969
-1107
-1157
-1065
-1021
-1027
-1045
-1051
-994
-945
-994
-1097
-1089
-921
-673
-523
-444
-306
-19
364
709
898
985
1180
1335
1335
1254
1150
1110
1026
802
462
204
129
53
-171
-506
-725
-795
-823
-840
-945
-1063
-1069
-989
-879
-749
-598
-440
-199
41
216
381
568
836
1063
1191
1296
1502
1819
2064
2181
2209
2324
2488
2552
2467
2225
2028
1872
1619
1278
902
568
298
64
-219
-492
-639
-742
-838
-957
-1033
-995
-895
-815
-825
-836
-756
-640
-601
-631
-664
-694
-668
-660
-725
-786
-820
-846
-883
-934
-1024
-1064
-1055
-1097
-1180
-1312
-1406
-1484
-1588
-1744
-1865
-1836
-1716
-1480
-1276
-1071
-731
-313
126
517
843
1033
1279
1534
1578
1535
1467
1417
1350
1176
908
656
592
560
387
109
-86
-97
-103
-153
-289
-448
-495
-511
-554
-600
-601
-573
-507
-415
-363
-255
-73
182
449
642
805
1080
1503
1816
1972
2033
2100
2249
2311
2131
1833
1650
1524
1325
1048
732
510
408
297
78
-117
-142
-103
-146
-280
-405
-451
-392
-370
-532
-715
-758
-721
-726
-785
-883
-907
-788
-691
-735
-794
-825
-820
-826
-910
-1062
-1203
-1275
-1392
-1594
-1806
-1931
-1989
-2051
-2156
-2313
-2331
-2121
-1875
-1592
-1280
-965
-546
-48
414
803
1191
1455
1708
1963
2045
2020
1982
1996
1922
1719
1452
1243
1211
1186
997
666
459
424
348
167
-85
-310
-477
-626
-833
-1032
-1093
-1082
-1036
-935
-801
-603
-316
53
365
592
769
971
1281
1542
1677
1670
1698
1831
1906
1848
1737
1676
1605
1541
1407
1182
1051
1009
882
657
479
338
216
130
-50
-285
-473
-552
-658
-841
-961
-1040
-1062
-1057
-1092
-1175
-1190
-1088
-1061
-1091
-1133
-1210
-1239
-1268
-1354
-1494
-1612
-1694
-1785
-1880
-2013
-2104
-2145
-2133
-2098
-2115
-2081
-1965
-1776
-1548
-1297
-961
-602
-209
150
549
989
1411
1786
1989
2177
2341
2403
2377
2306
2222
2081
1868
1578
1315
1137
902
586
242
-51
-261
-469
-674
-864
-1017
-1132
-1186
-1203
-1164
-1036
-908
-717
-481
-278
-86
154
451
744
979
1112
1247
1433
1669
1868
1877
1902
1997
2059
2097
2104
1968
1836
1834
1654
1387
1230
1055
824
639
415
96
-65
-140
-332
-560
-729
-827
-929
-983
-1082
-1301
-1396
-1366
-1411
-1505
-1520
-1555
-1553
-1394
-1344
-1387
-1319
-1244
-1230
-1222
-1233
-1312
-1315
-1305
-1409
-1508
-1517
-1456
-1436
-1432
-1430
-1407
-1283
-1078
-903
-715
-374
-20
304
654
952
1234
1549
1811
1903
1953
1990
1898
1758
1591
1395
1165
930
664
391
219
94
-72
-267
-422
-551
-682
-758
-823
-926
-1006
-1035
-1009
-910
-704
-499
-259
70
385
704
1009
1292
1529
1685
1756
1755
1778
1759
1735
1670
1536
1474
1440
1409
1386
1377
1287
1237
1293
1224
1048
881
722
485
232
-80
-508
-821
-1022
-1298
-1643
-1879
-1978
-2031
-1975
-1907
-1898
-1739
-1422
-1143
-976
-793
-626
-456
-223
-150
-237
-316
-356
-464
-617
-766
-931
-1005
-1045
-1138
-1197
-1134
-1003
-908
-847
-804
-767
-664
-563
-524
-543
-487
-352
-226
-73
37
161
377
645
818
940
1130
1254
1306
1305
1235
1183
1114
935
615
332
165
11
-150
-323
-450
-519
-467
-341
-195
-1
197
395
649
941
1163
1312
1452
1522
1521
1454
1347
1250
1141
959
692
515
463
461
482
525
574
684
844
930
940
935
856
679
504
214
-189
-534
-834
-1182
-1485
-1731
-1916
-1929
-1800
-1693
-1580
-1332
-1015
-673
-335
-40
196
405
613
690
645
590
512
378
228
59
-174
-327
-419
-572
-692
-768
-838
-872
-908
-987
-1060
-1093
-1132
-1192
-1299
-1432
-1534
-1619
-1675
-1737
-1764
-1723
-1628
-1463
-1243
-966
-682
-362
-38
246
540
788
986
1153
1233
1244
1241
1249
1214
1149
1051
962
986
1054
1090
1088
1096
1169
1271
1333
1337
1286
1229
1183
1111
1001
889
767
639
541
432
317
217
138
46
-47
-168
-282
-341
-353
-368
-435
-480
-455
-396
-314
-266
-261
-209
-118
-85
-97
-64
-28
4
55
87
130
255
434
547
624
731
844
952
1063
1117
1075
1037
1009
907
759
584
360
114
-116
-369
-628
-850
-1081
-1305
-1491
-1648
-1766
-1862
-1954
-2055
-2137
-2162
-2153
-2161
-2174
-2182
-2185
-2153
-2104
-2098
-2076
-1988
-1877
-1710
-1483
-1213
-859
-438
-23
386
813
1234
1628
1951
2172
2348
2491
2570
2559
2448
2295
2155
2021
1838
1630
1446
1337
1265
1144
1006
888
784
676
539
361
167
-9
-209
-437
-632
-814
-973
-1122
-1249
-1346
-1409
-1405
-1348
-1263
-1178
-1066
-896
-663
-365
-114
117
418
706
964
1204
1396
1535
1718
1828
1803
1826
1856
1795
1720
1660
1524
1429
1397
1259
1083
974
842
691
553
382
149
-42
-189
-397
-637
-861
-1086
-1343
-1549
-1743
-1969
-2138
-2271
-2444
-2589
-2646
-2695
-2702
-2650
-2619
-2545
-2361
-2146
-1922
-1669
-1397
-1122
-834
-558
-327
-127
75
256
388
504
610
707
844
1033
1207
1379
1562
1728
1920
2130
2260
2272
2236
2168
2023
1789
1473
1109
762
429
25
-392
-684
-893
-1084
-1275
-1421
-1470
-1387
-1258
-1164
-1057
-909
-729
-583
-456
-312
-189
-70
19
55
71
117
198
295
400
472
567
750
1030
1328
1501
1641
1844
2058
2219
2304
2232
2086
2081
1978
1659
1407
1223
996
818
634
324
127
112
-23
-264
-460
-627
-795
-938
-1150
-1496
-1780
-1951
-2141
-2394
-2583
-2695
-2782
-2731
-2648
-2627
-2498
-2239
-1986
-1731
-1429
-1134
-813
-448
-176
21
250
498
687
817
904
976
1098
1229
1283
1251
1236
1260
1216
1125
993
802
618
437
178
-135
-364
-553
-777
-993
-1187
-1323
-1336
-1304
-1341
-1362
-1248
-1101
-1009
-934
-822
-662
-459
-311
-272
-150
111
358
542
689
871
1102
1331
1484
1574
1658
1719
1723
1655
1562
1490
1432
1364
1261
1147
1042
1004
1031
1079
1105
1085
1118
1206
1304
1353
1325
1254
1184
1104
934
712
462
167
-122
-440
-798
-1089
-1296
-1505
-1667
-1762
-1867
-1886
-1803
-1737
-1679
-1582
-1491
-1415
-1305
-1228
-1171
-1061
-911
-770
-630
-436
-193
59
323
557
724
886
1073
1192
1259
1300
1253
1173
1094
952
756
567
350
90
-163
-432
-670
-854
-1029
-1212
-1381
-1497
-1563
-1597
-1649
-1702
-1737
-1781
-1820
-1874
-1911
-1914
-1868
-1749
-1617
-1451
-1222
-937
-593
-231
96
374
693
1033
1272
1444
1604
1788
1958
2058
2082
2146
2304
2426
2449
2412
2416
2475
2501
2428
2272
2128
1984
1804
1552
1238
940
650
367
71
-235
-511
-741
-908
-1058
-1199
-1304
-1332
-1305
-1278
-1262
-1229
-1159
-1092
-1049
-1053
-1050
-988
-898
-831
-769
-638
-428
-198
43
268
493
765
1041
1235
1335
1423
1475
1474
1424
1273
1080
898
713
487
234
15
-171
-337
-494
-631
-735
-790
-820
-890
-948
-969
-998
-1042
-1088
-1150
-1236
-1299
-1351
-1400
-1397
-1381
-1351
-1289
-1205
-1104
-994
-861
-741
-647
-584
-544
-523
-507
-511
-556
-616
-661
-692
-706
-672
-605
-515
-367
-152
126
445
791
1152
1517
1874
2177
2439
2664
2806
2847
2803
2702
2544
2337
2070
1755
1432
1145
870
579
320
82
-141
-342
-523
-712
-876
-995
-1094
-1162
-1213
-1215
-1164
-1058
-910
-750
-571
-360
-114
123
328
505
662
816
951
1033
1091
1130
1157
1154
1110
1056
989
905
797
664
521
373
220
35
-150
-318
-487
-644
-797
-957
-1091
-1191
-1268
-1319
-1347
-1369
-1344
-1296
-1242
-1183
-1125
-1063
-1034
-1006
-980
-960
-935
-928
-926
-909
-843
-752
-666
-547
-414
-276
-109
47
177
285
381
418
418
388
314
203
78
-42
-172
-282
-359
-384
-383
-342
-267
-173
-37
117
255
382
511
613
671
695
683
658
606
540
460
385
349
334
322
327
378
466
564
668
767
866
969
1051
1108
1127
1117
1083
1023
948
848
734
638
541
462
423
403
418
473
540
602
678
756
830
887
896
854
772
664
551
409
227
46
-127
-275
-400
-521
-629
-711
-778
-838
-885
-934
-975
-1014
-1052
-1086
-1121
-1159
-1192
-1221
-1238
-1236
-1211
-1171
-1118
-1048
-952
-826
-703
-577
-443
-325
-221
-128
-60
-24
2
-9
-57
-131
-211
-287
-373
-451
-526
-598
-656
-689
-733
-791
-814
-824
-837
-827
-810
-786
-725
-641
-540
-403
-260
-118
51
232
392
559
716
853
984
1076
1125
1158
1182
1192
1174
1125
1056
974
886
800
713
616
527
440
358
290
239
200
181
171
168
185
218
259
320
406
489
583
673
763
880
1021
1121
1195
1273
1303
1293
1255
1168
1023
869
696
489
283
92
-105
-285
-426
-558
-680
-753
-790
-824
-839
-832
-812
-761
-701
-666
-637
-603
-569
-546
-531
-522
-530
-540
-555
-574
-597
-608
-606
-616
-626
-648
-657
-653
-667
-707
-769
-827
-891
-961
-1034
-1109
-1158
-1186
-1182
-1164
-1128
-1054
-943
-803
-650
-502
-352
-195
-16
154
308
453
590
715
818
914
987
1041
1075
1071
1026
972
894
802
693
566
403
236
69
-87
-226
-353
-451
-515
-552
-549
-489
-388
-247
-88
81
263
466
680
855
979
1077
1147
1205
1236
1226
1167
1101
1058
1006
953
885
827
776
724
689
637
584
526
458
373
289
194
85
-20
-130
-253
-369
-489
-577
-631
-674
-703
-716
-694
-662
-605
-535
-474
-418
-360
-313
-286
-276
-289
-337
-391
-441
-491
-542
-598
-652
-704
-733
-726
-709
-688
-648
-599
-545
-489
-445
-409
-373
-353
-350
-356
-373
-396
-395
-397
-400
-395
-368
-327
-265
-193
-133
-78
-13
50
104
149
188
195
179
159
113
70
42
42
44
53
85
138
221
312
393
468
533
590
635
664
673
671
666
645
619
595
589
588
588
600
614
631
655
683
699
706
700
673
630
572
490
403
324
245
152
67
-16
-98
-142
-198
-259
-304
-341
-381
-415
-432
-436
-432
-440
-449
-455
-439
-412
-412
-407
-389
-370
-344
-307
-273
-247
-213
-186
-176
-152
-120
-93
-84
-90
-125
-160
-197
-230
-279
-349
-410
-464
-524
-592
-654
-723
-777
-832
-892
-915
-922
-917
-907
-889
-853
-802
-727
-633
-534
-430
-311
-183
-53
80
201
312
432
552
661
742
815
881
935
990
1013
1019
1036
1050
1052
1033
997
964
922
863
781
690
593
500
396
275
148
31
-70
-158
-234
-292
-334
-342
-328
-309
-271
-220
-156
-110
-76
-37
2
45
104
138
158
191
228
275
327
369
392
444
493
521
549
567
559
533
498
442
373
325
261
169
78
-7
-81
-137
-205
-283
-363
-411
-449
-498
-569
-648
-721
-790
-857
-944
-1033
-1113
-1176
-1228
-1277
-1312
-1321
-1304
-1249
-1181
-1097
-999
-872
-728
-593
-448
-310
-162
-35
62
146
235
312
368
413
446
486
539
598
656
734
807
879
946
997
1032
1043
1025
977
909
797
677
547
410
264
111
-39
-173
-290
-383
-462
-530
-580
-600
-595
-591
-568
-542
-507
-447
-394
-342
-258
-153
-55
37
141
242
346
472
597
729
862
996
1110
1204
1291
1339
1370
1393
1380
1336
1266
1177
1059
944
797
633
484
318
127
-53
-225
-397
-540
-690
-856
-974
-1053
-1130
-1178
-1216
-1231
-1219
-1180
-1153
-1109
-1028
-934
-839
-767
-699
-614
-510
-423
-353
-292
-235
-174
-107
-70
-47
-20
14
40
65
116
153
215
272
325
375
450
503
537
565
567
552
514
450
365
279
176
63
-52
-161
-282
-376
-465
-528
-583
-615
-645
-663
-660
-649
-626
-587
-543
-502
-459
-421
-380
-333
-272
-209
-134
-62
-1
75
159
269
387
499
599
682
772
872
951
1010
1039
1062
1070
1059
1023
959
889
808
717
616
502
384
254
132
19
-85
-171
-275
-369
-454
-520
-581
-623
-635
-647
-640
-621
-589
-541
-455
-364
-273
-187
-108
-31
65
145
211
257
296
341
383
406
420
443
456
445
430
413
393
382
360
321
279
249
217
188
144
103
56
3
-67
-137
-219
-287
-353
-427
-495
-557
-613
-648
-660
-660
-650
-622
-592
-563
-528
-512
-492
-470
-437
-410
-388
-374
-342
-302
-232
-163
-89
-13
85
191
297
397
484
564
624
666
687
705
690
664
605
531
450
356
247
139
38
-51
-121
-187
-247
-293
-305
-319
-326
-346
-349
-340
-328
-325
-345
-354
-341
-320
-286
-236
-184
-110
-7
105
220
345
461
569
677
760
829
858
869
837
791
730
662
582
496
402
302
213
138
61
3
-53
-105
-144
-192
-245
-309
-352
-393
-438
-478
-518
-567
-577
-581
-572
-566
-531
-514
-470
-429
-396
-356
-305
-256
-218
-181
-149
-126
-97
-59
-49
-29
-11
2
16
36
54
62
82
101
97
118
140
150
146
165
155
156
151
142
117
98
90
67
59
40
19
2
-24
-77
-126
-169
-217
-275
-331
-386
-426
-437
-437
-428
-412
-366
-320
-253
-173
-101
-1
103
213
314
412
507
593
691
761
836
899
964
993
1016
1017
986
964
926
869
781
672
540
413
298
169
38
-107
-219
-329
-411
-484
-543
-590
-624
-649
-671
-676
-690
-695
-719
-725
-738
-730
-723
-703
-666
-615
-544
-458
-360
-245
-127
-16
89
186
270
350
403
429
423
395
358
298
241
168
101
29
-40
-103
-146
-171
-194
-222
-243
-256
-267
-269
-270
-284
-300
-311
-324
-334
-345
-357
-365
-363
-360
-339
-305
-261
-232
-200
-167
-141
-106
-78
-58
-48
-31
-16
17
62
116
176
240
323
417
522
638
736
827
917
985
1036
1061
1061
1032
985
928
846
770
677
581
477
387
287
197
107
39
-24
-65
-104
-128
-155
-167
-179
-213
-234
-262
-276
-299
-332
-378
-422
-448
-459
-471
-458
-452
-435
-405
-354
-315
-258
-199
-152
-116
-91
-90
-104
-120
-160
-197
-247
-282
-329
-353
-371
-390
-389
-373
-347
-323
-297
-276
-260
-232
-218
-211
-211
-220
-240
-255
-265
-294
-318
-330
-332
-323
-308
-301
-278
-240
-199
-160
-120
-71
-30
12
49
78
111
146
182
196
220
241
266
289
317
342
343
365
382
410
440
477
514
551
596
621
659
694
724
742
753
739
710
685
649
603
543
483
418
362
300
240
184
147
114
86
69
56
40
31
25
1
-28
-58
-89
-131
-174
-215
-268
-287
-306
-324
-333
-340
-341
-348
-326
-321
-316
-310
-316
-341
-374
-408
-447
-498
-551
-611
-665
-701
-722
-736
-734
-711
-675
-612
-550
-489
-425
-341
-279
-217
-165
-119
-95
-64
-67
-58
-35
-23
-5
15
48
79
137
193
248
295
325
342
347
330
301
250
190
129
67
0
-55
-91
-113
-118
-112
-90
-38
18
64
123
175
239
287
331
362
378
413
422
441
449
466
470
482
504
521
550
564
571
579
595
587
580
552
515
479
434
388
327
261
209
154
121
102
88
69
60
42
25
31
24
11
-22
-42
-88
-113
-162
-211
-259
-303
-330
-373
-393
-437
-452
-466
-459
-453
-452
-446
-440
-428
-407
-399
-394
-386
-377
-367
-357
-338
-322
-297
-265
-233
-181
-120
-55
-18
17
50
82
112
120
106
82
60
30
26
13
0
-26
-45
-62
-69
-68
-69
-62
-65
-61
-68
-63
-69
-71
-78
-85
-97
-96
-83
-64
-48
-35
5
41
93
129
171
207
257
292
322
341
353
351
345
347
321
299
284
280
265
246
229
218
211
206
187
178
166
146
125
99
71
30
9
-31
-72
-101
-133
-167
-203
-230
-267
-285
-304
-317
-317
-310
-304
-290
-267
-249
-229
-209
-178
-163
-129
-108
-77
-46
-35
-20
-3
24
35
59
66
68
59
60
41
23
1
-21
-34
-47
-53
-70
-76
-84
-86
-82
-77
-84
-103
-127
-133
-144
-146
-148
-141
-116
-89
-56
-22
28
89
155
209
257
284
304
318
323
330
321
300
255
227
197
168
135
104
82
60
48
39
33
40
34
36
34
33
26
19
9
-8
-33
-59
-77
-102
-107
-128
-130
-130
-121
-103
-90
-98
-113
-129
-154
-189
-223
-259
-312
-352
-403
-424
-452
-452
-440
-417
-361
-306
-238
-168
-90
-31
36
76
109
126
145
145
139
116
97
82
72
68
63
73
82
99
111
140
152
164
157
149
128
109
82
33
-11
-57
-88
-118
-140
-161
-175
-159
-129
-89
-58
-5
54
115
169
199
217
231
240
233
223
193
173
139
128
117
131
141
171
223
263
317
344
400
428
456
461
465
455
431
391
341
287
243
205
156
131
105
88
72
55
36
16
7
0
-26
-53
-93
-127
-161
-194
-230
-259
-282
-306
-323
-332
-334
-331
-308
-289
-259
-241
-210
-185
-159
-130
-106
-83
-46
-14
13
42
80
110
148
179
206
224
234
230
211
197
173
143
94
29
-31
-76
-128
-182
-239
-279
-301
-300
-287
-269
-251
-226
-191
-157
-117
-91
-78
-70
-71
-77
-81
-81
-84
-87
-95
-93
-90
-83
-63
-63
-39
-36
-21
-29
-33
-37
-36
-32
-39
-24
-18
-1
4
47
75
111
142
172
205
223
240
235
240
229
221
192
164
120
84
43
2
-28
-63
-78
-119
-146
-178
-190
-204
-223
-243
-262
-275
-306
-323
-345
-362
-379
-382
-379
-374
-354
-309
-246
-179
-103
-35
45
118
192
257
305
337
346
369
376
374
352
341
327
318
304
287
293
293
304
308
302
295
270
236
202
160
125
74
16
-46
-77
-95
-111
-118
-126
-124
-129
-100
-80
-57
-41
-38
-53
-80
-105
-136
-162
-185
-210
-236
-251
-241
-204
-161
-103
-53
12
66
119
177
204
228
236
245
230
199
180
146
114
80
39
13
-19
-36
-64
-88
-107
-125
-145
-169
-185
-218
-239
-282
-308
-340
-371
-399
-422
-440
-455
-441
-430
-399
-370
-323
-273
-223
-184
-146
-127
-106
-83
-80
-83
-99
-108
-117
-102
-91
-66
-27
12
71
137
205
277
353
411
465
500
523
525
515
500
465
436
404
369
331
291
255
228
208
199
178
160
133
119
79
47
16
-30
-70
-122
-166
-212
-234
-259
-267
-258
-241
-208
-174
-123
-78
-15
54
123
196
251
302
341
381
418
440
460
456
446
421
389
358
319
285
234
177
115
54
-3
-50
-92
-140
-182
-216
-260
-273
-297
-307
-322
-322
-338
-347
-353
-366
-371
-388
-387
-401
-392
-388
-375
-365
-324
-285
-243
-204
-168
-128
-93
-46
-26
5
8
18
15
22
27
25
32
23
26
23
51
83
136
166
211
247
291
345
386
420
425
437
408
378
323
269
198
123
54
-21
-84
-143
-185
-217
-234
-240
-245
-246
-234
-240
-237
-235
-227
-232
-247
-247
-248
-230
-207
-167
-133
-77
-20
40
108
175
238
294
336
367
376
371
366
333
307
266
224
164
106
54
8
-27
-43
-64
-72
-72
-67
-69
-70
-60
-65
-60
-68
-82
-120
-152
-192
-228
-245
-255
-267
-270
-266
-245
-228
-197
-158
-125
-87
-66
-48
-34
-20
-13
-1
7
10
13
15
25
35
61
81
106
129
155
172
200
221
240
247
254
241
236
232
222
211
198
184
167
156
143
135
127
121
96
66
37
6
-31
-60
-91
-136
-165
-195
-218
-231
-243
-243
-243
-232
-221
-207
-193
-170
-161
-146
-133
-123
-112
-104
-95
-86
-60
-51
-27
-6
21
37
73
94
113
124
133
147
137
152
133
135
125
109
86
70
64
40
36
12
4
-12
-3
-10
-11
-11
-6
-8
-13
-6
-26
-30
-49
-55
-76
-76
-69
-70
-58
-46
-30
-23
2
15
19
32
30
25
9
1
-26
-38
-48
-62
-64
-53
-35
-19
6
29
58
82
109
118
118
126
126
125
126
128
111
111
108
113
101
100
96
87
77
68
55
41
25
-2
-16
-47
-56
-80
-94
-117
-136
-141
-142
-131
-120
-102
-91
-79
-58
-36
-26
-15
-11
-17
-25
-23
-26
-34
-49
-51
-49
-37
-13
-4
26
45
73
86
105
122
135
146
143
139
118
99
72
50
25
8
-20
-30
-40
-42
-30
-20
7
17
44
59
75
81
89
77
54
32
1
-34
-80
-106
-148
-168
-187
-188
-193
-185
-173
-157
-132
-110
-87
-86
-64
-58
-46
-40
-29
-10
5
39
57
87
116
149
181
214
236
248
263
262
263
248
224
186
141
102
56
15
-30
-62
-101
-132
-161
-176
-199
-219
-227
-242
-244
-240
-238
-243
-243
-244
-239
-228
-215
-204
-191
-166
-139
-93
-53
-7
44
93
134
163
198
227
238
246
244
225
215
194
170
137
107
71
45
38
22
9
3
6
2
1
5
3
8
23
18
24
24
25
22
34
38
41
40
41
33
39
47
41
44
35
35
16
15
-3
-18
-32
-41
-54
-72
-73
-88
-86
-91
-88
-89
-75
-56
-41
-23
-7
-3
21
39
56
66
83
95
91
108
111
115
122
128
119
107
95
77
57
41
20
-13
-38
-68
-101
-133
-171
-193
-218
-230
-248
-255
-260
-250
-235
-220
-191
-169
-132
-102
-66
-40
4
44
79
115
140
167
189
209
221
242
255
265
270
262
252
246
239
228
202
185
158
130
105
78
51
29
9
-31
-66
-102
-129
-149
-157
-175
-187
-201
-202
-206
-196
-183
-168
-150
-136
-118
-100
-69
-53
-34
-25
-8
0
19
19
30
39
46
54
58
70
71
93
97
103
96
98
91
83
73
55
35
5
-27
-56
-90
-118
-142
-157
-184
-196
-194
-190
-181
-174
-160
-155
-137
-131
-114
-103
-93
-74
-63
-48
-45
-27
-12
12
15
38
45
63
70
74
81
68
62
49
43
21
17
1
-7
-14
-11
1
4
15
31
58
70
91
112
138
151
166
179
184
187
181
186
176
170
149
131
113
92
88
60
46
14
-12
-44
-64
-88
-104
-116
-142
-163
-193
-200
-218
-209
-196
-176
-157
-131
-92
-57
-9
36
78
108
137
160
178
191
195
196
179
162
145
126
111
86
62
39
16
-17
-41
-79
-110
-151
-186
-219
-251
-266
-288
-294
-291
-284
-265
-246
-228
-205
-173
-142
-117
-85
-68
-54
-44
-34
-31
-35
-28
-33
-33
-29
-22
-20
-5
4
9
11
19
20
18
12
-1
-12
-24
-36
-44
-53
-60
-62
-51
-25
-6
22
53
89
121
162
201
238
261
274
287
285
276
256
237
196
155
110
74
35
-4
-32
-63
-84
-101
-108
-109
-108
-108
-93
-92
-90
-91
-88
-81
-87
-78
-83
-80
-85
-76
-61
-50
-22
-1
23
32
49
72
84
99
93
89
76
71
56
53
45
37
25
23
18
16
25
28
34
40
49
38
38
33
33
24
11
-3
-21
-42
-60
-70
-63
-57
-48
-37
-34
-15
2
21
29
34
35
30
23
28
24
18
11
2
4
6
3
10
21
41
53
70
92
109
119
131
140
140
126
105
80
55
30
3
-28
-58
-82
-116
-128
-144
-145
-152
-144
-138
-132
-117
-107
-105
-107
-107
-119
-129
-141
-144
-149
-143
-143
-127
-106
-83
-65
-38
-16
5
25
46
52
71
85
93
101
97
93
88
85
72
58
48
41
22
19
14
9
2
-4
-7
-12
-21
-26
-37
-45
-53
-69
-73
-77
-75
-75
-72
-67
-76
-75
-79
-77
-84
-84
-87
-89
-78
-77
-59
-50
-30
-15
10
25
43
58
84
90
108
118
132
149
156
177
185
200
194
208
213
217
209
213
205
198
186
181
167
153
139
115
93
68
51
24
3
-29
-52
-71
-82
-100
-103
-105
-107
-116
-111
-108
-101
-89
-77
-72
-71
-68
-62
-55
-42
-33
-15
-3
6
15
32
50
66
87
94
96
94
100
92
87
73
57
34
6
-23
-50
-72
-92
-109
-127
-141
-160
-172
-184
-195
-205
-215
-217
-229
-225
-218
-210
-199
-188
-166
-157
-134
-126
-104
-87
-64
-44
-26
-6
3
20
28
36
38
49
51
55
54
63
61
69
77
84
98
101
114
120
133
141
143
144
144
143
137
138
128
124
114
113
96
93
85
76
63
54
27
7
-12
-29
-45
-63
-74
-98
-104
-115
-119
-119
-116
-109
-110
-97
-99
-98
-96
-91
-87
-78
-62
-50
-37
-24
3
25
56
77
107
122
146
158
175
184
185
185
179
175
157
142
118
96
76
49
24
-2
-21
-49
-64
-76
-88
-87
-89
-87
-90
-82
-76
-70
-66
-60
-60
-54
-52
-50
-53
-50
-52
-53
-44
-41
-27
-24
-14
-12
5
19
32
35
36
36
37
39
38
37
34
33
26
22
23
25
28
28
28
31
37
39
47
51
58
62
62
64
54
52
42
36
18
5
-11
-29
-44
-61
-70
-84
-88
-100
-107
-114
-110
-116
-116
-117
-110
-112
-108
-102
-102
-96
-99
-92
-94
-90
-90
-93
-91
-85
-71
-54
-44
-36
-29
-17
-8
6
17
27
38
45
50
66
79
91
96
101
100
97
102
94
88
71
61
47
36
32
24
25
23
29
28
34
48
52
62
58
60
53
51
41
27
12
0
-16
-32
-45
-49
-52
-50
-35
-25
0
25
59
82
111
134
153
169
177
184
169
162
150
138
128
112
104
91
89
80
73
68
57
51
36
31
22
17
3
-10
-29
-42
-59
-64
-80
-99
-117
-133
-143
-157
-161
-178
-182
-183
-184
-186
-190
-187
-190
-179
-177
-173
-168
-165
-164
-167
-152
-146
-129
-115
-96
-80
-64
-44
-23
-4
17
34
53
64
77
88
96
108
111
122
124
138
146
158
170
173
179
179
177
165
157
147
134
122
102
78
50
23
-1
-18
-30
-48
-59
-74
-82
-80
-76
-68
-60
-51
-44
-36
-18
-10
7
12
21
25
34
49
57
71
83
101
112
122
126
129
132
132
135
130
123
103
91
73
62
49
28
5
-25
-41
-60
-67
-87
-99
-118
-128
-140
-146
-148
-148
-140
-140
-130
-132
-129
-127
-127
-125
-116
-109
-105
-102
-84
-73
-66
-54
-48
-35
-26
-7
15
34
46
45
51
53
60
67
66
66
67
71
75
73
78
82
87
89
91
98
100
101
98
96
88
81
75
69
63
48
48
39
31
17
3
-10
-24
-25
-33
-49
-68
-77
-84
-90
-81
-76
-71
-70
-66
-56
-50
-45
-33
-30
-19
-5
9
11
8
7
8
8
4
7
-5
-10
-17
-12
-11
-9
-15
-25
-22
-23
-33
-48
-55
-72
-88
-93
-102
-120
-128
-131
-129
-118
-119
-120
-108
-96
-76
-63
-42
-36
-30
-3
9
20
26
29
28
18
18
12
16
23
31
27
24
33
34
47
45
47
45
43
45
45
46
36
26
35
34
42
54
50
53
66
81
93
96
97
90
95
97
98
99
90
76
60
59
55
42
23
14
15
18
30
34
37
24
23
19
16
26
34
32
26
19
25
21
16
-2
-21
-36
-46
-52
-65
-74
-88
-89
-95
-103
-107
-103
-94
-91
-95
-87
-88
-83
-77
-83
-69
-58
-46
-31
-29
-26
-30
-31
-36
-41
-38
-35
-25
-25
-16
-20
-19
-17
-20
-8
-10
-7
-10
-5
-25
-46
-43
-43
-29
-28
-25
-37
-52
-58
-62
-61
-58
-50
-46
-46
-31
-18
-7
5
35
46
58
90
105
116
122
130
130
127
125
115
110
97
94
93
81
85
85
88
86
72
64
50
52
36
31
32
27
20
2
0
0
-2
0
-1
-4
-14
-11
-18
-15
-11
-27
-32
-30
-18
-27
-18
-16
-18
-29
-48
-51
-58
-43
-35
-39
-34
-43
-48
-54
-38
-40
-50
-49
-13
10
138
31
-314
-378
-147
207
469
596
368
-7
-182
-251
-367
-392
-220
55
212
164
90
-30
-335
-533
-453
-346
-287
-164
10
91
112
84
-31
-115
-79
-36
-11
33
23
-31
-49
-19
-36
-50
37
178
282
303
235
108
15
21
101
139
95
50
41
64
62
33
17
33
103
133
86
18
-2
-33
-52
-5
94
170
159
77
-43
-112
-139
-155
-166
-122
-23
58
75
47
34
14
-20
-31
-21
-7
11
53
84
129
173
214
198
156
108
26
-50
-83
-69
-21
37
68
107
137
130
52
-29
-94
-148
-180
-191
-185
-167
-148
-126
-123
-123
-115
-112
-103
-113
-129
-148
-162
-147
-109
-73
-60
-43
0
35
60
83
85
76
72
34
-4
-34
-56
-60
-57
-65
-58
-28
-9
-8
-6
-15
-23
-10
24
44
55
86
99
98
52
-30
-82
-103
-81
-43
-21
-12
-17
-3
36
64
64
66
60
61
75
71
57
51
41
41
34
33
27
15
12
9
31
58
101
157
181
153
127
141
158
157
144
117
94
74
75
59
18
-15
-47
-53
-35
2
14
2
-21
-52
-69
-75
-88
-116
-136
-137
-139
-141
-144
-149
-149
-146
-123
-79
-47
-25
-26
-26
-31
-34
-8
31
56
57
59
53
42
24
-9
-22
-10
7
6
15
44
68
73
76
88
90
81
61
31
1
-24
-50
-64
-65
-48
-29
-21
-28
-28
-16
-9
-13
-16
-20
-19
-24
-62
-105
-122
-117
-99
-87
-77
-64
-42
-22
-9
21
56
76
70
68
101
135
135
126
96
75
70
84
102
121
123
102
93
102
110
96
83
64
34
3
-36
-77
-117
-143
-151
-138
-127
-132
-126
-98
-75
-75
-69
-55
-44
-32
-16
0
21
40
54
49
35
30
26
19
17
18
31
27
27
38
43
39
39
24
9
17
18
29
44
61
52
37
1
-7
-4
3
13
-5
-1
30
59
50
39
14
-3
-6
-1
-7
-4
-7
-14
-2
-1
-18
-26
-30
-38
-44
-44
-42
-58
-74
-63
-44
-42
-30
-13
5
11
10
3
22
45
39
22
2
26
64
80
72
56
54
71
59
19
10
12
22
-4
-42
-71
-91
-103
-82
-59
-52
-52
-79
-92
-75
-42
-50
-63
-72
-41
5
48
56
41
36
37
56
78
98
79
60
38
32
31
33
24
-4
-4
17
35
3
-34
-58
-55
-46
-29
-7
-5
2
10
10
1
4
-10
-36
-43
-31
-21
-16
-20
-31
-33
-30
-17
-8
-10
-24
-33
-32
-28
-23
-5
13
26
50
55
53
51
44
35
45
56
64
56
50
66
82
80
59
45
55
52
39
18
-14
-40
-49
-48
-35
-23
-23
-29
-60
-78
-85
-82
-90
-102
-92
-55
-21
-3
-4
-11
-12
6
22
26
35
37
44
63
94
106
106
108
117
118
109
97
85
74
63
48
42
49
38
11
0
2
5
14
-1
-26
-37
-52
-57
-45
-35
-42
-53
-62
-73
-68
-53
-67
-87
-96
-81
-54
-51
-56
-52
-40
-19
-6
-9
-19
-24
-24
-18
-20
-14
-6
3
8
16
30
39
46
29
8
-11
-10
-5
1
7
4
5
-7
-14
-19
-8
8
17
15
-1
-17
-42
-66
-90
-96
-94
-105
-115
-121
-115
-101
-75
-60
-48
-29
-18
-14
-8
7
22
14
-22
-33
-17
25
57
66
68
79
93
81
85
104
137
164
173
161
150
143
134
119
95
92
73
37
15
11
13
34
39
28
3
-18
-30
-34
-40
-62
-66
-65
-59
-52
-52
-53
-46
-55
-73
-68
-62
-50
-40
-24
-3
18
32
34
33
38
60
73
64
63
77
79
74
61
43
27
31
33
20
-8
-41
-53
-38
-33
-53
-75
-95
-100
-96
-91
-90
-83
-84
-95
-94
-81
-74
-70
-55
-53
-39
-35
-26
-14
4
4
-14
-18
-8
3
1
-16
-26
-19
-6
20
26
20
21
29
31
27
15
0
-5
-4
9
21
23
13
11
21
36
44
37
37
58
70
68
68
70
56
42
29
14
2
-19
-35
-45
-44
-43
-47
-43
-25
-9
-7
-11
-8
-9
-14
-14
1
13
6
-14
-21
-25
-14
-2
3
16
27
32
38
36
32
49
58
51
39
43
53
46
33
25
19
11
7
3
-4
-23
-38
-38
-31
-30
-34
-39
-45
-45
-38
-51
-63
-80
-93
-99
-94
-73
-51
-33
-32
-27
-27
-21
2
27
34
38
52
61
72
73
76
76
67
49
49
48
41
35
20
11
17
25
12
2
-7
-13
-12
-13
-24
-31
-27
-22
-15
-20
-29
-28
-17
-8
1
13
30
42
46
49
48
53
48
42
46
55
47
31
16
-2
-7
-2
6
17
24
15
-2
-12
-23
-31
-33
-27
-14
-9
-18
-32
-50
-58
-61
-54
-42
-33
-13
-2
4
9
24
40
53
46
20
7
3
2
-7
-17
-21
-31
-38
-43
-42
-44
-51
-52
-40
-31
-36
-38
-29
-25
-27
-32
-36
-33
-26
-18
-16
-18
-32
-46
-37
-16
6
17
33
53
80
83
59
42
36
38
36
29
36
49
48
30
15
6
6
15
20
21
14
20
27
24
25
33
43
53
52
50
39
16
5
8
10
9
17
30
40
38
24
14
7
3
-1
-1
8
15
12
-3
-7
-8
0
4
10
8
1
1
2
6
8
3
-11
-16
-15
-21
-31
-42
-44
-36
-28
-26
-31
-30
-15
-5
1
6
19
32
28
8
1
12
21
20
4
-1
6
14
7
1
8
25
26
14
-1
-18
-29
-35
-39
-41
-51
-68
-76
-81
-90
-94
-86
-73
-50
-34
-32
-31
-26
-9
12
22
31
43
55
52
35
32
39
41
32
25
31
44
47
34
15
0
0
0
-2
0
8
9
-2
-10
-14
-22
-39
-46
-38
-31
-23
-5
9
13
16
21
25
20
13
15
33
49
52
50
46
40
34
24
9
5
0
-12
-14
-16
-17
-21
-31
-38
-33
-26
-21
-21
-28
-36
-38
-33
-23
-20
-16
-11
-9
-5
13
37
43
33
28
41
60
71
70
61
49
45
45
37
25
16
9
2
-2
-13
-36
-62
-65
-61
-61
-65
-63
-58
-61
-62
-51
-38
-29
-22
-14
-10
-10
-4
-4
-9
-8
10
24
22
15
9
12
10
11
19
31
36
29
20
10
9
19
22
8
-7
-7
-4
-10
-19
-29
-39
-40
-27
-4
7
1
-1
7
12
13
15
18
17
16
16
3
-11
-15
-8
-1
2
4
3
0
-10
-14
-10
-10
-7
0
5
2
-2
-2
-3
-7
-16
-18
-13
-9
-11
-14
-11
1
12
18
16
17
23
29
28
21
28
44
55
50
39
31
33
36
26
6
-12
-10
-1
0
-12
-30
-40
-44
-44
-44
-48
-48
-37
-25
-24
-31
-36
-35
-22
-7
0
6
14
26
32
28
18
21
29
29
24
14
7
7
14
18
19
16
16
16
15
15
18
19
13
9
13
18
9
-7
-19
-27
-35
-39
-45
-57
-64
-55
-36
-22
-16
-12
-6
-3
0
8
9
6
16
25
21
12
10
11
7
-1
-6
-2
0
2
4
1
-4
2
14
20
26
31
30
28
27
25
19
11
5
3
2
2
-2
-15
-30
-31
-23
-22
-28
-29
-22
-14
-10
-8
-4
2
3
-3
-5
-1
-4
-10
-17
-23
-28
-32
-36
-36
-30
-19
-3
12
21
26
32
34
36
42
49
54
52
40
33
29
18
9
8
8
0
-14
-20
-16
-17
-29
-33
-26
-12
-6
-5
-6
-3
-1
0
-3
-10
-16
-26
-34
-35
-36
-37
-32
-22
-17
-18
-18
-12
-2
2
3
4
7
17
33
42
42
38
37
36
33
21
9
6
8
12
17
28
34
32
27
25
25
21
12
2
-4
-8
-10
-10
-13
-17
-16
-16
-17
-18
-21
-23
-22
-19
-20
-22
-22
-21
-24
-31
-36
-34
-27
-21
-19
-21
-16
-2
13
16
16
25
35
44
41
33
32
41
49
52
51
48
43
35
24
19
20
23
24
10
-7
-17
-21
-28
-39
-45
-42
-37
-36
-46
-59
-62
-53
-40
-35
-30
-21
-11
-8
-11
-15
-14
-6
2
6
5
9
20
27
30
35
37
35
33
27
19
18
19
21
22
19
14
7
2
-1
-5
-8
-6
-1
-2
-4
-1
1
-1
-2
2
4
-1
-8
-14
-21
-21
-16
-14
-12
-4
1
2
-7
-15
-15
-11
-4
-3
-10
-16
-15
-15
-19
-23
-19
-14
-11
-9
-5
3
12
20
23
27
37
44
43
40
37
34
29
26
24
22
18
15
13
8
4
2
-1
-2
-3
-9
-16
-17
-22
-30
-38
-39
-36
-35
-34
-35
-37
-32
-23
-19
-23
-20
-5
12
17
16
13
13
17
26
24
17
15
20
25
24
24
24
24
28
33
30
24
23
23
16
7
2
2
4
1
-6
-12
-14
-13
-15
-22
-25
-19
-12
-11
-19
-27
-27
-19
-12
-15
-21
-21
-17
-16
-19
-24
-25
-19
-10
-5
-3
5
18
27
29
28
28
30
31
30
25
21
21
22
19
15
7
-4
-14
-16
-16
-22
-29
-28
-22
-15
-12
-5
3
10
12
8
1
-5
-12
-17
-20
-20
-18
-20
-21
-20
-17
-14
-13
-15
-15
-10
0
8
9
10
14
19
18
16
15
17
15
10
6
4
2
1
5
9
9
9
10
12
10
3
-1
-4
-6
-9
-14
-11
-4
1
1
3
12
19
19
13
11
8
2
-1
-3
-7
-12
-11
-9
-8
-8
-7
-7
-9
-10
-6
1
6
11
14
19
19
13
4
3
1
-1
-7
-13
-16
-16
-14
-11
-7
2
13
21
24
25
27
30
33
28
20
14
12
13
7
-2
-6
-7
-10
-13
-16
-20
-26
-30
-31
-30
-26
-21
-16
-13
-13
-13
-14
-16
-18
-21
-23
-21
-16
-10
-4
-3
0
4
10
15
15
14
17
19
19
14
15
18
23
23
18
10
4
-2
-6
-5
-2
-3
-5
-4
-1
-2
-2
2
4
4
1
-2
-5
-7
-7
-11
-15
-17
-15
-10
-6
-6
-8
-9
-7
-5
-5
-9
-9
-8
-10
-11
-12
-16
-18
-19
-18
-16
-13
-7
-3
1
4
12
22
29
34
36
38
41
41
36
31
28
26
22
15
9
7
8
11
12
10
7
8
6
3
-2
-5
-5
-3
-7
-14
-19
-20
-21
-22
-23
-21
-22
-23
-20
-17
-15
-15
-15
-13
-11
-7
-4
-7
-9
-8
-8
-5
-1
3
4
6
11
18
25
34
39
39
37
36
33
27
21
18
20
21
20
20
20
18
10
0
-8
-9
-10
-11
-11
-12
-13
-16
-20
-25
-32
-36
-41
-45
-48
-47
-47
-45
-38
-31
-27
-19
-13
-10
-6
2
10
12
10
10
15
19
20
21
18
16
17
18
15
9
8
10
11
11
9
14
17
20
25
20
16
14
9
1
-6
-8
-5
-2
0
-2
-4
-5
-7
-11
-17
-22
-23
-23
-26
-29
-28
-24
-22
-24
-28
-30
-29
-27
-27
-25
-22
-13
-1
6
7
10
18
24
29
28
29
30
33
37
39
40
41
44
47
44
42
38
36
31
29
22
14
9
4
-1
-9
-13
-15
-19
-24
-29
-29
-28
-30
-29
-28
-26
-27
-25
-24
-24
-21
-16
-14
-15
-13
-5
1
3
3
4
5
10
16
16
14
14
16
19
20
20
19
18
17
17
16
15
14
19
21
21
19
19
18
15
9
2
-1
-4
-6
-7
-10
-14
-17
-18
-22
-26
-26
-25
-25
-27
-30
-31
-30
-27
-24
-24
-22
-20
-18
-19
-23
-20
-17
-14
-11
-6
0
4
10
15
15
14
15
20
21
20
20
18
18
20
24
26
23
21
19
14
10
6
3
1
-1
1
2
2
1
-1
-4
-5
-7
-11
-15
-17
-16
-16
-21
-24
-22
-18
-17
-17
-16
-15
-13
-13
-11
-11
-9
-3
1
4
5
7
11
14
15
15
15
16
17
21
22
23
22
25
27
28
27
24
21
17
13
9
6
6
5
2
-4
-7
-8
-9
-12
-15
-17
-17
-17
-17
-17
-17
-15
-11
-9
-9
-10
-8
-5
-6
-7
-6
-4
-1
3
7
7
5
5
6
6
3
4
6
7
6
4
2
3
6
8
6
6
6
6
5
3
3
1
1
1
1
1
-2
-3
-4
-4
-4
-3
-1
-1
-2
-3
-3
-4
-7
-6
-7
-7
-8
-10
-12
-14
-15
-15
-14
-15
-13
-10
-7
-8
-6
-4
1
4
8
11
14
14
14
11
9
9
9
8
7
7
6
4
5
3
4
5
6
6
5
1
0
1
0
0
-2
-3
-3
-3
-5
-9
-13
-14
-12
-8
-7
-7
-5
-1
1
1
0
1
3
6
7
6
4
4
6
7
5
4
6
8
9
8
7
7
8
9
10
8
7
7
7
5
2
1
1
3
3
1
-2
-3
-3
-4
-7
-8
-7
-9
-12
-16
-18
-18
-17
-15
-12
-13
-10
-7
-4
-1
1
4
4
6
8
10
10
9
6
4
3
1
1
0
1
1
2
3
3
6
7
7
7
7
5
3
0
-3
-4
-5
-6
-6
-9
-10
-12
-11
-10
-8
-5
-2
1
4
7
8
8
7
6
8
5
2
-2
-6
-9
-9
-9
-9
-9
-7
-7
-7
-6
-5
-3
-2
0
1
2
3
5
7
6
6
8
10
9
7
6
4
2
1
0
-1
-2
-1
-1
-2
-5
-6
-6
-6
-7
-6
-6
-5
-4
-6
-8
-8
-6
-6
-7
-9
-9
-9
-8
-7
-5
-3
1
4
7
10
11
13
15
15
13
12
11
8
7
4
3
1
-2
-2
-4
-6
-7
-6
-5
-4
-4
-2
-2
-1
1
3
2
1
0
-1
-2
-2
-3
-4
-5
-3
-2
-2
0
1
2
3
3
4
3
3
3
4
5
6
7
7
6
5
4
2
0
0
-1
-3
-3
-4
-5
-6
-6
-6
-4
-3
0
1
2
0
0
0
-2
-3
-2
-2
-3
-3
-4
-5
-6
-7
-7
-8
-8
-7
-3
-1
1
3
5
7
6
6
5
4
4
2
1
-2
-4
-5
-7
-9
-10
-11
-10
-9
-7
-6
-5
-3
-3
-3
-2
-2
0
2
2
1
1
0
-1
-1
-2
-1
-1
0
0
1
0
2
4
4
6
5
6
7
5
6
5
5
4
4
3
3
3
3
2
2
2
0
1
2
1
0
0
1
2
1
2
4
5
3
3
0
-3
-5
-4
-4
-4
-5
-4
-3
-3
-3
-2
-1
-1
0
1
0
0
2
5
6
7
6
8
8
8
8
7
7
6
5
4
3
4
5
3
2
1
-1
-1
-3
-4
-6
-7
-7
-8
-8
-7
-7
-5
-6
-6
-5
-4
-4
-3
-3
-2
-1
1
3
4
6
10
11
11
13
15
15
14
12
13
12
10
10
9
8
6
6
5
2
0
0
0
-1
-2
-3
-3
-5
-5
-6
-8
-10
-9
-11
-11
-12
-12
-12
-13
-12
-10
-8
-7
-5
-2
-3
-4
-3
-2
-4
-5
-3
-3
-2
1
1
2
1
3
7
8
7
8
10
12
12
11
8
6
5
3
1
-3
-4
-5
-6
-7
-7
-7
-8
-7
-6
-5
-6
-5
-4
-4
-6
-5
-5
-8
-11
-10
-8
-7
-6
-4
-1
-1
1
2
3
3
4
6
7
7
8
6
6
7
7
6
7
7
7
5
5
4
5
5
4
4
6
7
4
5
4
3
2
2
3
2
1
1
2
0
-1
-1
-3
-4
-5
-5
-8
-9
-8
-8
-9
-7
-4
-4
-3
0
1
1
3
7
7
6
7
6
4
3
2
3
4
3
4
3
3
3
3
2
1
2
1
0
0
-2
-4
-6
-8
-9
-10
-12
-13
-12
-12
-13
-11
-8
-6
-6
-7
-3
-3
-3
-3
-2
-2
-2
0
2
0
1
2
2
2
3
3
3
1
2
3
1
3
3
2
0
1
1
0
0
0
1
1
2
2
3
2
0
0
0
-2
-3
-3
-3
-2
-3
-1
-2
-2
-2
0
0
0
2
2
1
0
1
2
1
1
1
1
1
1
2
1
1
4
6
5
6
8
7
6
6
7
7
7
8
9
7
4
5
4
2
1
1
2
1
2
2
2
2
3
3
1
0
-1
-1
-2
-1
0
-1
-1
-1
2
2
2
3
3
2
2
2
3
1
0
0
0
-2
-2
-1
-1
-1
2
3
2
1
1
2
1
1
1
0
-2
-4
-6
-7
-8
-8
-8
-7
-8
-6
-5
-6
-5
-5
-5
-7
-6
-8
-10
-10
-9
-9
-10
-12
-10
-9
-7
-6
-4
-2
-1
1
3
3
3
3
3
3
1
2
2
2
0
-1
0
-1
-1
0
-1
-2
-2
-2
-4
-5
-5
-5
-6
-6
-7
-7
-7
-5
-5
-4
-5
-5
-5
-7
-8
-6
-5
-5
-4
-2
-3
-3
-2
-1
2
2
4
4
5
5
6
8
7
6
5
5
6
6
6
5
3
3
4
3
1
1
0
-1
1
1
1
0
1
1
0
-1
-1
-2
-3
-3
-2
-3
-3
-3
-2
-2
-2
-1
0
2
2
3
5
4
4
4
6
5
6
6
6
4
4
3
3
2
4
4
3
3
2
2
0
-1
-2
-2
-3
-6
-6
-7
-8
-8
-6
-5
-6
-6
-5
-6
-7
-7
-5
-4
-5
-3
-3
-4
-5
-3
-1
-1
0
2
2
3
4
5
4
5
4
4
4
3
4
4
5
3
4
4
5
5
6
8
8
10
10
10
8
8
8
8
6
7
5
2
2
3
4
3
5
5
2
2
3
2
3
3
4
3
2
2
1
1
0
1
0
-1
-1
-3
-3
-3
-4
-4
-6
-6
-6
-6
-7
-8
-8
-7
-8
-9
-6
-6
-6
-7
-6
-5
-5
-4
-3
-3
-2
-3
-3
-3
-1
0
1
1
4
5
5
6
8
10
11
11
13
14
14
15
16
17
17
18
18
19
19
21
20
20
20
18
18
18
18
19
18
17
17
17
17
16
15
15
14
12
12
12
9
6
6
5
3
1
1
0
-2
-3
-3
-4
-5
-6
-7
-9
-9
-10
-11
-11
-12
-11
-12
-13
-14
-13
-12
-12
-12
-12
-11
-12
-12
-11
-11
-13
-12
-13
-11
-11
-10
-9
-7
-6
-6
-5
-4
-2
-1
0
1
1
1
3
5
6
7
7
8
10
11
13
14
15
16
16
15
15
16
16
16
18
18
17
18
17
17
17
16
16
15
15
13
13
12
12
10
9
8
7
7
5
3
3
2
1
1
0
-1
-2
-4
-4
-3
-4
-5
-5
-5
-6
-7
-7
-5
-5
-6
-7
-6
-5
-3
-2
-2
-2
-2
-3
-4
-1
1
0
-1
2
4
4
6
6
8
9
9
11
12
13
14
15
15
15
15
17
17
18
16
15
14
15
15
14
16
15
15
14
15
16
16
14
14
13
12
12
11
11
10
9
8
6
5
5
5
5
4
4
4
3
2
1
0
0
-2
-4
-3
-4
-5
-5
-7
-7
-7
-7
-6
-8
-7
-9
-10
-9
-8
-7
-8
-6
-7
-7
-8
-7
-6
-4
-5
-4
-4
-3
-2
0
1
1
0
0
2
4
4
5
4
5
4
4
5
7
6
4
4
4
4
5
5
5
4
3
2
3
5
4
3
1
-1
-2
-1
-1
-1
-3
-4
-7
-7
-6
-4
-5
-6
-7
-9
-9
-8
-6
-8
-8
-9
-11
-10
-10
-10
-10
-11
-12
-13
-12
-12
-9
-8
-7
-9
-8
-8
-7
-5
-4
-5
-6
-5
-6
-5
-4
-2
-3
-4
-6
-6
-4
-3
-2
-3
-3
-3
-4
-3
-3
-2
-4
-6
-7
-7
-7
-5
-7
-7
-9
-10
-9
-9
-8
-7
-8
-11
-10
-10
-9
-8
-10
-9
-11
-12
-13
-13
-12
-12
-15
-16
-17
-18
-17
-17
-16
-16
-18
-18
-18
-17
-16
-17
-18
-19
-20
-19
-19
-18
-18
-18
-17
-16
-17
-15
-13
-13
-13
-13
-13
-10
-8
-8
-7
-7
-7
-7
-7
-6
-4
-4
-5
-5
-4
0
0
1
1
2
1
2
2
3
4
3
1
0
0
0
1
0
1
0
-1
-2
-2
0
0
0
-1
0
-2
-2
-2
-2
-2
-4
-4
-5
-5
-3
-3
-3
-4
-4
-4
-2
-3
-2
-1
-3
-5
-5
-4
-5
-3
-4
-4
-4
-4
-3
-3
-2
-2
-1
-2
-3
-1
-1
0
-1
-2
-2
-2
0
0
-1
0
0
-1
-1
-1
0
1
2
1
1
1
1
3
4
3
3
2
4
4
5
5
5
4
3
2
3
3
3
2
1
1
0
2
0
1
0
0
0
0
0
1
0
-1
-1
-3
-4
-4
-3
-3
-4
-4
-4
-4
-4
-5
-4
-3
-4
-4
-4
-3
-3
-4
-4
-5
-6
-5
-4
-5
-4
-3
-3
-3
-2
0
1
0
-1
-1
-1
0
0
1
1
1
-1
1
0
1
2
2
2
2
3
3
5
5
4
3
2
1
0
2
1
1
1
0
0
-1
0
0
0
-1
-1
0
0
2
1
1
0
-2
-2
-2
-1
-1
0
-1
-1
-2
-1
0
1
3
2
1
0
3
2
2
2
1
0
1
1
2
2
2
2
3
2
3
2
2
2
2
3
2
2
2
2
2
2
1
0
0
1
0
1
0
-1
-1
0
1
1
0
1
1
1
3
3
2
3
1
0
0
1
2
2
1
0
1
1
1
2
1
1
1
0
1
1
1
2
0
-1
0
0
0
-1
-1
-1
-1
