3
2
2
4
4
3
3
3
3
5
5
5
5
4
5
5
3
5
4
5
5
4
5
6
6
5
4
5
5
6
6
5
6
5
5
4
5
5
3
3
2
2
1
1
1
1
0
-1
-2
-2
-1
-1
-1
-1
-3
-3
-2
-4
-3
-4
-3
-5
-4
-4
-5
-5
-5
-7
-6
-6
-6
-6
-5
-6
-6
-4
-4
-6
-6
-5
-6
-6
-5
-5
-4
-4
-2
-3
-2
-1
-1
-1
2
0
2
2
1
1
2
2
1
2
2
3
4
3
3
3
3
4
4
5
4
3
5
4
3
3
3
3
1
4
4
3
3
3
3
3
1
1
0
2
2
2
2
2
1
2
2
0
0
1
2
1
1
0
-1
0
-1
-1
-1
-1
-1
-1
-1
-1
-1
0
-2
-2
-2
-3
-3
-3
-2
-2
-2
-1
-1
-1
0
-2
-1
-1
1
0
0
2
1
0
1
2
2
2
3
2
2
3
2
3
3
4
4
4
4
4
5
6
5
5
6
5
5
6
6
4
5
5
4
4
4
2
2
3
4
3
3
1
1
1
0
1
1
0
-1
-1
-1
-2
-3
-2
-2
-3
-2
-2
-4
-3
-4
-4
-4
-5
-3
-5
-5
-4
-4
-4
-5
-5
-6
-5
-4
-5
-5
-5
-5
-6
-5
-5
-5
-5
-4
-4
-4
-4
-4
-3
-3
-4
-3
-3
-3
-4
-2
-2
-2
-1
-2
-2
-2
-1
0
0
-1
-1
0
0
0
0
1
1
1
2
4
3
3
3
3
3
2
3
3
2
3
2
2
2
4
3
3
3
2
3
3
3
3
2
2
2
1
1
1
2
1
2
0
0
0
0
-1
0
-1
-1
-1
-2
-2
-3
-3
-3
-3
-3
-4
-4
-4
-3
-3
-2
-2
-2
-2
-2
-2
-2
-1
-2
-1
-2
-3
-2
-3
-2
-2
-2
-2
-2
-2
-2
-2
-2
-2
-1
-1
-1
0
0
1
1
1
0
0
-1
-1
0
0
0
0
1
2
2
2
1
2
3
3
2
2
1
0
1
1
1
0
0
0
0
-1
-1
-1
0
-1
-1
0
-1
-1
-1
-2
-2
-3
-4
-3
-3
-4
-2
-3
-2
-1
-2
-2
-1
-2
-1
0
0
1
0
1
1
1
1
1
1
1
0
0
0
-1
0
0
1
0
2
2
0
1
1
1
1
2
3
2
3
3
2
2
2
1
2
1
2
2
2
3
3
5
5
4
4
4
5
4
5
3
4
4
4
3
3
3
1
1
2
2
2
4
3
3
3
4
4
4
3
3
1
0
0
-1
0
0
0
0
-1
-1
-1
0
0
1
0
-1
-1
0
1
0
0
0
-1
0
-2
-3
-3
-4
-3
-3
-3
-4
-2
-2
-2
-1
-1
-2
-2
-1
-1
-1
-1
0
-2
-2
-3
-3
-3
-2
-3
-3
-2
-3
-1
0
0
1
0
0
-1
-1
-1
-1
0
-1
-2
-1
-2
-1
-1
-1
0
0
0
0
0
-1
1
0
2
1
0
2
1
1
0
0
0
0
-1
0
0
0
-1
-2
-1
-1
-1
-1
-1
-1
0
0
0
0
0
0
-1
-1
-1
-2
-2
-2
-2
-1
-1
-1
-1
-1
-1
0
0
1
1
1
1
2
1
2
2
2
-1
-1
-2
-1
-3
-2
-2
-1
-1
1
0
0
1
0
0
1
1
0
0
0
1
1
0
0
-2
-1
-2
-2
-3
-2
-3
-2
-2
-2
0
-1
0
0
-1
-1
-2
-3
-3
-3
-3
-1
-3
-2
-3
-4
-4
-3
-2
-3
-2
-2
-1
-1
-1
0
0
-1
-1
-1
-2
-3
-2
-2
-1
-1
-1
0
0
2
2
1
1
1
2
1
2
2
2
3
3
2
1
1
1
0
0
0
0
1
0
-1
-2
-2
-2
-2
-3
-1
-1
-1
-1
-1
1
0
1
-2
-2
-2
-2
-1
-1
-2
-1
-1
0
0
0
1
0
0
0
0
2
1
0
-1
-1
-1
0
1
0
0
0
-1
-2
-1
0
0
0
0
0
-1
-1
-2
-2
-1
-2
0
-1
-1
-1
0
0
0
0
-1
0
0
1
0
0
1
1
1
1
1
1
1
1
1
1
1
1
0
1
0
0
0
0
0
-1
0
0
-1
-1
0
-1
-1
-1
-1
1
1
0
-1
0
0
0
0
0
0
0
0
0
1
2
1
2
1
2
2
2
2
2
2
1
1
3
2
2
1
2
1
1
1
2
2
2
2
1
1
1
0
1
1
0
-1
-1
-1
-2
-2
-3
-3
-4
-4
-4
-4
-4
-3
-4
-4
-4
-4
-4
-4
-4
-6
-5
-5
-6
-5
-5
-5
-4
-5
-6
-5
-6
-6
-4
-5
-5
-4
-3
-2
-3
-3
-3
-2
-2
-3
-3
-2
-2
-2
-1
-2
0
0
-1
-1
-1
0
0
1
1
2
2
2
1
2
3
2
2
2
2
2
3
2
4
5
5
5
5
6
5
5
5
6
5
5
4
4
4
3
3
4
3
4
4
4
3
3
3
2
3
4
2
3
2
1
1
1
0
0
0
-1
-1
-3
-3
-3
-3
-3
-3
-2
-4
-3
-3
-4
-4
-4
-4
-4
-5
-4
-4
-4
-5
-4
-4
-4
-4
-5
-4
-3
-4
-3
-2
-3
-2
-1
-2
-1
-1
-1
-1
-1
-1
-1
0
0
-1
-1
-1
0
1
0
1
1
1
1
1
1
1
2
1
3
3
2
2
3
2
3
4
4
4
5
5
6
5
6
4
5
5
5
5
5
6
6
5
5
5
6
6
4
5
5
4
3
3
2
1
1
0
0
0
-1
-1
-2
-2
-1
-2
-3
-3
-3
-4
-4
-4
-5
-6
-6
-7
-5
-6
-7
-6
-8
-6
-7
-6
-6
-7
-8
-9
-10
-9
-8
-7
-8
-7
-6
-6
-6
-5
-4
-4
-5
-4
-2
-2
-1
-1
0
0
1
1
0
1
3
2
3
4
4
4
6
6
5
7
7
7
9
9
9
9
10
10
10
10
9
10
10
10
10
11
10
10
9
9
9
9
9
9
10
8
8
7
7
7
6
6
5
5
6
3
4
2
2
0
1
0
-1
0
-2
-3
-3
-3
-4
-5
-6
-7
-7
-7
-7
-7
-8
-8
-9
-10
-12
-10
-11
-11
-10
-10
-10
-11
-11
-11
-11
-10
-10
-11
-10
-9
-8
-9
-9
-9
-7
-7
-7
-5
-5
-4
-5
-3
-3
-2
0
-2
0
0
2
3
4
5
6
6
5
5
6
6
8
7
8
9
12
12
10
12
11
11
11
12
12
13
14
14
15
15
14
13
15
14
12
12
12
12
11
10
9
10
10
10
10
11
9
11
10
7
6
5
4
4
4
4
3
4
3
3
2
1
-1
-2
-3
-5
-4
-4
-2
-3
-2
-1
-2
-3
-6
-4
-5
-6
-5
-6
-6
-8
-6
-7
-5
-5
-6
-6
-5
-5
-6
-5
-6
-6
-7
-8
-9
-7
-6
-6
-5
-4
-4
-3
-4
-6
-6
-6
-5
-5
-2
-1
-2
1
2
2
1
1
1
2
3
3
5
5
6
6
6
7
5
6
5
7
7
6
7
6
7
7
7
7
8
10
10
10
10
10
9
9
7
6
6
5
7
6
7
7
7
7
3
3
0
-1
-1
0
0
-2
-1
-4
-4
-4
-5
-5
-6
-6
-6
-6
-7
-9
-9
-9
-9
-10
-11
-11
-11
-10
-9
-12
-11
-13
-13
-14
-13
-13
-11
-10
-10
-8
-9
-10
-9
-10
-10
-10
-8
-8
-6
-6
-4
-2
-2
-2
-2
-1
-1
-1
1
1
4
5
5
6
6
6
7
9
9
11
12
11
12
11
11
10
12
12
12
13
13
13
14
15
13
13
12
10
11
10
11
11
12
10
9
9
7
7
7
6
6
6
4
3
4
2
0
0
-2
-3
-3
-3
-5
-5
-5
-7
-8
-9
-10
-11
-9
-10
-11
-10
-10
-11
-10
-11
-12
-13
-12
-13
-13
-12
-14
-13
-14
-13
-13
-13
-14
-13
-13
-12
-11
-11
-11
-10
-8
-6
-9
-8
-8
-6
-5
-5
-4
-4
-3
-3
-2
-2
-2
-1
1
1
2
3
4
4
3
4
6
7
8
10
9
10
11
12
13
12
13
12
13
12
12
11
12
13
11
12
11
11
10
11
11
11
12
12
12
11
11
11
11
10
8
9
8
8
7
6
5
4
5
5
2
2
3
3
3
3
3
2
3
3
2
2
2
1
2
1
2
1
-1
-2
-3
-4
-4
-5
-7
-7
-8
-10
-11
-8
-9
-11
-14
-14
-12
-11
-10
-14
-14
-14
-16
-17
-17
-16
-14
-15
-18
-20
-18
-17
-16
-16
-17
-18
-17
-17
-18
-16
-13
-12
-11
-12
-15
-11
-8
-5
-3
-3
-1
0
1
-2
1
5
12
15
12
11
10
16
20
18
21
21
19
17
18
20
21
21
18
20
19
17
17
20
23
20
18
18
17
17
13
14
13
11
10
8
5
-1
-1
-3
-6
-8
-15
-17
-20
-19
-19
-20
-22
-28
-28
-32
-32
-30
-25
-25
-33
-38
-43
-39
-32
-30
-33
-40
-42
-40
-33
-29
-29
-26
-26
-26
-25
-20
-13
-9
-7
-4
-1
3
5
10
14
14
12
14
15
16
22
21
17
14
13
21
27
25
20
22
26
29
34
39
40
39
41
45
49
54
57
59
58
53
53
56
52
51
49
45
34
28
27
28
29
21
11
4
1
2
0
-5
-15
-20
-17
-21
-29
-35
-32
-30
-33
-36
-38
-38
-42
-44
-39
-36
-34
-35
-31
-25
-26
-29
-27
-13
-1
0
-2
-7
-7
-3
3
9
10
11
3
0
-3
0
8
10
7
0
-4
-8
-10
-8
-8
-9
-12
-15
-21
-25
-26
-24
-23
-26
-33
-34
-34
-39
-44
-42
-37
-35
-40
-42
-43
-38
-30
-20
-17
-24
-23
-16
-19
-15
18
55
29
-31
-32
45
110
69
10
32
96
91
24
37
121
165
94
16
39
110
148
115
92
101
95
66
39
71
112
105
53
3
7
24
24
0
-13
3
-22
-62
-87
-76
-48
-48
-69
-102
-110
-103
-100
-99
-100
-85
-97
-110
-113
-100
-66
-63
-66
-75
-63
-34
-12
15
16
18
32
75
115
97
93
122
177
177
124
118
157
207
192
144
136
147
142
95
74
64
57
40
-22
-59
-88
-105
-131
-176
-191
-221
-251
-297
-336
-341
-356
-361
-409
-432
-437
-433
-421
-443
-436
-428
-397
-360
-363
-358
-341
-287
-260
-247
-221
-177
-84
-44
-31
14
82
166
210
287
366
427
467
496
578
642
696
722
767
836
850
846
847
888
926
911
872
820
800
767
708
636
581
537
448
363
271
177
78
-25
-107
-197
-281
-401
-515
-582
-652
-730
-829
-904
-957
-1018
-1104
-1178
-1235
-1266
-1291
-1336
-1359
-1368
-1307
-1262
-1229
-1152
-1080
-1043
-1068
-914
-620
-435
-458
-501
-229
94
164
161
418
857
949
792
819
1149
1388
1308
1298
1425
1553
1476
1369
1459
1528
1521
1427
1361
1284
1164
1155
1118
998
925
971
926
579
290
348
575
557
197
-38
11
60
-120
-312
-223
-110
-231
-528
-722
-627
-496
-542
-721
-829
-812
-888
-970
-985
-915
-896
-1022
-1113
-1211
-1176
-1099
-1097
-1140
-1282
-1335
-1295
-1173
-1190
-1347
-1311
-1072
-791
-796
-986
-1034
-821
-407
-230
-289
-225
33
245
246
281
594
1045
1181
1045
983
1171
1443
1474
1490
1653
1781
1680
1472
1462
1618
1753
1679
1484
1323
1231
1197
1078
941
846
752
661
528
410
258
25
-195
-227
-75
-89
-398
-759
-746
-493
-510
-750
-853
-704
-604
-748
-954
-939
-705
-579
-671
-773
-704
-606
-612
-592
-514
-439
-451
-540
-581
-501
-374
-425
-627
-742
-661
-543
-630
-834
-1022
-991
-857
-836
-781
-631
-547
-844
-1134
-866
-223
92
-210
-421
-136
274
248
3
383
1068
1265
813
491
847
1247
1365
1317
1430
1544
1349
1162
1203
1485
1598
1463
1344
1204
1076
929
893
909
806
718
622
447
147
-33
33
128
55
-237
-460
-504
-474
-449
-476
-523
-604
-663
-687
-680
-658
-610
-541
-533
-541
-544
-516
-426
-335
-283
-272
-334
-426
-449
-342
-214
-260
-444
-617
-659
-596
-587
-703
-843
-913
-1008
-1146
-1217
-1225
-1160
-1025
-821
-769
-1078
-1384
-1254
-657
-163
-286
-604
-504
-65
35
-177
109
848
1215
773
293
564
1170
1397
1185
1261
1626
1581
1149
984
1421
1814
1711
1410
1250
1225
1115
1029
1081
1099
1013
856
702
464
161
134
378
470
104
-392
-465
-236
-157
-345
-501
-452
-470
-640
-786
-662
-390
-365
-552
-707
-590
-348
-296
-329
-317
-241
-260
-434
-533
-378
-74
-71
-408
-731
-728
-525
-544
-766
-944
-917
-959
-1261
-1536
-1476
-1201
-1179
-1297
-1152
-892
-1017
-1538
-1603
-797
15
-120
-789
-790
-68
281
-61
-43
872
1584
1133
327
476
1416
1879
1552
1436
1852
1994
1521
1216
1685
2255
2158
1679
1476
1554
1470
1288
1272
1352
1288
1048
834
532
197
173
463
572
67
-554
-635
-315
-206
-474
-614
-543
-612
-893
-1032
-733
-391
-441
-770
-938
-704
-394
-341
-462
-505
-447
-421
-461
-472
-394
-299
-319
-534
-692
-724
-701
-759
-848
-849
-991
-1160
-1374
-1470
-1311
-1157
-1146
-1360
-1223
-839
-866
-1262
-1550
-971
-94
59
-487
-768
-64
463
177
-46
678
1727
1493
525
346
1314
2158
1779
1300
1591
2094
1853
1180
1325
1984
2155
1635
1253
1340
1272
1021
877
1030
1134
823
398
83
-10
-26
32
99
-189
-630
-815
-599
-446
-596
-724
-729
-676
-796
-915
-775
-513
-392
-549
-673
-540
-336
-267
-315
-328
-264
-179
-144
-228
-338
-282
-192
-221
-393
-563
-616
-675
-745
-912
-1020
-1012
-1165
-1380
-1470
-1379
-1289
-1327
-1106
-889
-1101
-1547
-1712
-967
-144
-125
-697
-816
-19
324
1
-85
797
1800
1392
517
454
1444
2157
1700
1436
1896
2328
1824
1112
1473
2262
2385
1701
1295
1461
1449
1157
891
1057
1253
931
432
98
-19
-76
-6
130
-44
-532
-921
-877
-586
-451
-593
-821
-910
-909
-897
-761
-583
-520
-599
-706
-621
-404
-298
-327
-379
-251
-84
-66
-253
-410
-222
-24
-25
-392
-733
-728
-620
-596
-918
-1134
-1189
-1212
-1279
-1469
-1506
-1528
-1412
-1060
-938
-1317
-1899
-1851
-871
-140
-374
-991
-834
5
146
-235
-137
1028
1833
1139
329
563
1717
2081
1492
1473
2165
2483
1646
984
1595
2542
2503
1637
1328
1608
1609
1210
971
1296
1569
1131
420
81
180
374
372
299
40
-339
-590
-618
-346
-153
-169
-519
-841
-823
-653
-356
-325
-459
-601
-632
-424
-287
-265
-328
-347
-282
-237
-271
-406
-440
-321
-321
-519
-810
-968
-935
-935
-1044
-1272
-1442
-1494
-1625
-1679
-1675
-1649
-1686
-1498
-1045
-1198
-1790
-2194
-1449
-178
33
-676
-1149
-269
494
223
-122
648
2079
1915
764
392
1459
2530
2087
1561
2003
2722
2303
1190
1284
2418
2946
2145
1306
1383
1596
1395
1103
1240
1481
1026
305
19
192
292
46
-24
-13
-305
-853
-1046
-614
-183
-221
-806
-1260
-1180
-851
-546
-525
-641
-820
-977
-887
-597
-377
-430
-631
-798
-681
-475
-475
-708
-845
-662
-602
-830
-1259
-1368
-1211
-1105
-1240
-1640
-1745
-1764
-1795
-1803
-1720
-1339
-998
-1228
-1866
-2200
-1481
-203
160
-470
-910
-110
709
499
38
694
2393
2680
1432
527
1362
2954
2921
2055
2069
2867
2912
1848
1454
2303
3095
2607
1669
1542
1735
1470
1009
1109
1568
1292
254
-408
-240
193
83
-337
-523
-716
-995
-1265
-1157
-787
-617
-886
-1482
-1658
-1396
-973
-721
-809
-974
-1136
-1100
-900
-622
-324
-259
-471
-708
-609
-319
-232
-285
-277
-289
-496
-801
-919
-743
-642
-804
-1156
-1375
-1308
-1454
-1579
-1498
-868
-476
-1184
-2094
-2395
-1040
227
100
-782
-1073
132
612
175
-81
967
2437
2043
849
463
1686
2759
2234
1773
2259
2900
2342
1253
1505
2634
2971
2078
1284
1511
1781
1409
838
922
1396
1088
153
-508
-371
24
-1
-319
-752
-1048
-1160
-1168
-1065
-914
-884
-1169
-1521
-1642
-1416
-1003
-798
-935
-1181
-1176
-992
-803
-675
-539
-422
-427
-417
-468
-538
-510
-332
-95
-210
-602
-937
-938
-676
-611
-913
-1251
-1243
-1192
-1268
-1416
-1090
-537
-765
-1554
-2144
-1288
-10
191
-539
-838
166
651
307
23
1015
2519
2214
965
506
1781
3035
2501
1735
2115
3064
2850
1695
1547
2522
3109
2460
1646
1675
1794
1532
1102
1160
1508
1071
246
-300
-181
71
-86
-371
-759
-1023
-1277
-1306
-1188
-1070
-1000
-1361
-1730
-1862
-1634
-1160
-979
-1137
-1403
-1422
-1168
-886
-728
-618
-527
-629
-618
-435
-324
-349
-437
-337
-286
-431
-720
-832
-725
-707
-852
-1119
-1123
-1101
-1290
-1208
-721
-612
-1224
-2070
-1860
-429
370
-240
-1288
-809
505
772
106
69
1603
2475
1647
489
818
2463
2954
2192
1892
2599
3025
2254
1689
2467
3394
3026
1900
1599
2158
2305
1800
1251
1344
1477
953
365
-25
21
-22
-167
-318
-896
-1402
-1645
-1326
-1049
-1252
-1668
-2126
-2083
-1947
-1827
-1646
-1621
-1732
-1959
-1914
-1518
-1183
-1130
-1138
-1117
-935
-764
-755
-813
-743
-346
-234
-455
-872
-996
-695
-422
-415
-847
-1091
-988
-853
-777
-351
-261
-761
-1487
-1548
-339
415
279
-533
-393
533
620
261
300
1805
2574
1680
685
905
2411
2801
2102
1988
2705
3088
2237
1536
2253
3340
3257
2290
1890
2111
2057
1709
1577
1865
1822
1039
305
49
207
222
-6
-144
-612
-1286
-1687
-1552
-1211
-1252
-1614
-2075
-2269
-2331
-2303
-2049
-1833
-1825
-2152
-2386
-2138
-1742
-1535
-1432
-1379
-1236
-1112
-1177
-1144
-972
-553
-385
-680
-961
-918
-607
-623
-748
-806
-716
-493
-724
-627
-76
-22
-578
-1400
-800
526
891
163
-562
205
989
893
349
891
2411
2331
1075
375
1443
2902
2534
1632
1798
2638
2647
1636
1442
2453
3157
2611
1694
1680
2036
1997
1638
1528
1810
1567
914
421
270
448
392
184
-186
-778
-1180
-1161
-916
-995
-1407
-1831
-2022
-2054
-2159
-2106
-1912
-1854
-2142
-2563
-2494
-1946
-1583
-1632
-1812
-1855
-1631
-1412
-1338
-1254
-1024
-787
-872
-1234
-1287
-969
-638
-658
-910
-1003
-824
-591
-611
-183
121
-150
-848
-1021
197
1089
870
-39
136
1148
1375
831
596
1988
2919
2129
868
874
2276
2770
2098
1838
2474
2721
1825
1113
1872
3028
2886
1786
1364
1826
1984
1579
1235
1576
1852
1311
554
169
315
396
288
195
-111
-685
-1197
-1154
-853
-759
-1111
-1681
-1944
-2009
-1972
-1823
-1715
-1777
-2075
-2318
-2189
-1899
-1780
-1761
-1694
-1548
-1443
-1532
-1612
-1495
-1057
-756
-1021
-1360
-1480
-1157
-960
-1013
-1031
-1104
-943
-1046
-693
-177
-266
-874
-1510
-505
743
891
-25
-460
634
1313
1032
508
1313
2648
2359
1084
667
1908
2895
2197
1504
2123
2868
2345
1115
1271
2628
3132
2269
1291
1534
2021
1892
1508
1506
1935
1692
1119
667
647
846
752
803
613
126
-495
-661
-288
-63
-214
-886
-1397
-1552
-1530
-1348
-1293
-1424
-1779
-2119
-2091
-1912
-1914
-1997
-2014
-1885
-1788
-1895
-2139
-2203
-1816
-1506
-1627
-2052
-2252
-2013
-1871
-1832
-1850
-1786
-1661
-1714
-1298
-932
-947
-1478
-1886
-800
352
605
-211
-404
605
1103
978
817
1961
3008
2433
1277
1185
2684
3416
2506
1907
2739
3565
2818
1517
1725
3061
3467
2579
1785
1951
2127
1816
1529
1810
2242
1752
917
524
743
932
697
583
467
182
-281
-554
-444
-260
-277
-693
-1106
-1303
-1419
-1406
-1318
-1339
-1591
-1940
-1990
-1829
-1795
-1910
-2075
-2045
-1884
-1789
-1979
-2283
-2166
-1836
-1732
-2028
-2315
-2294
-2259
-2140
-2095
-2000
-1811
-1889
-1558
-1326
-1290
-1643
-1962
-928
72
359
-366
-507
429
950
1006
853
1952
2938
2305
1225
1205
2834
3727
2771
1948
2532
3499
3086
1866
1910
3003
3403
2566
1747
1898
2091
1882
1572
1698
1981
1524
901
578
708
839
580
476
405
187
-195
-370
-236
-190
-270
-546
-761
-909
-1063
-1070
-1027
-966
-1129
-1550
-1675
-1414
-1255
-1443
-1810
-1943
-1741
-1486
-1557
-1980
-2139
-1938
-1810
-2073
-2300
-2220
-2311
-2438
-2547
-2366
-2064
-1978
-1647
-1703
-1903
-2234
-2148
-998
-157
-122
-832
-604
291
521
413
733
2264
2910
1860
746
1161
2966
3617
2584
2067
2871
3468
2663
1693
2334
3529
3496
2374
1752
2124
2245
1898
1633
1945
2200
1475
650
445
886
1154
772
467
198
-5
-184
-196
37
-17
-276
-684
-814
-754
-817
-812
-827
-860
-1047
-1365
-1432
-1255
-1052
-1093
-1405
-1641
-1636
-1526
-1584
-1693
-1673
-1650
-1917
-2384
-2468
-2168
-2037
-2265
-2714
-2671
-2386
-1931
-1595
-1990
-2347
-2715
-1999
-876
-476
-720
-1108
-370
101
97
46
945
2516
2462
1321
621
1606
3088
3031
2293
2453
3201
3139
2110
1752
2805
3573
3049
2088
1936
2173
1914
1560
1520
2044
2007
1166
475
207
586
779
783
629
54
-390
-551
-209
86
24
-279
-692
-772
-848
-800
-555
-565
-726
-996
-1148
-1003
-952
-892
-924
-1055
-1122
-1216
-1283
-1452
-1419
-1272
-1347
-1714
-2212
-2204
-2021
-2045
-2274
-2582
-2401
-2209
-1811
-1838
-2272
-2648
-2784
-1643
-783
-756
-1412
-1353
-298
36
-148
-186
1195
2364
1784
616
535
2093
3065
2424
1958
2680
3238
2578
1577
2107
3471
3581
2520
1763
2187
2399
1912
1581
1947
2387
1565
541
273
704
1027
634
438
337
-19
-554
-714
-156
338
62
-823
-1273
-1011
-613
-493
-630
-839
-942
-1037
-1062
-951
-908
-816
-919
-1046
-1099
-1094
-1134
-1316
-1298
-1244
-1267
-1676
-2062
-2092
-1969
-1787
-2092
-2345
-2320
-1646
-1278
-1985
-2726
-2975
-1685
-605
-704
-1503
-1672
-489
-41
-260
-428
784
2166
1686
508
262
1753
2881
2318
1718
2396
3255
2804
1620
1727
3164
3697
2755
1740
2015
2523
2225
1766
1652
2098
1715
808
445
555
897
479
196
157
-70
-465
-848
-444
-40
-86
-821
-1457
-1206
-768
-489
-654
-1010
-1149
-1050
-826
-580
-671
-818
-852
-798
-645
-700
-767
-939
-908
-734
-816
-1099
-1454
-1544
-1605
-1524
-1450
-1592
-1847
-1619
-1092
-1305
-1970
-2646
-1995
-697
-286
-1005
-1700
-892
-232
-306
-612
259
1841
1632
347
-277
971
2493
2187
1287
1653
2776
2742
1458
1138
2567
3620
2933
1676
1633
2260
2292
1864
1602
2004
1955
1021
457
505
879
731
268
158
-84
-418
-859
-741
-238
-144
-639
-1506
-1585
-1170
-766
-644
-1027
-1356
-1448
-1327
-992
-780
-817
-944
-1060
-963
-813
-766
-908
-946
-680
-620
-852
-1301
-1399
-1259
-1191
-1171
-1341
-1516
-1397
-806
-910
-1406
-2040
-1892
-702
-180
-464
-1172
-729
-121
-232
-502
11
1640
1822
627
-326
337
1993
2155
1176
1169
2215
2574
1534
693
1708
3073
2955
1849
1430
1886
2025
1728
1561
1986
2228
1541
704
494
743
933
735
678
469
-118
-562
-674
-177
107
-193
-844
-1309
-1269
-1102
-803
-744
-1029
-1398
-1575
-1298
-974
-988
-1151
-1179
-1028
-900
-1046
-1276
-1251
-902
-577
-816
-1271
-1437
-1345
-1208
-1164
-1222
-1237
-1173
-735
-664
-1107
-1595
-1735
-666
150
136
-626
-672
89
147
-15
60
1381
2249
1321
53
43
1573
2359
1495
904
1735
2509
1845
573
885
2471
2953
1934
1026
1385
1809
1565
1253
1487
1991
1488
464
257
720
1033
568
145
320
234
-201
-693
-512
62
24
-630
-1326
-1200
-813
-665
-754
-1077
-1248
-1385
-1309
-1009
-861
-936
-1249
-1416
-1251
-930
-876
-1176
-1235
-1072
-921
-1120
-1397
-1328
-1237
-1140
-1372
-1447
-1352
-875
-294
-713
-1203
-1779
-1235
-19
420
160
-408
116
439
201
39
883
2495
2320
785
-207
651
2251
2127
1023
1129
2076
2151
900
186
1392
2618
2235
995
716
1294
1374
943
789
1507
1734
811
-74
-39
588
788
362
181
166
-140
-526
-654
-117
286
-113
-899
-1209
-848
-545
-464
-713
-963
-1045
-1154
-1052
-887
-768
-841
-1132
-1267
-1123
-951
-1091
-1232
-1130
-1036
-1134
-1476
-1560
-1384
-1302
-1332
-1642
-1676
-1549
-805
-282
-802
-1539
-2129
-920
445
589
-128
-454
518
781
367
191
1561
3057
2280
630
84
1520
2702
1838
1006
1735
2620
1931
280
271
2030
2784
1678
478
754
1368
1062
428
614
1633
1464
180
-489
-97
696
504
-14
23
40
-306
-843
-650
118
384
-382
-1283
-1142
-536
-181
-355
-811
-916
-874
-877
-721
-629
-568
-775
-1113
-1124
-857
-751
-1040
-1173
-1132
-1059
-1269
-1674
-1680
-1448
-1251
-1499
-1880
-1959
-1594
-635
-524
-1151
-2031
-2017
-465
487
394
-411
-230
619
746
517
703
2301
3042
1932
649
748
2299
2750
1761
1493
2345
2716
1597
407
1107
2535
2531
1269
606
1112
1310
819
371
878
1569
949
-80
-482
-47
400
180
10
-36
-310
-773
-924
-432
92
-62
-818
-1215
-889
-511
-396
-528
-732
-702
-731
-745
-606
-568
-516
-740
-892
-777
-623
-745
-1059
-1040
-858
-818
-1288
-1684
-1618
-1332
-1184
-1631
-2006
-2021
-1410
-539
-731
-1511
-2376
-1900
-298
474
105
-670
-141
597
643
376
797
2467
2831
1655
567
1007
2494
2569
1604
1637
2594
2712
1366
417
1351
2600
2341
1094
707
1248
1160
521
201
925
1545
700
-352
-672
-206
250
41
-104
-301
-635
-979
-969
-408
-100
-312
-970
-1229
-910
-676
-420
-512
-804
-819
-773
-531
-454
-548
-584
-632
-578
-506
-517
-710
-882
-808
-593
-734
-1155
-1528
-1486
-1178
-1264
-1623
-1933
-1827
-1122
-584
-1025
-1878
-2390
-1470
6
364
-377
-851
-35
620
670
286
1074
2677
2604
1435
524
1359
2733
2518
1725
1976
2790
2549
1241
745
1897
2869
2236
1080
973
1396
1195
552
413
1135
1311
561
-225
-573
-406
-212
-139
34
-257
-996
-1360
-1089
-510
-373
-761
-1116
-1062
-967
-1025
-899
-752
-654
-767
-932
-665
-517
-565
-664
-664
-412
-257
-404
-770
-829
-491
-240
-580
-1176
-1284
-985
-854
-1182
-1627
-1597
-1321
-701
-491
-1121
-1714
-2097
-1152
80
370
-284
-764
-28
559
646
391
1286
2583
2345
1246
530
1505
2742
2431
1671
1989
2725
2394
1148
813
2068
2901
2130
974
917
1379
1196
610
544
1173
1169
320
-473
-635
-275
-107
-236
-301
-638
-1200
-1374
-1168
-662
-513
-953
-1383
-1455
-1277
-1056
-814
-789
-905
-1106
-1062
-674
-534
-554
-654
-616
-453
-379
-455
-594
-509
-393
-279
-619
-1020
-1035
-982
-873
-1113
-1422
-1525
-1434
-728
-396
-903
-1729
-2184
-1114
165
388
-480
-838
169
647
386
73
1212
2795
2423
969
275
1468
2862
2426
1577
1999
2806
2443
1056
839
2255
3076
2239
996
998
1510
1318
873
819
1364
1211
149
-511
-442
68
80
-336
-523
-870
-1186
-1407
-1218
-719
-721
-1202
-1857
-1871
-1509
-1156
-926
-1144
-1391
-1529
-1384
-955
-675
-624
-796
-913
-788
-529
-349
-417
-492
-404
-328
-520
-801
-891
-756
-702
-865
-1132
-1279
-1253
-578
-65
-487
-1376
-2105
-1054
342
588
-224
-676
289
707
310
-91
1203
2953
2465
796
-15
1403
2958
2355
1334
1794
2817
2530
941
582
2127
3109
2284
986
1006
1565
1346
675
615
1469
1554
584
-368
-580
-51
153
1
-226
-603
-1034
-1352
-1235
-817
-650
-1028
-1541
-1736
-1693
-1507
-1224
-1174
-1328
-1511
-1532
-1236
-1055
-947
-917
-931
-795
-682
-554
-555
-628
-503
-315
-384
-631
-845
-805
-691
-731
-975
-1131
-1084
-762
-34
-210
-979
-1760
-1426
143
800
281
-549
-44
711
597
127
638
2469
2735
1302
57
715
2555
2752
1575
1367
2472
2778
1522
546
1464
2908
2730
1467
952
1432
1521
1005
794
1499
1951
850
-504
-682
223
830
291
-472
-749
-828
-1047
-1193
-976
-610
-745
-1534
-2097
-1934
-1474
-1159
-1218
-1579
-1727
-1690
-1543
-1273
-1030
-833
-959
-1235
-1162
-708
-374
-405
-631
-645
-545
-551
-765
-834
-616
-648
-801
-1156
-1147
-858
-160
147
-605
-1421
-1688
-386
602
513
-144
-204
663
623
187
232
1797
2960
1897
319
113
1799
2812
1935
1153
1830
2677
2048
702
762
2231
2839
1979
1077
1256
1513
1047
699
1073
1879
1512
138
-452
-32
651
399
-232
-357
-373
-588
-1023
-1061
-746
-647
-1049
-1562
-1561
-1467
-1500
-1476
-1462
-1408
-1468
-1697
-1646
-1381
-1129
-1106
-1307
-1240
-997
-738
-779
-899
-716
-609
-680
-922
-1045
-802
-766
-1001
-1238
-1269
-877
-847
-567
-206
-558
-1185
-1693
-723
526
859
148
-465
271
735
628
454
1428
2700
2098
648
248
1570
2820
2247
1271
1802
2719
2298
902
684
2196
3142
2394
1151
1000
1530
1504
1220
1174
1483
1259
384
11
228
585
271
-252
-279
-274
-483
-869
-916
-759
-698
-947
-1350
-1490
-1597
-1512
-1228
-1055
-1341
-1817
-1875
-1447
-1053
-1040
-1152
-1239
-1208
-1062
-905
-618
-431
-542
-776
-925
-797
-573
-648
-944
-998
-824
-796
-960
-1230
-1058
-53
174
-607
-1627
-1558
87
919
540
-365
-164
752
842
330
355
1925
2605
1537
346
607
2124
2498
1588
1386
2322
2626
1513
503
1288
2891
2899
1549
831
1430
1921
1404
692
880
1602
1421
588
-185
-255
247
306
191
-47
-462
-925
-1162
-1004
-645
-442
-903
-1597
-2010
-1829
-1166
-883
-1241
-1726
-1866
-1494
-1238
-1347
-1211
-928
-883
-1119
-1242
-866
-412
-451
-694
-738
-639
-709
-925
-992
-641
-338
-715
-1282
-1400
-1014
-415
235
-17
-795
-1516
-1168
242
816
577
-193
96
792
687
206
379
2097
2710
1632
365
483
2010
2454
1745
1559
2227
2477
1504
660
1449
2740
2696
1651
1098
1467
1456
932
679
1146
1592
1050
217
-263
-77
123
-36
-59
-158
-612
-1191
-1238
-904
-641
-898
-1434
-1587
-1523
-1444
-1431
-1284
-1202
-1402
-1693
-1603
-1214
-991
-866
-928
-974
-908
-845
-693
-488
-353
-356
-495
-794
-766
-553
-507
-568
-757
-962
-1098
-1062
-926
-786
-218
17
-649
-1473
-1588
-355
540
431
-327
-485
357
465
8
-3
1446
2565
1598
188
57
1567
2550
1795
1127
1703
2422
1919
813
1083
2483
2855
1794
846
1224
1741
1364
798
914
1442
1133
274
-138
134
458
92
-453
-546
-460
-714
-1044
-1130
-865
-743
-1145
-1591
-1688
-1348
-1045
-996
-1221
-1437
-1429
-1290
-972
-785
-594
-481
-668
-891
-837
-372
103
118
-287
-440
-411
-250
-134
-313
-495
-595
-545
-682
-817
-1003
-1063
-899
-306
177
-559
-1533
-1938
-858
515
540
-497
-1114
-94
550
173
-307
448
1917
1833
682
36
909
2060
1853
1240
1723
2580
2244
971
744
2089
3026
2394
1255
1138
1741
1717
1170
818
1159
1414
940
480
219
111
-128
-305
-121
-151
-588
-1154
-1262
-936
-718
-960
-1482
-1576
-1368
-1148
-1089
-1273
-1432
-1344
-1052
-717
-652
-806
-833
-708
-427
-279
-314
-256
-207
-30
37
-124
-287
-402
-265
-248
-334
-474
-771
-934
-1020
-1050
-915
-889
-527
-505
-1082
-1614
-1784
-696
95
-102
-776
-743
154
107
-378
-347
1129
2356
1508
64
-137
1395
2542
1978
1201
1681
2407
2059
1134
1223
2414
2877
2160
1399
1458
1710
1404
1039
1204
1649
1250
251
-176
-40
284
160
-306
-605
-911
-1083
-1131
-1028
-882
-926
-1227
-1539
-1591
-1474
-1135
-745
-660
-973
-1332
-1304
-732
-277
-189
-147
-173
-222
-314
-311
65
567
721
384
-217
-393
-60
168
-46
-283
-300
-436
-839
-1369
-1510
-1095
-850
-838
-737
-1113
-1615
-2240
-1881
-418
160
-386
-1370
-1036
-229
-93
-329
-19
1429
1792
772
-219
199
1774
2196
1466
1461
2215
2331
1417
808
1770
2993
2831
1751
1196
1541
1680
1358
1076
1240
1308
703
114
-128
52
124
-314
-659
-821
-1017
-1139
-1109
-1012
-986
-1195
-1491
-1545
-1366
-1050
-814
-851
-1087
-1261
-1115
-522
-38
-64
-213
-325
-261
14
336
472
379
305
359
347
52
-82
85
138
-87
-552
-888
-867
-973
-1236
-1478
-1383
-1141
-1373
-1286
-1296
-1456
-1776
-1949
-1108
-587
-476
-905
-891
-235
-274
-523
-416
936
1929
1107
-84
-95
1389
2418
1922
1361
1771
2292
1966
1254
1572
2584
2785
2033
1274
1388
1623
1361
1056
1113
1384
949
75
-266
-126
-24
-243
-471
-406
-636
-1167
-1365
-997
-420
-545
-1234
-1540
-1114
-539
-481
-667
-742
-583
-366
-244
-26
218
333
260
121
238
510
475
360
435
699
616
-30
-489
-456
42
72
-453
-965
-1265
-1267
-1435
-1464
-1261
-1275
-1573
-2043
-1617
-1004
-1093
-1789
-2224
-1112
-175
-326
-1216
-1277
-208
227
-3
-144
829
1636
1157
408
652
1978
2525
1669
1155
1963
2749
2342
1306
1352
2348
2654
1959
1226
1380
1602
1199
622
557
850
618
24
-275
-291
-218
-262
-507
-719
-1013
-1093
-872
-647
-579
-891
-1091
-1015
-767
-564
-409
-155
-146
-359
-451
-161
353
467
237
133
312
444
299
91
15
139
393
362
-76
-530
-718
-488
-404
-512
-873
-1270
-1331
-1472
-1563
-1707
-1644
-1607
-1747
-1831
-1467
-1077
-1476
-2100
-2298
-1239
-205
-318
-1148
-1291
-223
285
135
-31
912
1937
1473
610
482
1719
2714
2186
1446
1764
2500
2328
1485
1365
2237
2643
1970
1112
1034
1380
1317
948
762
868
578
-24
-257
-167
112
128
-234
-559
-846
-806
-513
-289
-277
-478
-563
-582
-533
-534
-367
59
170
-22
-468
-593
-141
198
211
69
-34
-123
-126
-95
-46
-33
-49
50
-85
-392
-574
-599
-486
-492
-705
-987
-1207
-1357
-1501
-1496
-1432
-1461
-1689
-1907
-1790
-1439
-976
-1157
-1796
-2097
-1352
-255
-158
-748
-1041
-229
408
226
-96
370
1683
1946
1057
368
988
2155
2181
1545
1539
2154
2236
1511
1155
1782
2431
2044
1173
1065
1550
1453
814
496
817
1038
575
79
-135
-85
102
275
200
-340
-847
-856
-303
99
-134
-798
-1124
-789
-519
-537
-617
-419
-415
-699
-829
-603
-109
8
-165
-292
-165
-43
-169
-137
154
442
227
-241
-460
-338
23
15
-443
-833
-828
-685
-808
-1083
-1263
-1226
-1207
-1400
-1605
-1669
-1516
-1472
-1255
-823
-970
-1577
-1975
-1263
-189
134
-439
-944
-340
300
397
173
608
1625
1609
862
585
1305
2063
1848
1320
1586
2274
2117
1219
932
1829
2580
2113
1210
1071
1466
1546
1240
881
869
917
624
236
1
-76
-101
37
13
-510
-1156
-1256
-699
-337
-557
-1053
-1335
-1134
-864
-710
-483
-258
-361
-699
-786
-341
296
484
152
-93
31
253
299
243
272
366
346
87
-172
-261
-48
99
-142
-537
-795
-761
-643
-644
-843
-1140
-1361
-1445
-1396
-1224
-1225
-1451
-1679
-1482
-797
-748
-1334
-1864
-1547
-388
122
-298
-949
-556
326
431
139
224
1124
1535
1049
646
886
1612
1749
1355
1534
2135
2144
1382
896
1475
2212
2099
1397
914
988
986
695
450
510
622
233
-293
-598
-728
-591
-251
-4
-432
-1257
-1501
-993
-267
-21
-364
-841
-904
-699
-478
-115
201
205
-225
-542
-272
262
622
513
205
79
177
230
198
316
462
480
228
-111
-130
83
265
227
-80
-366
-537
-612
-489
-310
-306
-645
-1118
-1320
-1117
-934
-1035
-1263
-1387
-1256
-1215
-1108
-1014
-1186
-1362
-1311
-762
-474
-597
-757
-525
37
25
-223
-114
716
1347
879
208
248
996
1384
1070
860
1196
1434
1073
602
782
1383
1486
1103
801
845
810
569
522
738
924
616
127
-84
68
358
510
425
15
-398
-482
-86
263
147
-306
-611
-437
-249
-231
-317
-244
-92
-177
-371
-374
-14
310
296
115
59
150
329
496
585
624
616
567
443
505
674
763
615
307
185
175
109
-13
-84
-157
-343
-724
-1049
-1110
-956
-958
-1341
-1752
-1931
-1882
-1807
-1771
-1620
-1710
-2018
-2341
-2468
-1897
-1391
-1234
-1423
-1534
-1256
-1233
-1087
-636
183
729
402
-26
99
912
1613
1581
1456
1717
2027
1992
1733
1854
2323
2473
2245
1954
1898
1872
1603
1367
1342
1458
1295
761
240
28
200
281
4
-420
-792
-852
-723
-582
-597
-719
-776
-810
-733
-576
-292
-47
-9
-42
13
284
611
783
854
1016
1189
1200
1192
1331
1547
1618
1504
1387
1310
1241
1174
1038
828
634
439
130
-221
-493
-774
-1000
-1306
-1665
-2068
-2431
-2543
-2680
-2869
-3211
-3524
-3563
-3426
-3401
-3533
-3443
-3183
-2756
-2641
-2784
-2772
-2376
-1468
-846
-680
-709
-324
313
713
1057
1463
2162
2452
2259
2088
2325
2971
3216
2947
2799
3019
2994
2490
2037
2176
2558
2396
1751
1220
1084
1012
775
551
487
425
90
-308
-457
-438
-405
-396
-383
-412
-601
-687
-460
-80
201
234
168
211
444
744
1024
1211
1198
1110
1100
1313
1572
1523
1267
1078
1054
1105
1023
747
441
209
88
-97
-489
-958
-1273
-1361
-1482
-1782
-2246
-2612
-2746
-2750
-2795
-2919
-3157
-3345
-3337
-3200
-2944
-2884
-2932
-2903
-2720
-2359
-2108
-2006
-1989
-1761
-1249
-844
-594
-407
-347
-220
-36
476
1106
1368
1300
1106
1505
1996
2053
1940
2136
2739
2809
2297
1824
1951
2501
2588
2188
1932
1931
1768
1313
1116
1499
1771
1422
766
524
720
769
615
532
698
682
325
144
238
517
571
512
572
420
189
81
352
701
785
446
31
49
170
291
195
81
-33
-295
-434
-524
-508
-465
-473
-653
-942
-1173
-1239
-1024
-821
-891
-1196
-1518
-1653
-1574
-1387
-1192
-1203
-1487
-1788
-1837
-1606
-1424
-1425
-1514
-1482
-1388
-1410
-1434
-1429
-1172
-887
-836
-948
-1054
-946
-718
-427
-301
-344
-380
-296
-24
274
611
667
424
223
410
1123
1624
1499
980
987
1562
1907
1820
1654
1961
2237
2018
1568
1493
1915
2089
1822
1537
1527
1465
1102
810
1038
1393
1180
567
176
213
193
62
-4
31
-41
-423
-731
-801
-611
-529
-543
-544
-680
-876
-961
-658
-331
-279
-517
-745
-626
-388
-218
-247
-275
-249
-293
-328
-282
-147
-141
-291
-403
-415
-379
-345
-319
-320
-414
-509
-535
-557
-541
-495
-459
-467
-476
-534
-651
-690
-567
-421
-438
-517
-613
-606
-500
-404
-333
-219
-84
-141
-333
-331
-93
175
275
152
-35
-89
122
383
458
332
255
271
325
376
398
579
727
698
447
373
547
628
571
484
683
676
300
-94
-129
283
443
118
-276
-322
-163
-181
-324
-179
99
29
-308
-484
-238
81
187
49
-15
184
239
111
38
234
533
542
339
135
180
459
651
696
661
624
521
414
416
505
641
594
312
92
110
245
236
75
-7
-24
-44
-134
-203
-149
-26
-42
-225
-353
-291
-147
-155
-272
-317
-266
-251
-343
-391
-299
-182
-194
-391
-462
-322
-206
-193
-278
-273
-284
-378
-432
-486
-375
-304
-462
-753
-982
-896
-814
-854
-861
-939
-1003
-1113
-1118
-983
-995
-1135
-1226
-978
-672
-720
-984
-1016
-659
-338
-317
-387
-242
-5
28
-67
55
387
571
524
582
902
1122
1029
926
1208
1658
1761
1558
1448
1575
1746
1759
1698
1699
1680
1566
1405
1409
1448
1312
1145
1097
1123
991
827
679
564
499
363
197
59
-12
-176
-329
-301
-227
-328
-541
-553
-427
-311
-327
-415
-364
-239
-169
-185
-162
-20
66
-4
-88
-87
-9
12
-52
-72
-106
-168
-319
-473
-500
-521
-541
-722
-944
-1136
-1289
-1309
-1404
-1524
-1640
-1746
-1866
-2037
-2129
-2136
-2088
-2048
-2114
-2195
-2242
-2188
-2051
-1882
-1612
-1449
-1443
-1453
-1346
-914
-404
-122
-141
-179
137
570
865
983
1171
1577
1838
1811
1728
1952
2415
2598
2471
2310
2330
2482
2497
2417
2374
2294
2101
1855
1794
1904
1834
1524
1176
1026
1036
993
835
585
429
374
332
237
99
-16
-37
31
33
-122
-308
-333
-256
-178
-115
-136
-219
-330
-347
-240
-90
8
-94
-289
-362
-295
-182
-153
-204
-320
-498
-655
-737
-703
-674
-772
-896
-1045
-1165
-1238
-1299
-1281
-1300
-1393
-1530
-1650
-1619
-1578
-1583
-1577
-1531
-1500
-1572
-1589
-1494
-1295
-1094
-1091
-1131
-1084
-957
-748
-552
-414
-353
-288
-148
120
207
143
181
390
679
717
717
748
963
1170
1185
1202
1253
1414
1427
1424
1497
1577
1620
1542
1503
1580
1631
1556
1479
1411
1359
1250
1120
1090
1095
1061
863
668
568
519
501
401
307
218
112
33
-39
-72
-107
-191
-247
-254
-209
-209
-364
-486
-443
-286
-169
-228
-320
-388
-339
-193
-150
-166
-225
-211
-170
-157
-168
-267
-303
-216
-142
-183
-329
-465
-501
-509
-503
-541
-634
-784
-1007
-1108
-1072
-1028
-1100
-1271
-1405
-1402
-1336
-1381
-1418
-1356
-1270
-1184
-1123
-1120
-1112
-985
-679
-372
-272
-302
-232
25
396
627
661
681
781
946
1089
1223
1325
1367
1357
1297
1279
1304
1344
1312
1190
1088
1002
855
698
591
527
459
283
66
-82
-190
-307
-401
-413
-456
-546
-676
-766
-664
-535
-490
-534
-564
-493
-381
-235
-69
66
142
178
305
491
659
742
758
861
980
1041
1061
1026
999
984
995
1019
949
754
578
519
486
372
170
36
-34
-155
-341
-500
-530
-543
-673
-858
-890
-807
-807
-897
-948
-871
-764
-767
-825
-781
-641
-545
-577
-581
-485
-375
-318
-285
-224
-143
-91
-61
-34
29
91
115
143
135
104
61
74
125
179
179
66
12
38
87
69
25
17
-8
-10
-28
-65
-117
-121
-56
-11
-27
-109
-190
-209
-143
-73
-67
-110
-207
-270
-257
-210
-180
-172
-271
-389
-398
-336
-265
-314
-433
-508
-491
-434
-464
-507
-505
-473
-451
-452
-424
-339
-243
-160
-94
-26
95
218
336
492
659
757
804
911
1074
1235
1333
1359
1403
1465
1512
1564
1551
1499
1456
1423
1371
1247
1134
1032
896
719
525
370
226
75
-105
-268
-379
-522
-700
-876
-950
-938
-981
-1092
-1194
-1243
-1210
-1144
-1069
-1002
-956
-896
-794
-663
-510
-335
-169
2
131
204
277
414
596
727
764
739
746
761
704
628
609
621
527
293
76
-38
-135
-289
-519
-702
-839
-1017
-1234
-1442
-1506
-1550
-1624
-1758
-1849
-1830
-1812
-1783
-1746
-1607
-1410
-1285
-1191
-1064
-841
-624
-404
-134
134
370
505
675
949
1271
1487
1607
1704
1837
2002
2105
2147
2124
2061
2009
2011
2007
1869
1615
1373
1222
1099
911
638
374
201
24
-193
-447
-667
-758
-790
-855
-987
-1126
-1211
-1193
-1071
-920
-843
-838
-796
-650
-420
-228
-70
51
171
343
471
615
768
888
988
1040
1076
1086
1103
1113
1110
1116
1052
867
673
580
554
459
228
-52
-293
-430
-534
-683
-886
-1091
-1268
-1406
-1513
-1627
-1727
-1808
-1830
-1811
-1831
-1865
-1886
-1817
-1660
-1470
-1349
-1309
-1205
-1063
-821
-579
-420
-268
-94
142
346
523
686
859
1007
1107
1203
1251
1282
1338
1412
1447
1425
1328
1207
1146
1132
1098
990
843
700
596
518
412
252
131
120
122
19
-182
-377
-409
-327
-276
-298
-371
-465
-548
-533
-406
-225
-144
-205
-247
-157
17
119
162
238
404
548
564
522
524
628
778
871
840
706
599
596
646
667
575
433
299
191
122
36
-111
-255
-361
-401
-463
-683
-897
-961
-900
-861
-985
-1170
-1265
-1181
-1046
-1020
-1077
-1119
-1029
-905
-822
-800
-797
-709
-603
-544
-471
-379
-290
-242
-226
-127
13
101
107
117
235
326
349
374
429
502
509
514
539
539
530
504
498
514
486
450
399
349
319
278
229
177
188
199
171
127
66
28
25
28
50
99
55
-19
-9
57
109
114
176
269
314
290
283
386
509
545
524
528
592
643
641
654
674
703
704
699
654
603
574
552
544
458
393
340
298
194
87
57
57
-7
-245
-399
-413
-383
-455
-590
-697
-818
-882
-928
-927
-908
-918
-994
-1057
-1043
-998
-934
-852
-797
-796
-757
-745
-692
-592
-520
-411
-333
-288
-294
-276
-197
-85
3
10
35
64
64
53
51
110
174
175
95
27
33
61
53
25
44
60
18
-64
-80
-18
35
2
-43
-31
-4
29
25
60
115
123
89
68
128
211
281
265
245
299
381
424
413
418
494
591
616
568
491
508
594
640
626
564
507
447
408
378
392
413
347
244
147
111
99
88
73
59
24
-77
-192
-209
-148
-97
-102
-176
-262
-304
-281
-224
-183
-183
-205
-205
-190
-166
-118
-55
10
37
23
28
47
70
100
145
175
140
88
74
116
150
113
57
45
32
-30
-105
-115
-68
-63
-162
-295
-356
-339
-311
-335
-415
-501
-544
-539
-519
-513
-520
-527
-524
-505
-455
-410
-379
-361
-321
-239
-191
-180
-193
-162
-101
-58
-22
-34
-36
-6
50
89
59
25
4
53
133
119
37
-19
15
99
118
42
-29
-37
-3
24
-1
-39
-60
-32
26
63
79
85
135
220
291
313
304
332
389
457
521
543
531
512
527
594
646
632
591
587
623
628
577
531
541
578
586
551
484
412
378
364
366
342
242
136
67
50
70
46
-56
-182
-239
-196
-154
-217
-348
-430
-400
-348
-386
-468
-526
-520
-507
-533
-553
-548
-529
-557
-606
-599
-561
-555
-580
-548
-477
-470
-527
-591
-552
-441
-380
-435
-536
-533
-470
-427
-429
-431
-399
-366
-337
-306
-258
-201
-157
-103
-21
78
110
82
104
228
371
416
362
335
400
510
567
533
522
561
603
605
585
584
585
595
612
609
577
507
438
435
488
496
414
299
259
263
249
211
162
164
164
127
59
14
37
82
119
101
42
-25
-72
-46
19
59
39
-56
-122
-112
-73
-53
-108
-150
-162
-172
-192
-273
-340
-375
-362
-352
-406
-486
-571
-607
-593
-578
-606
-667
-721
-736
-679
-634
-635
-662
-658
-594
-500
-427
-415
-431
-394
-290
-195
-142
-109
-57
7
66
106
162
251
345
395
378
377
430
502
577
639
656
629
595
623
697
760
738
654
584
564
594
596
540
472
435
417
376
327
260
216
220
223
171
70
4
-11
15
48
21
-71
-149
-153
-124
-114
-138
-186
-233
-240
-224
-214
-228
-263
-286
-293
-290
-306
-325
-336
-324
-324
-359
-374
-363
-336
-340
-355
-344
-331
-323
-324
-293
-235
-206
-234
-264
-226
-127
-61
-67
-86
-72
-26
1
5
28
77
97
45
17
50
98
106
71
73
124
134
61
-19
-3
71
108
91
32
-14
-36
-32
22
81
100
47
-11
18
96
160
178
196
222
236
249
268
339
425
454
431
408
434
483
501
488
466
450
431
383
318
276
274
266
202
88
-20
-79
-129
-181
-246
-311
-373
-435
-484
-537
-549
-553
-589
-645
-682
-643
-578
-542
-542
-545
-494
-417
-329
-265
-204
-112
-47
-3
52
151
279
360
410
435
466
531
590
645
680
690
667
643
650
671
654
571
467
403
375
314
230
118
16
-67
-131
-193
-300
-394
-466
-498
-499
-526
-605
-687
-674
-587
-521
-535
-586
-589
-512
-384
-292
-267
-242
-185
-94
18
117
171
192
205
249
329
395
391
354
338
353
382
339
243
172
165
171
106
-16
-131
-182
-190
-230
-308
-387
-427
-464
-516
-540
-541
-529
-523
-551
-557
-513
-443
-388
-343
-285
-245
-174
-76
33
138
216
280
328
423
560
668
704
689
699
764
854
871
812
776
808
827
764
648
569
562
562
502
400
302
212
131
103
90
65
-6
-121
-184
-185
-174
-215
-262
-257
-234
-226
-257
-277
-266
-211
-159
-156
-164
-176
-176
-147
-80
-23
-3
-45
-91
-101
-64
-33
-35
-70
-128
-164
-173
-166
-178
-211
-250
-301
-345
-387
-426
-426
-436
-454
-501
-550
-564
-561
-542
-543
-538
-529
-527
-521
-499
-433
-358
-300
-279
-257
-194
-96
-27
12
48
109
173
214
241
266
304
342
374
400
420
416
390
356
345
361
363
346
313
290
271
238
219
209
208
161
89
44
38
49
14
-31
-32
0
7
-9
-26
-16
18
48
73
97
125
159
192
229
265
292
313
345
382
382
382
390
410
421
403
389
371
365
350
329
308
291
275
249
215
167
113
63
34
18
0
-41
-105
-164
-200
-217
-227
-238
-269
-325
-364
-382
-384
-373
-367
-381
-394
-413
-417
-399
-373
-343
-346
-363
-383
-370
-320
-274
-248
-260
-253
-242
-217
-172
-147
-126
-124
-131
-135
-121
-93
-70
-61
-61
-69
-68
-54
-50
-49
-51
-68
-95
-106
-92
-64
-45
-76
-122
-131
-110
-92
-90
-88
-85
-90
-106
-114
-79
-20
20
12
-1
12
43
90
140
190
216
227
227
248
294
345
375
387
399
412
419
426
445
463
488
493
466
438
429
450
460
433
376
321
317
321
293
248
190
144
103
75
41
3
-28
-81
-141
-185
-203
-214
-243
-279
-317
-350
-358
-368
-387
-399
-412
-420
-429
-436
-436
-416
-387
-356
-340
-358
-373
-349
-293
-251
-237
-221
-211
-177
-124
-92
-87
-70
-20
23
49
50
47
65
100
122
100
79
94
121
141
135
115
93
98
113
116
107
90
91
86
86
97
108
116
109
103
118
127
128
146
189
225
214
183
173
219
270
276
257
249
258
268
261
271
285
290
274
240
219
213
203
180
151
127
102
45
-17
-42
-39
-40
-90
-171
-232
-239
-234
-268
-323
-360
-376
-389
-406
-421
-428
-433
-431
-438
-450
-443
-427
-419
-419
-427
-410
-392
-372
-350
-343
-328
-313
-299
-284
-246
-197
-178
-192
-171
-100
-42
-33
-47
-35
21
82
105
104
129
176
214
219
229
241
242
249
271
299
309
295
261
262
287
310
314
281
249
245
258
274
257
250
250
252
244
236
242
251
249
233
243
268
273
234
207
227
264
276
256
243
256
266
261
250
231
207
170
164
173
172
133
72
51
50
41
-2
-45
-69
-89
-128
-170
-203
-227
-267
-320
-365
-391
-394
-414
-437
-454
-459
-464
-465
-463
-452
-420
-384
-365
-368
-358
-324
-278
-221
-190
-174
-151
-119
-76
-36
-4
21
35
63
98
114
121
123
133
143
141
118
90
82
89
81
58
18
-25
-56
-67
-79
-101
-143
-184
-208
-215
-210
-211
-225
-237
-231
-199
-168
-153
-137
-115
-89
-49
-6
46
98
144
178
207
269
330
375
397
421
456
503
539
539
519
511
515
516
505
475
433
391
348
312
284
249
183
108
60
32
4
-46
-117
-173
-198
-198
-208
-244
-277
-288
-280
-274
-279
-273
-251
-221
-210
-192
-152
-102
-61
-30
1
30
61
90
130
174
187
178
163
186
214
206
182
154
151
146
113
59
27
20
-1
-51
-104
-144
-175
-207
-243
-272
-307
-336
-351
-347
-337
-350
-364
-358
-323
-282
-253
-248
-242
-214
-162
-89
-34
-19
-14
13
75
135
171
193
207
226
234
243
265
288
292
270
252
251
250
227
190
174
164
148
111
75
57
33
-8
-56
-66
-63
-73
-93
-127
-139
-128
-98
-86
-84
-82
-78
-57
-37
-17
-9
-3
10
16
38
60
61
51
42
58
77
76
59
29
11
8
6
-3
-24
-62
-87
-91
-102
-122
-146
-156
-149
-142
-153
-186
-191
-168
-149
-136
-136
-148
-154
-122
-70
-40
-32
-26
-5
51
95
100
94
113
147
178
190
195
200
204
216
237
247
242
230
223
246
248
211
180
170
172
151
113
75
54
37
20
-9
-12
-10
-23
-34
-39
-31
-21
-20
-19
-1
15
13
12
27
57
89
115
124
124
135
149
162
189
219
219
199
176
156
145
159
158
127
77
31
-1
-15
-21
-64
-127
-180
-218
-253
-289
-332
-379
-416
-444
-474
-489
-495
-512
-521
-519
-506
-497
-492
-491
-473
-419
-361
-333
-316
-281
-231
-176
-114
-56
-14
25
61
102
158
208
244
259
267
292
328
354
359
350
351
350
336
313
295
286
278
257
228
206
162
131
130
127
99
41
-7
-10
5
10
-13
-51
-75
-56
-29
-21
-37
-52
-38
-18
-4
-7
-13
12
45
70
85
87
106
128
151
175
181
180
162
148
162
180
173
135
101
93
81
48
2
-34
-54
-87
-133
-192
-243
-284
-310
-327
-358
-389
-437
-475
-478
-482
-494
-498
-498
-488
-486
-485
-465
-431
-377
-326
-291
-268
-232
-174
-107
-51
-11
34
92
138
172
202
233
266
296
328
347
354
345
338
343
360
355
326
298
267
249
246
225
188
156
125
105
80
47
10
-18
-25
-42
-76
-111
-126
-116
-113
-132
-137
-118
-103
-97
-97
-83
-60
-36
-19
-19
0
26
39
48
76
107
130
141
141
142
170
202
207
190
169
162
165
172
159
138
143
121
73
23
2
-1
-8
-35
-89
-127
-147
-158
-167
-178
-198
-227
-254
-259
-259
-260
-263
-271
-267
-255
-256
-247
-233
-212
-187
-169
-161
-163
-147
-106
-55
-13
12
11
20
67
120
157
181
185
188
208
245
280
302
305
292
283
296
309
312
302
294
290
278
256
230
211
208
204
182
150
105
65
51
47
29
-6
-51
-91
-108
-103
-106
-122
-133
-152
-166
-157
-141
-132
-126
-119
-120
-124
-118
-96
-60
-31
-22
-14
7
34
47
70
86
93
111
125
126
127
133
128
115
99
84
75
63
37
4
-19
-34
-54
-83
-111
-124
-133
-171
-221
-246
-239
-229
-237
-258
-278
-280
-266
-255
-245
-225
-221
-224
-206
-178
-157
-136
-110
-80
-46
-23
-10
3
48
95
119
134
144
169
205
236
249
260
268
270
277
284
278
269
270
268
257
241
210
181
175
167
135
100
77
51
27
1
-33
-59
-66
-75
-98
-121
-132
-145
-143
-126
-117
-121
-123
-127
-127
-108
-84
-72
-75
-83
-72
-50
-24
-16
-16
-2
12
13
3
-7
0
9
12
5
-18
-30
-10
-7
-16
-31
-53
-68
-80
-86
-101
-121
-135
-154
-168
-166
-172
-200
-226
-219
-205
-218
-234
-247
-249
-226
-203
-192
-194
-177
-163
-160
-143
-115
-97
-84
-74
-56
-19
9
22
39
75
114
138
148
165
189
217
227
243
265
270
260
244
262
294
300
274
246
233
234
233
225
212
186
159
134
110
104
88
51
24
20
27
19
-10
-43
-60
-46
-30
-33
-57
-83
-89
-73
-48
-45
-64
-76
-68
-43
-20
-12
-22
-22
-8
8
13
0
-16
-14
10
19
2
-24
-50
-52
-40
-31
-33
-54
-67
-76
-81
-84
-100
-104
-116
-127
-140
-138
-131
-147
-157
-158
-141
-129
-139
-138
-119
-96
-73
-75
-86
-82
-68
-56
-47
-42
-26
-8
0
6
15
36
55
67
82
99
108
116
110
113
130
155
165
162
168
175
184
182
192
215
237
241
213
193
192
211
216
187
160
124
105
94
86
86
66
41
20
9
-2
-25
-43
-59
-68
-87
-119
-142
-158
-161
-156
-163
-176
-196
-203
-199
-183
-172
-172
-173
-162
-136
-117
-100
-94
-82
-52
-26
-6
12
35
48
72
104
122
135
137
146
170
187
184
169
174
182
186
179
146
129
125
126
115
94
74
49
34
23
13
8
-1
-14
-27
-34
-38
-45
-36
-28
-19
-15
-26
-27
-20
-8
6
18
29
28
24
27
48
75
93
99
97
93
90
91
105
131
142
127
104
84
82
84
80
65
44
24
0
-30
-53
-60
-72
-94
-132
-165
-194
-212
-223
-226
-234
-247
-272
-293
-293
-272
-255
-253
-260
-269
-266
-241
-214
-195
-185
-179
-161
-135
-109
-86
-60
-36
-11
2
23
41
58
76
100
131
139
134
129
138
164
175
170
160
167
164
156
155
156
148
130
123
111
103
95
76
69
76
73
51
31
29
37
42
35
30
32
29
18
25
42
47
41
33
33
34
55
67
66
56
36
33
41
56
68
59
43
24
26
40
47
39
31
23
18
10
-9
-27
-32
-29
-30
-39
-50
-70
-84
-102
-100
-88
-90
-114
-137
-129
-110
-106
-115
-122
-119
-111
-103
-98
-92
-75
-68
-61
-40
-22
-11
-13
-6
11
28
41
39
40
51
57
65
71
79
81
71
62
55
64
70
73
64
55
61
69
69
63
58
53
49
34
22
24
28
26
15
0
-13
-28
-33
-40
-43
-46
-52
-67
-83
-84
-79
-73
-82
-94
-99
-101
-102
-103
-102
-91
-83
-83
-87
-84
-72
-66
-67
-72
-78
-68
-63
-67
-58
-54
-43
-46
-41
-29
-13
-3
-10
-9
3
30
39
38
47
65
89
100
95
96
106
121
124
118
121
119
121
123
123
117
107
93
83
81
80
81
73
57
57
60
57
47
36
29
29
27
20
11
14
29
39
34
29
34
46
49
49
46
50
58
67
76
82
86
80
70
72
81
85
78
64
57
55
51
40
32
21
9
-13
-35
-49
-58
-75
-87
-95
-118
-143
-171
-180
-174
-175
-181
-201
-205
-193
-188
-187
-176
-154
-134
-126
-124
-109
-79
-50
-27
-12
-6
10
32
49
75
105
121
114
107
116
133
148
147
135
120
108
98
87
73
54
39
21
-2
-23
-44
-64
-75
-76
-97
-125
-149
-157
-149
-141
-143
-144
-149
-150
-144
-129
-113
-89
-69
-61
-55
-38
-14
10
26
39
67
90
99
99
109
126
141
143
140
136
127
121
124
126
123
107
89
77
64
62
55
42
31
18
1
-12
-18
-20
-24
-27
-32
-39
-43
-43
-36
-25
-18
-16
-7
3
6
24
42
54
66
77
84
91
107
125
134
130
128
129
129
121
112
107
106
101
89
72
58
46
36
21
7
-20
-55
-81
-103
-111
-128
-150
-170
-184
-194
-215
-233
-231
-234
-242
-250
-246
-233
-235
-236
-221
-198
-180
-179
-168
-148
-114
-90
-79
-63
-39
-17
-7
4
35
66
84
91
99
115
121
137
137
141
149
148
143
130
129
124
120
124
122
112
97
90
87
81
68
49
31
25
22
15
7
3
-7
-17
-25
-33
-27
-30
-39
-44
-42
-39
-31
-33
-36
-33
-24
-7
-5
-8
-6
-2
-1
3
5
9
16
16
14
18
26
23
19
22
28
33
28
24
16
14
18
14
6
-3
-10
-14
-19
-22
-20
-19
-24
-36
-42
-43
-45
-52
-58
-56
-50
-50
-52
-54
-49
-44
-45
-48
-51
-49
-41
-35
-37
-39
-37
-31
-23
-14
-12
-19
-18
-1
15
25
25
28
39
46
53
52
63
76
85
81
80
92
100
99
93
98
106
100
88
83
88
90
79
62
40
32
28
18
9
-11
-24
-41
-56
-70
-75
-78
-87
-97
-113
-124
-133
-136
-135
-134
-128
-131
-148
-151
-134
-116
-103
-97
-90
-80
-71
-58
-45
-14
13
20
26
38
52
57
71
86
103
111
103
97
94
100
104
95
86
75
64
51
39
33
26
14
-8
-23
-35
-51
-68
-76
-78
-85
-103
-112
-113
-111
-105
-102
-98
-93
-85
-79
-72
-58
-37
-14
-3
5
16
33
52
70
91
105
116
125
129
139
147
151
155
153
146
143
145
146
135
126
119
107
91
73
59
50
42
16
-12
-30
-35
-48
-67
-79
-88
-102
-112
-116
-114
-113
-118
-123
-128
-125
-120
-115
-110
-100
-80
-71
-65
-61
-55
-38
-24
-15
-4
8
18
23
36
47
57
66
68
75
73
75
80
83
89
84
79
74
64
59
51
43
32
25
14
3
-2
-12
-19
-33
-47
-51
-54
-59
-64
-67
-69
-74
-74
-71
-70
-66
-58
-54
-54
-49
-41
-31
-24
-18
-11
-1
15
20
22
26
38
47
51
56
62
76
81
79
84
88
85
80
73
73
72
62
44
28
26
19
10
-3
-17
-32
-40
-40
-47
-60
-67
-76
-83
-89
-95
-93
-85
-76
-75
-79
-76
-70
-60
-55
-52
-44
-44
-42
-35
-24
-6
2
1
-4
0
5
10
16
21
27
29
27
28
34
38
43
46
37
27
15
12
26
32
23
6
1
5
2
4
8
14
17
7
7
12
24
28
26
34
40
38
39
41
53
60
58
51
49
58
62
61
64
60
52
47
42
41
44
43
38
29
26
20
21
26
25
20
15
10
1
-6
-10
-16
-20
-28
-37
-41
-42
-49
-53
-54
-54
-60
-68
-70
-71
-68
-70
-72
-70
-74
-77
-80
-78
-69
-68
-77
-81
-75
-70
-69
-66
-62
-53
-50
-55
-60
-54
-39
-30
-27
-24
-20
-8
5
16
23
28
39
47
54
62
70
78
86
90
90
94
98
106
112
116
116
118
115
112
115
116
112
103
97
89
88
82
78
75
72
69
59
47
39
34
30
22
20
9
-4
-8
-10
-6
-9
-18
-33
-38
-37
-39
-39
-47
-57
-62
-65
-66
-72
-70
-70
-73
-76
-85
-90
-93
-94
-92
-88
-90
-102
-108
-102
-95
-93
-95
-101
-105
-100
-100
-102
-98
-87
-82
-85
-78
-71
-64
-61
-57
-47
-36
-33
-39
-36
-21
-12
-8
-9
-13
-7
6
14
15
16
22
30
35
36
37
44
56
63
67
65
70
73
76
84
97
108
111
108
112
123
130
124
112
116
121
119
110
101
98
100
100
94
86
80
72
67
66
57
41
28
23
20
11
-8
-25
-28
-29
-41
-59
-76
-86
-86
-87
-91
-93
-97
-100
-102
-101
-92
-92
-98
-102
-101
-96
-91
-91
-95
-87
-74
-73
-78
-84
-78
-62
-53
-56
-62
-63
-61
-53
-45
-38
-33
-39
-42
-43
-38
-29
-21
-22
-24
-19
-20
-23
-20
-13
-1
9
2
-10
-7
1
9
20
27
31
32
37
44
59
73
77
76
78
83
86
89
97
102
104
100
89
84
85
93
92
87
83
75
71
65
64
66
59
48
34
26
26
23
17
8
3
-3
-8
-12
-16
-12
-8
-12
-19
-23
-22
-16
-11
-11
-9
-4
-6
-5
2
10
15
13
10
5
15
25
30
34
34
31
22
18
21
24
29
28
22
15
9
7
3
8
5
-3
-10
-17
-17
-13
-12
-15
-18
-21
-28
-34
-35
-27
-23
-26
-28
-30
-28
-22
-17
-15
-12
-14
-21
-21
-18
-14
-7
-8
-16
-21
-17
-11
-6
-6
-13
-16
-16
-23
-21
-11
-3
-5
-12
-17
-17
-10
-6
-3
-5
-8
-11
-14
-15
-10
-1
9
10
4
-3
1
9
11
17
14
13
17
16
18
20
26
27
19
22
23
21
15
11
15
18
14
8
8
12
11
8
2
5
8
4
5
7
5
3
6
8
5
4
1
3
9
10
3
-2
-5
-3
-1
0
-2
-6
-12
-16
-18
-19
-24
-29
-32
-34
-40
-39
-36
-36
-38
-42
-48
-54
-54
-55
-47
-39
-44
-51
-50
-41
-34
-32
-29
-26
-20
-18
-20
-17
-9
1
6
7
9
11
19
25
33
38
36
32
28
32
38
41
43
42
36
29
29
31
28
21
13
5
2
-6
-10
-13
-13
-13
-16
-18
-22
-24
-19
-12
-8
-8
-12
-14
-10
0
4
4
1
-1
0
3
9
12
12
10
12
16
15
13
13
17
18
13
4
-5
-9
-13
-16
-21
-32
-42
-49
-58
-63
-66
-72
-75
-80
-86
-87
-88
-89
-87
-87
-90
-89
-85
-83
-79
-72
-68
-63
-57
-47
-37
-30
-23
-9
-1
4
8
14
27
36
40
44
51
59
64
70
76
78
80
81
85
87
88
83
76
75
77
73
63
56
55
56
53
45
38
34
38
39
34
33
31
33
38
38
39
39
37
36
40
46
48
50
46
46
49
50
51
51
51
53
52
46
41
45
48
48
43
37
36
34
28
25
23
20
14
4
-6
-7
-9
-15
-21
-29
-35
-41
-45
-48
-49
-51
-54
-59
-64
-67
-65
-64
-60
-61
-67
-73
-73
-68
-63
-58
-57
-56
-53
-51
-47
-42
-35
-28
-24
-23
-23
-17
-9
-2
1
5
10
11
12
13
20
28
30
27
25
30
36
38
36
37
40
41
36
32
33
36
36
31
24
20
16
13
10
8
7
2
-5
-10
-15
-15
-15
-16
-19
-21
-22
-22
-22
-23
-22
-24
-26
-27
-27
-27
-23
-21
-22
-18
-18
-17
-16
-13
-5
0
1
1
3
8
14
21
24
26
22
21
28
34
36
30
29
29
29
26
22
21
20
17
11
4
-1
-3
-3
-5
-8
-14
-21
-25
-24
-21
-20
-25
-29
-33
-34
-33
-28
-24
-23
-21
-21
-19
-17
-10
-2
4
7
6
10
18
24
30
34
37
38
38
41
43
47
45
40
35
29
24
20
20
18
12
2
-9
-15
-17
-20
-28
-36
-40
-42
-50
-56
-59
-60
-62
-68
-74
-76
-76
-75
-76
-77
-76
-75
-73
-70
-65
-57
-48
-43
-39
-31
-23
-14
-7
0
6
13
21
26
34
40
43
45
46
49
52
51
50
49
51
53
52
48
46
44
42
41
37
33
26
24
24
23
17
11
8
8
10
10
5
4
6
11
12
11
12
18
24
24
26
30
37
40
42
45
47
48
48
48
52
53
55
51
47
47
46
41
36
33
33
28
20
11
7
4
-1
-9
-18
-25
-31
-37
-42
-46
-49
-52
-58
-65
-69
-67
-64
-63
-62
-61
-62
-61
-60
-52
-45
-40
-38
-36
-31
-24
-16
-9
-6
-2
-2
-1
1
8
14
17
16
12
11
12
11
12
12
11
7
3
-1
-2
1
1
0
-3
-7
-9
-7
-5
1
4
5
1
3
8
15
21
24
25
27
31
34
38
45
48
50
49
49
50
53
52
52
49
47
42
35
31
31
28
22
12
5
-1
-4
-10
-14
-20
-24
-31
-36
-39
-39
-41
-44
-47
-49
-49
-48
-49
-47
-42
-39
-39
-38
-33
-29
-23
-20
-15
-12
-9
-7
-3
-1
2
1
-1
-3
-1
-1
-2
-8
-9
-12
-13
-19
-24
-28
-28
-32
-35
-39
-40
-40
-40
-42
-41
-41
-41
-40
-35
-30
-24
-19
-14
-9
-3
5
12
18
26
35
40
44
51
59
66
69
70
70
71
75
76
76
73
71
66
63
57
54
49
45
38
31
23
17
10
7
1
-4
-13
-20
-26
-28
-28
-28
-32
-34
-39
-39
-38
-33
-29
-28
-28
-25
-24
-18
-15
-10
-7
-3
-3
-2
-3
1
2
4
4
1
-3
-5
-7
-8
-7
-13
-18
-25
-28
-30
-29
-34
-36
-41
-43
-46
-48
-50
-49
-46
-46
-48
-49
-44
-39
-34
-30
-25
-19
-16
-11
-4
5
13
19
22
30
34
42
44
50
53
57
58
57
58
60
62
61
59
58
56
52
51
48
48
43
39
34
32
30
27
23
18
16
11
9
3
5
3
4
-2
-1
-3
-1
-3
-4
-6
-5
-5
-6
-7
-5
-3
-6
-7
-10
-7
-10
-11
-14
-12
-15
-18
-23
-22
-21
-23
-27
-30
-30
-30
-32
-35
-33
-33
-30
-35
-35
-32
-29
-28
-26
-25
-23
-21
-20
-17
-12
-5
-5
-3
-2
6
6
11
9
15
18
18
15
17
21
25
27
23
21
21
21
19
20
20
21
17
12
10
10
13
10
8
3
7
3
5
0
6
5
7
2
2
1
5
4
5
7
5
5
1
4
5
9
2
1
-4
-2
-6
-5
-10
-9
-11
-14
-18
-21
-21
-23
-23
-28
-28
-31
-29
-32
-29
-31
-29
-31
-30
-27
-26
-22
-22
-17
-14
-8
-8
-3
-1
7
9
12
12
18
22
26
28
30
32
31
33
32
35
33
33
27
27
26
27
23
20
17
15
12
6
5
1
1
-5
-6
-12
-9
-13
-13
-14
-13
-14
-16
-16
-16
-9
-10
-7
-10
-7
-8
-2
-2
2
0
4
3
3
3
4
6
4
3
-1
-3
-6
-6
-8
-6
-12
-13
-21
-22
-23
-21
-24
-26
-30
-32
-33
-32
-30
-27
-24
-24
-23
-23
-20
-17
-10
-7
-2
1
4
9
14
22
25
31
31
34
34
41
43
48
47
47
47
47
46
45
46
45
43
36
32
27
27
24
21
16
12
7
3
1
-2
-2
-6
-7
-15
-13
-18
-14
-18
-14
-20
-15
-20
-18
-19
-16
-16
-17
-15
-19
-13
-15
-9
-12
-8
-12
-10
-12
-11
-11
-11
-11
-13
-14
-15
-16
-14
-17
-17
-21
-19
-24
-23
-26
-25
-27
-24
-29
-26
-29
-22
-26
-20
-25
-20
-22
-17
-17
-12
-9
-7
-4
-2
5
6
16
14
22
21
28
27
34
36
41
40
43
43
46
47
49
50
48
48
43
43
39
40
37
34
30
26
22
20
16
12
11
6
3
-3
-5
-9
-7
-10
-11
-12
-15
-14
-15
-10
-11
-10
-14
-12
-12
-10
-7
-4
-3
-1
-4
-3
-1
0
2
0
0
-6
-2
-9
-4
-9
-4
-11
-12
-19
-20
-22
-21
-25
-27
-30
-32
-34
-33
-32
-31
-30
-33
-33
-31
-29
-27
-24
-23
-19
-18
-13
-14
-5
-2
5
4
8
10
14
16
19
23
23
26
27
29
32
31
35
31
32
29
30
28
29
26
25
22
19
16
15
13
11
8
5
2
-2
-2
-5
-4
-7
-7
-11
-9
-11
-8
-9
-9
-11
-10
-11
-9
-6
-4
-2
-4
1
-2
5
4
7
7
7
8
5
8
9
9
9
6
6
2
3
0
0
-1
-5
-7
-13
-14
-17
-17
-19
-22
-24
-30
-28
-31
-28
-30
-30
-32
-33
-31
-29
-25
-20
-17
-16
-13
-14
-6
-4
5
5
10
11
15
19
21
27
29
28
32
30
36
31
35
32
33
32
26
30
20
25
17
19
14
9
8
0
0
-3
-6
-6
-14
-11
-19
-14
-19
-16
-18
-20
-18
-21
-17
-15
-13
-11
-11
-9
-8
-6
0
-1
4
0
6
6
8
10
10
13
11
11
12
9
14
7
11
5
6
4
2
4
-3
-1
-5
-6
-7
-11
-7
-16
-11
-16
-15
-15
-18
-15
-18
-14
-15
-16
-12
-15
-8
-11
-6
-5
-6
0
-3
4
3
7
8
7
8
8
12
15
14
18
10
15
10
16
14
15
14
9
12
8
9
9
6
6
0
2
-1
-1
0
-6
-3
-11
-6
-10
-7
-8
-11
-8
-11
-9
-12
-12
-11
-12
-9
-10
-8
-10
-14
-10
-12
-6
-9
-8
-8
-12
-8
-11
-4
-6
-6
-6
-8
-5
-5
-3
-3
-3
0
-3
-1
0
4
7
6
9
7
15
14
19
20
20
23
22
26
26
27
29
27
31
27
27
25
25
26
21
24
18
16
12
8
9
2
4
-2
-4
-10
-12
-13
-16
-15
-19
-20
-21
-24
-22
-22
-23
-20
-24
-18
-23
-14
-19
-12
-15
-12
-13
-8
-8
-6
-6
-6
-5
-5
-1
-5
-2
-9
-4
-12
-6
-13
-11
-16
-17
-18
-22
-22
-26
-27
-27
-30
-29
-30
-31
-30
-31
-26
-28
-21
-24
-17
-17
-14
-9
-8
3
3
11
10
17
19
25
30
35
36
38
41
41
47
45
51
44
49
45
49
45
42
40
36
36
31
29
26
21
17
13
8
6
1
1
-6
-4
-11
-8
-16
-13
-16
-15
-13
-16
-13
-17
-13
-15
-11
-10
-9
-6
-7
-5
-7
-4
-4
-3
-2
-3
-4
-5
-5
-7
-7
-10
-9
-15
-13
-18
-17
-21
-24
-27
-28
-31
-28
-32
-30
-37
-35
-37
-36
-30
-35
-28
-34
-24
-30
-18
-23
-11
-14
-6
-6
2
4
8
12
14
21
23
29
28
32
29
37
34
44
36
44
33
40
33
38
33
34
29
27
25
22
22
15
18
7
13
3
8
-1
1
-4
-4
-6
-7
-10
-9
-11
-9
-12
-10
-10
-9
-9
-10
-9
-10
-6
-9
-4
-7
-4
-8
-6
-7
-8
-6
-12
-7
-11
-8
-11
-12
-13
-15
-14
-16
-14
-19
-18
-24
-20
-26
-20
-29
-23
-31
-25
-29
-26
-30
-25
-29
-24
-27
-24
-21
-23
-16
-21
-11
-17
-4
-12
0
-8
1
-2
7
6
11
11
13
18
18
24
22
27
26
33
30
35
33
37
33
40
35
37
36
36
35
33
34
32
30
30
28
25
24
21
19
16
15
14
10
9
4
4
-1
-1
-4
-8
-7
-12
-11
-15
-15
-19
-17
-20
-17
-22
-19
-23
-20
-22
-19
-21
-19
-22
-18
-23
-19
-20
-19
-19
-19
-16
-18
-16
-19
-16
-17
-15
-15
-15
-17
-17
-19
-17
-19
-17
-20
-17
-19
-17
-18
-14
-16
-13
-16
-12
-14
-12
-9
-8
-4
-5
-1
0
2
4
9
10
14
11
18
16
23
19
25
23
28
26
32
28
30
32
30
34
29
36
27
34
27
31
26
28
22
24
20
22
17
17
13
10
10
6
8
1
2
-2
-1
-5
-6
-10
-8
-12
-11
-15
-16
-16
-19
-17
-22
-18
-24
-21
-24
-22
-24
-24
-24
-24
-22
-24
-23
-25
-21
-25
-19
-23
-17
-20
-16
-18
-12
-14
-9
-10
-6
-4
-2
0
0
2
3
6
7
10
10
12
12
18
12
20
14
20
17
19
19
20
21
21
22
18
21
17
19
15
19
12
16
10
13
9
10
10
8
8
6
8
6
8
6
7
5
9
5
8
4
7
3
7
3
4
2
5
2
2
3
-1
1
-4
-3
-8
-7
-10
-10
-15
-16
-19
-20
-21
-24
-24
-25
-25
-27
-28
-28
-28
-27
-30
-25
-27
-25
-22
-23
-17
-20
-14
-16
-8
-8
-5
-3
0
6
4
12
10
17
14
20
18
22
20
22
21
21
24
20
24
18
22
15
21
12
18
9
13
8
10
6
5
5
2
6
0
5
-2
4
-3
3
0
3
1
2
3
2
2
2
3
4
2
4
1
2
1
-3
0
-4
0
-9
-2
-11
-7
-13
-12
-14
-16
-15
-19
-16
-21
-18
-20
-19
-17
-18
-16
-17
-13
-14
-11
-9
-7
-3
-3
3
2
8
5
10
11
11
15
12
18
11
19
11
19
12
17
12
14
13
10
12
5
11
2
8
-2
7
-3
4
-7
1
-6
0
-4
-2
-3
-5
1
-4
3
-2
6
0
9
5
10
8
13
13
15
14
16
14
15
14
14
13
11
11
4
8
-1
4
-5
-3
-10
-10
-16
-16
-19
-23
-23
-27
-24
-30
-25
-31
-27
-30
-26
-28
-26
-22
-21
-17
-18
-14
-12
-8
-4
0
2
6
9
13
13
18
18
24
22
27
23
28
25
25
23
22
20
18
17
12
14
6
8
-1
2
-5
-2
-7
-6
-8
-11
-11
-13
-10
-12
-9
-9
-9
-8
-8
-4
-3
0
0
4
4
8
7
12
12
14
16
15
18
14
19
14
18
14
15
11
11
8
5
4
1
1
-3
-3
-7
-9
-13
-13
-16
-16
-18
-17
-19
-17
-19
-17
-16
-13
-12
-10
-9
-6
-3
-2
1
2
6
7
10
9
13
14
16
16
15
18
16
19
15
14
12
10
11
5
8
1
4
-3
-5
-6
-11
-7
-15
-11
-19
-15
-19
-18
-19
-20
-16
-18
-13
-16
-12
-15
-9
-9
-4
-5
-1
1
4
4
7
9
10
12
12
14
13
15
14
14
13
12
11
11
8
6
5
1
3
-3
-1
-8
-5
-10
-11
-12
-17
-12
-19
-13
-20
-15
-16
-14
-13
-14
-10
-10
-6
-5
-4
0
-1
5
3
7
8
10
15
11
18
11
19
14
20
13
17
14
14
13
10
12
7
11
2
6
-1
2
-3
-3
-5
-7
-4
-9
-7
-12
-7
-11
-8
-8
-7
-6
-5
-4
-1
-3
2
-1
5
3
6
7
6
10
4
12
5
11
4
11
6
10
6
9
7
8
6
4
4
0
4
-6
3
-8
3
-10
0
-9
-3
-9
-5
-9
-6
-6
-8
-5
-10
-2
-10
1
-11
2
-10
3
-7
1
-1
0
4
-1
7
-3
8
-2
10
0
6
2
5
3
4
5
2
4
2
3
0
2
-3
1
-3
3
-1
1
-4
0
-3
-1
-3
-1
-1
-2
0
-3
1
-4
1
-5
1
-3
-2
-3
-3
-2
-4
-2
-3
-2
-2
-3
-1
-5
-1
-2
-1
1
-1
3
-2
6
1
5
3
6
5
5
9
5
12
5
10
4
8
4
6
3
1
1
-1
0
-5
-2
-6
-3
-8
-6
-10
-5
-9
-5
-9
-4
-7
-2
-4
-3
0
0
6
0
8
1
11
4
13
7
12
10
8
10
6
10
6
10
6
8
5
6
4
4
2
5
0
3
0
1
-2
-1
-2
-5
-3
-8
-3
-10
-6
-11
-6
-11
-9
-12
-8
-10
-9
-9
-9
-6
-9
-2
-7
2
-4
4
-2
4
1
4
2
4
5
5
7
5
7
2
7
-1
5
-2
2
-3
-2
-5
-7
-6
-11
-8
-12
-11
-13
-13
-13
-13
-10
-9
-9
-6
-7
-4
-4
-1
0
1
6
4
8
6
10
9
11
9
9
10
10
10
10
10
9
8
6
6
3
8
1
8
1
6
1
1
0
-3
-2
-7
-3
-8
-6
-9
-9
-11
-9
-10
-9
-10
-8
-9
-8
-6
-6
-4
-3
-1
-1
0
2
1
5
1
5
4
6
7
6
9
7
10
5
6
6
4
6
2
2
0
1
1
-3
0
-7
-4
-7
-8
-9
-9
-8
-8
-6
-8
-8
-6
-8
-6
-7
-5
-3
-4
-1
-2
1
1
1
3
2
5
4
5
5
5
7
4
8
5
6
4
5
4
1
3
0
1
-2
-3
-4
-6
-8
-9
-9
-8
-10
-8
-9
-9
-8
-9
-6
-8
-4
-7
-4
-4
-2
0
1
3
2
5
3
4
4
6
5
8
6
9
6
8
7
7
8
4
8
2
7
1
2
-1
-2
-1
-4
-2
-6
-4
-7
-6
-5
-5
-5
-5
-6
-4
-4
-1
-2
0
1
0
3
2
6
4
7
6
7
9
9
10
12
11
14
13
14
12
13
12
8
9
5
7
3
4
0
-1
-3
-5
-7
-8
-10
-7
-12
-8
-12
-9
-8
-9
-6
-9
-3
-7
0
-3
1
-1
2
3
4
5
7
5
6
5
7
7
7
9
4
7
3
5
2
2
1
-1
0
-3
-1
-3
-3
-3
-4
-4
-4
-4
-3
-6
-4
-7
-4
-7
-4
-6
-6
-8
-7
-8
-7
-7
-5
-5
-5
-2
-3
3
-1
6
1
6
4
8
7
6
9
4
9
2
8
3
6
1
2
-2
0
-5
-3
-7
-5
-8
-8
-7
-9
-5
-9
-4
-8
-5
-6
-5
-4
-4
-3
-3
-2
0
-1
2
0
1
2
0
4
0
5
0
4
1
3
4
2
4
1
3
0
1
0
1
-1
-1
-3
0
-1
-1
-4
-3
-4
-6
-2
-5
-2
-6
-4
-6
-5
-4
-4
-3
-3
-1
-1
0
-2
1
0
1
-1
1
0
1
1
2
4
4
5
4
5
2
3
2
3
3
2
2
2
0
2
0
2
0
0
-2
-4
-3
-5
-1
-6
0
-4
1
-2
0
0
-1
0
-2
0
0
-1
1
0
