11
12
12
12
12
12
11
10
9
10
10
9
10
9
9
9
8
6
6
5
5
5
5
7
7
9
7
5
4
2
1
0
-2
-4
-7
-6
-7
-6
-5
-6
-9
-11
-12
-13
-14
-13
-12
-12
-13
-15
-16
-16
-15
-15
-14
-16
-16
-16
-17
-16
-17
-15
-15
-15
-17
-17
-18
-18
-16
-14
-13
-12
-13
-13
-12
-14
-13
-14
-12
-11
-10
-8
-7
-4
-3
-4
-4
-5
-4
-4
-3
-3
-2
-1
1
4
2
1
1
2
2
2
2
2
2
3
5
6
5
6
4
5
5
4
5
6
7
7
8
7
7
7
6
6
6
6
7
6
8
6
5
6
6
5
6
5
6
6
6
6
6
7
8
8
6
5
4
3
2
3
5
5
3
2
1
2
2
1
1
0
-1
-2
-3
-1
0
3
3
3
2
1
0
0
1
1
0
2
2
2
1
3
2
2
3
3
1
1
2
3
4
5
5
6
7
5
5
5
4
5
5
5
5
5
5
5
5
4
3
3
0
1
0
-1
3
1
1
0
-2
-3
-4
-4
-5
-6
-5
-4
-4
-5
-4
-5
-6
-8
-9
-9
-10
-12
-11
-10
-9
-8
-8
-8
-8
-9
-12
-11
-11
-11
-10
-11
-11
-11
-11
-13
-12
-12
-11
-10
-8
-8
-9
-8
-9
-9
-8
-9
-9
-9
-7
-7
-5
-5
-4
-1
-1
-1
-1
1
2
2
3
3
3
4
4
7
9
12
12
14
15
15
15
16
16
16
16
16
15
16
17
17
15
16
18
18
18
18
17
17
17
18
17
16
14
12
12
12
11
14
14
15
14
14
15
14
13
10
9
7
6
5
4
5
4
5
5
3
3
2
0
0
-3
-3
-4
-4
-4
-7
-7
-9
-12
-13
-14
-13
-14
-14
-14
-14
-13
-15
-16
-19
-22
-24
-25
-23
-23
-23
-23
-23
-20
-20
-20
-19
-22
-22
-23
-25
-24
-23
-24
-21
-21
-20
-20
-20
-20
-21
-21
-19
-16
-14
-13
-14
-14
-15
-15
-15
-15
-14
-13
-12
-10
-7
-6
-5
-3
-5
-4
-3
-2
-2
1
2
4
7
9
11
12
12
12
13
13
14
16
20
21
22
23
23
23
22
23
24
25
27
28
31
31
32
32
31
29
28
26
26
25
25
27
28
28
28
28
27
24
22
19
18
16
17
16
15
15
13
12
10
7
4
2
0
0
-1
-2
-4
-4
-7
-9
-10
-12
-14
-15
-16
-17
-17
-17
-16
-17
-17
-19
-21
-22
-25
-26
-25
-23
-22
-22
-21
-20
-21
-22
-22
-22
-22
-22
-22
-20
-20
-17
-16
-15
-13
-14
-13
-13
-12
-11
-8
-8
-5
-4
-1
0
-1
0
-1
-1
0
0
2
5
8
10
12
12
11
11
12
11
11
11
12
13
14
15
16
15
14
14
14
12
10
11
10
9
10
10
8
7
6
5
4
2
1
0
0
0
-2
-3
-3
-5
-7
-7
-8
-9
-11
-13
-13
-13
-13
-13
-13
-13
-14
-16
-16
-18
-19
-19
-18
-18
-17
-15
-14
-13
-12
-12
-11
-9
-8
-8
-7
-5
-4
-3
0
0
0
1
3
4
7
8
10
12
14
16
16
17
17
18
18
20
21
23
23
25
26
26
27
25
27
26
25
26
26
26
25
25
26
25
23
23
22
21
20
18
17
17
15
14
12
11
10
8
7
5
4
2
1
0
-1
-3
-6
-6
-10
-11
-13
-16
-19
-20
-21
-22
-23
-24
-26
-25
-26
-28
-28
-29
-29
-29
-30
-30
-31
-31
-31
-31
-30
-29
-29
-28
-27
-26
-26
-24
-24
-23
-22
-21
-19
-17
-17
-16
-14
-11
-9
-5
-3
-2
0
1
3
3
4
4
7
9
10
11
12
14
16
17
19
20
20
21
21
21
22
24
25
25
26
26
26
26
26
26
24
23
23
21
22
22
21
19
17
18
16
14
13
12
11
11
9
7
5
4
3
3
2
1
-1
-1
-1
-3
-5
-5
-6
-5
-5
-6
-8
-10
-10
-10
-11
-11
-12
-11
-10
-11
-11
-11
-12
-12
-10
-10
-10
-10
-10
-9
-8
-9
-9
-11
-8
-7
-7
-8
-9
-9
-8
-8
-8
-7
-6
-3
-3
-4
-4
-3
-2
-1
0
1
2
2
2
2
1
1
2
4
6
6
5
4
4
6
5
4
4
4
5
5
3
2
1
3
4
4
3
1
1
1
2
1
0
0
0
1
0
-1
-3
-4
-4
-3
-3
-3
-2
-2
-2
-5
-7
-7
-6
-3
-3
-3
-4
-2
-2
-1
-2
-2
-1
0
1
-1
-2
-1
0
1
3
3
2
2
2
2
0
-1
1
2
4
5
5
5
5
4
4
3
3
4
7
9
9
8
8
8
9
9
10
8
8
7
8
7
6
7
7
9
9
7
6
5
5
6
6
7
7
6
7
6
5
4
5
6
5
6
5
3
2
1
0
-2
-2
-1
-1
-2
-1
-2
-2
-2
-2
-4
-3
-5
-4
-4
-5
-5
-5
-5
-3
-1
-2
-2
-3
-3
-4
-6
-7
-6
-4
-3
-3
-5
-6
-6
-5
-5
-3
-3
-3
-2
-2
-3
-3
-3
-2
0
0
-1
-2
-3
-4
-5
-3
-4
-4
-3
-2
-2
-2
-3
-4
-4
-3
-4
-4
-4
-4
-4
-4
-6
-5
-5
-4
-4
-4
-4
-5
-4
-5
-5
-6
-4
-3
-3
-3
-4
-5
-5
-3
-2
-2
-2
-1
-3
-3
-4
-4
-5
-5
-5
-5
-6
-7
-8
-9
-7
-8
-7
-8
-6
-5
-7
-9
-9
-9
-8
-8
-8
-8
-10
-10
-9
-10
-11
-10
-8
-8
-7
-8
-9
-10
-8
-7
-9
-8
-8
-7
-7
-7
-7
-7
-7
-7
-5
-6
-6
-6
-8
-7
-7
-7
-7
-7
-6
-4
-5
-5
-3
-4
-4
-2
-2
-1
-2
-1
-2
-2
-1
-2
-3
-2
-2
-1
0
1
3
2
4
6
7
7
7
8
7
6
9
9
10
11
12
13
14
14
14
14
13
15
17
16
17
16
15
17
19
19
17
18
19
20
19
19
17
18
17
17
16
15
15
15
15
13
13
11
11
10
11
11
11
11
11
11
10
10
9
9
8
6
5
4
4
3
1
1
-1
-1
0
0
0
-2
-3
-1
0
0
0
-1
0
0
-1
-1
-1
0
1
2
2
2
1
1
2
3
4
3
3
3
3
3
2
4
4
4
4
3
4
5
5
5
4
3
3
3
4
4
3
2
2
2
2
2
2
3
3
2
0
-1
-1
0
0
-1
-1
-3
-4
-4
-3
-3
-3
-4
-3
-4
-4
-6
-6
-5
-5
-6
-7
-7
-6
-6
-5
-6
-8
-8
-7
-6
-6
-6
-7
-7
-7
-5
-6
-7
-6
-5
-5
-5
-5
-6
-4
-4
-5
-6
-5
-5
-6
-7
-7
-7
-7
-7
-7
-9
-9
-10
-10
-9
-8
-9
-9
-9
-9
-9
-10
-10
-11
-10
-11
-11
-11
-11
-9
-9
-7
-7
-7
-5
-4
-4
-3
-1
0
2
4
5
6
6
8
11
11
13
11
12
12
12
13
12
12
13
12
13
11
10
9
9
10
9
8
8
8
7
6
5
4
4
1
-1
-2
-3
-3
-3
-4
-6
-7
-9
-10
-9
-10
-11
-11
-11
-10
-11
-10
-11
-11
-10
-9
-10
-10
-10
-9
-9
-8
-7
-6
-4
-3
-1
-1
-2
-1
1
2
1
1
2
4
6
7
7
6
6
6
7
9
8
9
9
9
9
9
10
9
9
8
9
8
6
6
6
6
5
4
3
2
2
1
0
0
0
1
0
-2
-2
-2
-2
-3
-4
-4
-4
-5
-4
-6
-7
-8
-8
-9
-9
-9
-9
-10
-10
-9
-9
-7
-7
-6
-5
-5
-6
-7
-6
-6
-6
-5
-5
-6
-6
-5
-5
-7
-7
-8
-9
-8
-8
-7
-7
-5
-5
-6
-6
-6
-6
-4
-3
-2
-3
-3
-1
-2
-3
-4
-3
-3
-3
-2
-2
-2
-1
0
-1
-2
-1
0
1
3
4
6
7
9
10
11
11
11
11
12
10
10
10
10
10
10
9
9
9
11
12
12
10
10
11
11
12
12
11
12
13
12
11
10
9
7
7
6
5
3
3
3
2
1
-1
-2
-4
-3
-2
-2
-2
-2
-1
-2
-3
-4
-5
-5
-6
-6
-8
-7
-8
-8
-8
-8
-9
-8
-7
-7
-6
-6
-7
-5
-5
-4
-4
-2
-1
0
0
-1
-1
0
1
1
1
-1
-1
0
1
1
0
2
1
2
4
6
6
8
9
9
8
8
8
9
8
8
7
6
6
8
8
7
7
6
7
7
7
7
7
9
10
9
9
10
11
11
12
11
9
9
9
9
11
10
10
10
9
9
9
9
9
9
9
8
9
9
10
10
11
10
10
11
11
10
9
8
7
7
5
4
5
5
5
5
6
5
6
5
5
4
3
4
4
4
4
6
5
5
2
1
0
-1
-3
-4
-2
-1
-3
-4
-3
-2
-1
-1
-3
-3
-3
-2
-1
-1
-2
-3
-3
-4
-6
-7
-6
-7
-8
-9
-10
-11
-12
-11
-10
-9
-10
-11
-9
-8
-8
-8
-9
-8
-7
-8
-8
-9
-8
-8
-8
-9
-9
-9
-10
-10
-11
-11
-12
-12
-12
-11
-11
-10
-9
-9
-9
-8
-7
-8
-8
-8
-9
-10
-10
-11
-11
-9
-8
-9
-9
-9
-9
-9
-8
-8
-8
-8
-8
-8
-5
-5
-3
-2
-1
-1
-2
-3
-3
-3
-1
0
1
1
3
2
3
2
1
1
2
1
1
2
3
4
4
5
4
5
4
4
3
3
2
3
2
2
3
4
4
4
4
6
4
4
4
5
5
6
5
6
7
8
9
6
7
7
7
7
6
6
7
7
8
8
9
8
10
10
10
9
9
8
9
10
10
10
10
11
9
9
8
7
6
7
7
5
4
3
4
3
3
3
2
3
1
0
-1
-1
-1
-3
-5
-5
-5
-5
-6
-7
-7
-7
-8
-8
-9
-10
-9
-11
-10
-10
-9
-7
-9
-9
-9
-8
-8
-9
-9
-9
-9
-9
-8
-8
-6
-6
-7
-6
-5
-4
-4
-4
-3
-1
-1
1
0
2
3
3
3
3
3
3
4
4
6
6
7
7
6
6
7
7
6
5
3
4
4
4
1
1
0
2
1
2
2
3
1
1
0
-1
-1
-2
-2
-2
-2
-3
-4
-5
-4
-4
-4
-5
-6
-4
-5
-6
-7
-6
-7
-6
-8
-8
-6
-7
-6
-8
-9
-8
-9
-10
-11
-9
-9
-8
-9
-8
-8
-9
-9
-10
-11
-11
-9
-10
-9
-9
-9
-9
-9
-9
-7
-6
-8
-9
-8
-7
-5
-5
-5
-5
-4
-3
-3
-3
0
0
1
-1
-1
0
1
2
2
3
4
5
5
5
6
7
5
5
4
5
6
7
6
6
6
7
6
5
4
4
5
3
3
1
3
2
2
2
3
2
2
1
1
2
1
0
-2
-3
-2
-4
-5
-6
-6
-7
-7
-8
-6
-5
-5
-5
-5
-6
-5
-5
-6
-7
-7
-6
-7
-8
-6
-5
-4
-3
-4
-4
-4
-4
-4
-6
-6
-5
-4
-5
-4
-4
0
-1
-1
1
1
2
3
3
2
4
5
4
5
5
6
5
6
6
8
10
10
9
9
10
10
8
6
6
6
5
4
4
6
7
6
5
5
5
5
3
2
1
1
1
-1
-1
1
1
0
-1
0
0
0
-1
-3
-4
-4
-3
-3
-5
-4
-3
-2
-2
0
1
4
6
6
8
9
9
9
9
8
7
6
3
2
6
6
8
9
10
10
11
9
7
8
8
4
1
0
0
2
3
3
2
3
2
0
-3
-6
-9
-11
-12
-13
-10
-10
-9
-7
-8
-6
-4
-5
-5
-5
-4
-5
-5
-8
-9
-8
-7
-8
-7
-6
-5
-3
-2
-2
2
5
8
10
11
13
15
14
12
11
14
16
16
15
15
18
19
19
21
24
25
25
24
21
22
21
15
13
11
10
9
4
-4
-7
-9
-12
-15
-20
-21
-20
-17
-20
-21
-21
-21
-21
-22
-24
-25
-26
-28
-31
-31
-33
-32
-31
-30
-29
-28
-24
-24
-24
-21
-19
-17
-14
-12
-10
-8
-5
-5
-2
2
5
9
12
13
16
20
21
23
26
27
29
31
31
32
37
38
38
39
41
42
45
46
43
43
46
43
40
39
33
29
31
25
19
18
12
5
7
2
-5
-3
-9
-15
-12
-11
-16
-14
-16
-20
-16
-13
-19
-17
-14
-18
-15
-16
-25
-25
-22
-27
-30
-30
-33
-34
-28
-29
-26
-15
-7
-3
4
7
8
10
9
0
-3
-4
-11
-13
-12
-10
-3
10
15
20
33
36
35
35
29
22
22
16
7
12
18
17
24
28
28
35
39
26
20
12
-5
-20
-33
-49
-50
-41
-42
-41
-34
-31
-28
-21
-27
-37
-36
-42
-52
-54
-57
-61
-56
-56
-61
-50
-41
-44
-41
-40
-42
-35
-35
-48
-43
-28
-25
-19
-17
-23
-13
4
6
14
26
35
49
58
51
49
52
43
31
20
8
8
14
19
36
58
84
116
143
158
178
187
176
158
133
100
76
50
14
-5
-7
-10
-7
6
15
31
49
54
50
43
21
-3
-23
-51
-74
-82
-98
-115
-117
-112
-107
-102
-112
-127
-131
-137
-154
-172
-191
-205
-195
-173
-156
-138
-109
-75
-40
-18
-17
-20
-12
-28
-59
-72
-87
-111
-121
-135
-139
-92
-51
-31
22
85
128
189
214
194
210
233
197
166
139
100
113
132
100
112
176
191
213
242
224
216
236
206
168
167
149
126
117
88
82
123
129
91
76
76
66
53
12
-49
-76
-89
-122
-156
-182
-207
-201
-194
-227
-258
-261
-256
-242
-238
-264
-279
-286
-306
-315
-314
-313
-274
-233
-242
-230
-187
-146
-104
-79
-106
-119
-118
-138
-145
-131
-157
-173
-146
-149
-172
-153
-87
-29
42
93
156
258
354
369
394
429
418
387
369
317
267
268
231
189
191
215
229
251
224
210
255
293
290
288
270
250
260
255
228
207
199
180
163
126
75
42
22
-18
-69
-100
-129
-168
-194
-208
-228
-222
-231
-271
-286
-279
-279
-277
-284
-298
-289
-308
-340
-326
-298
-300
-297
-297
-273
-228
-244
-204
-72
-28
-53
-21
-52
-83
-66
-140
-207
-206
-343
-476
-412
-408
-427
-263
-86
72
329
448
507
675
718
616
595
495
305
226
103
-62
-70
-37
-62
4
68
94
190
258
221
222
224
164
132
108
73
103
177
213
264
309
319
310
268
173
71
-24
-146
-257
-346
-404
-414
-383
-361
-308
-224
-153
-83
-26
-25
-41
-47
-90
-133
-193
-271
-325
-334
-343
-324
-278
-244
-177
-96
-47
20
102
98
98
83
2
-43
-52
-160
-252
-310
-425
-500
-478
-391
-134
261
471
556
718
923
1025
992
786
630
571
384
66
-128
-162
-129
-77
-106
-103
37
189
255
295
267
263
329
321
195
144
208
262
287
275
312
428
450
320
179
71
-37
-161
-327
-504
-559
-493
-415
-362
-307
-174
14
141
149
127
132
115
19
-112
-227
-314
-394
-473
-542
-564
-509
-497
-498
-436
-369
-292
-197
-198
-238
-159
-76
-136
-199
-229
-290
-287
-353
-549
-623
-602
-712
-777
-742
-764
-642
-275
133
642
1122
1247
1300
1525
1525
1214
887
494
103
-196
-633
-1035
-981
-788
-695
-471
-188
69
451
742
775
788
750
622
557
436
175
103
194
191
233
384
501
564
509
315
156
37
-204
-456
-631
-744
-720
-554
-371
-165
112
390
604
727
709
619
491
265
-19
-289
-517
-689
-781
-804
-745
-626
-484
-376
-245
-127
-67
-87
-178
-317
-438
-547
-721
-904
-1012
-1031
-997
-930
-861
-762
-599
-407
-309
-274
-241
-233
-205
-136
4
427
1148
1590
1505
1367
1493
1674
1464
705
3
-94
-209
-844
-1374
-1269
-773
-279
-145
-94
477
1137
1320
1343
1346
1104
938
850
479
71
-31
2
127
204
148
362
820
845
498
318
224
71
-167
-560
-851
-733
-511
-400
-228
37
381
817
1034
904
780
726
512
180
-181
-479
-583
-617
-731
-711
-461
-245
-136
-61
-33
-8
1
-190
-510
-734
-887
-1038
-1232
-1473
-1559
-1421
-1283
-1229
-1153
-986
-737
-523
-409
-309
-194
-153
-129
-101
-82
31
246
628
1214
1616
1481
1140
1066
1165
928
140
-588
-613
-499
-910
-1323
-1012
-204
394
429
424
1012
1604
1505
1177
1046
831
557
342
52
-191
-225
-128
149
374
298
383
787
825
343
-89
-268
-328
-518
-936
-967
-162
599
734
848
1302
1848
2157
1797
1073
886
807
166
-483
-767
-818
-466
-129
-359
-258
424
773
768
661
234
56
243
-218
-1052
-1201
-1103
-1221
-1229
-1277
-1310
-927
-642
-895
-1045
-1015
-1157
-1365
-1602
-1945
-1974
-1683
-1552
-1467
-1145
-712
-240
193
530
859
1187
1440
1651
1579
1044
443
173
108
-206
-868
-1267
-912
-485
-581
-724
-264
565
1042
797
575
971
1243
853
430
261
124
53
-52
-183
-45
227
412
734
926
782
792
959
717
197
-260
-557
-599
-679
-1068
-1151
-628
-129
99
341
709
1174
1757
2245
2381
2207
1843
1389
1082
721
-38
-633
-590
-673
-983
-933
-737
-479
36
161
-38
252
401
48
39
25
-536
-705
-620
-1076
-1379
-1141
-1129
-1182
-1002
-975
-881
-566
-599
-872
-881
-955
-1261
-1445
-1528
-1635
-1536
-1299
-1150
-988
-649
-288
27
397
735
865
975
1292
1556
1403
929
509
532
713
359
-299
-297
211
324
0
-179
228
835
766
89
18
479
448
8
-177
-106
167
425
446
629
1118
1424
1625
1866
1693
1334
1209
940
300
-384
-981
-1249
-1150
-1215
-1410
-1038
-205
665
1388
1803
2236
2985
3307
2817
2070
1293
633
88
-868
-1860
-2002
-1734
-1579
-1259
-872
-290
744
1350
1207
1234
1273
847
424
-177
-1194
-1696
-1708
-2145
-2533
-2336
-1976
-1559
-1144
-1052
-893
-395
-256
-532
-678
-786
-922
-986
-1131
-1301
-1160
-848
-650
-532
-395
-251
-160
-243
-424
-443
-282
-207
-77
442
1124
1400
1281
1319
1714
2041
1601
662
301
404
-59
-1036
-1514
-1212
-769
-812
-1105
-690
284
760
715
914
1296
1512
1559
1398
1228
1292
1284
1114
991
799
498
354
213
-220
-676
-925
-930
-819
-811
-689
69
1145
1810
2050
2284
2654
2818
2378
1578
878
264
-476
-1244
-1848
-2080
-1865
-1560
-1286
-845
-243
387
870
883
589
512
434
-136
-886
-1344
-1550
-1683
-1807
-1894
-1745
-1346
-1046
-907
-851
-869
-904
-944
-1112
-1343
-1428
-1345
-1221
-1075
-802
-315
166
417
459
399
295
56
-364
-824
-992
-1008
-951
-563
202
897
1257
1424
1723
2250
2394
1744
1066
877
525
-261
-1098
-1480
-1293
-1037
-1328
-1455
-762
32
326
490
766
1125
1495
1529
1367
1472
1666
1653
1644
1564
1307
1147
1019
607
164
-154
-410
-537
-651
-878
-885
-485
10
454
870
1254
1681
2017
1985
1716
1423
1025
479
-106
-683
-1086
-1271
-1412
-1480
-1350
-1068
-739
-444
-301
-179
77
234
123
-64
-176
-307
-507
-786
-1109
-1294
-1304
-1334
-1470
-1588
-1604
-1520
-1388
-1324
-1274
-1068
-777
-523
-264
-50
46
86
144
132
-18
-284
-617
-812
-808
-688
-312
417
1104
1366
1308
1327
1628
1822
1309
470
103
-14
-508
-1191
-1483
-1149
-516
-329
-496
-83
820
1298
1340
1329
1328
1412
1424
1091
829
877
879
887
992
924
891
1114
1078
650
212
-106
-203
-147
-368
-571
-216
363
696
898
1147
1521
1860
1783
1418
1085
713
235
-237
-702
-1023
-1136
-1192
-1116
-890
-717
-450
-46
104
69
230
325
148
-64
-267
-427
-505
-679
-1006
-1208
-1327
-1499
-1584
-1661
-1823
-1813
-1633
-1517
-1443
-1264
-1031
-764
-533
-416
-312
-215
-180
-142
-115
-190
-185
-25
181
450
835
1122
1168
965
767
843
871
375
-268
-456
-418
-530
-820
-949
-570
-13
2
-176
192
700
775
614
493
527
708
775
718
886
1159
1353
1608
1711
1535
1453
1414
1108
799
544
94
-385
-768
-1107
-1131
-904
-723
-318
377
867
1255
1721
1978
2116
2193
1797
1146
702
224
-294
-611
-986
-1369
-1352
-1169
-1075
-897
-657
-424
-85
121
86
40
-51
-319
-613
-905
-1219
-1423
-1535
-1631
-1647
-1590
-1510
-1376
-1223
-1036
-799
-693
-721
-612
-441
-448
-582
-717
-743
-636
-640
-757
-536
-8
452
926
1472
1737
1594
1242
972
940
632
-250
-884
-896
-993
-1374
-1538
-1169
-354
262
233
423
1216
1668
1507
1266
1039
841
735
394
25
147
460
702
1027
1227
1388
1803
1996
1617
1121
697
283
-2
-400
-904
-935
-548
-204
58
312
724
1332
1672
1490
1300
1272
1093
755
301
-188
-482
-697
-1004
-1191
-1158
-1061
-947
-811
-714
-452
-103
-18
-127
-223
-338
-540
-869
-1349
-1788
-1999
-2112
-2251
-2339
-2240
-1839
-1347
-1023
-793
-437
-40
151
47
-169
-332
-498
-814
-1158
-1297
-1029
-471
11
471
1145
1774
1958
1785
1536
1380
1107
366
-601
-1101
-1277
-1535
-1728
-1510
-877
-180
209
539
1165
1679
1707
1561
1391
1090
826
604
394
355
547
848
1238
1512
1681
1983
2272
2058
1530
1146
843
362
-252
-788
-957
-666
-354
-197
206
909
1512
1898
1958
1761
1665
1558
1008
358
-69
-475
-775
-885
-1139
-1328
-1101
-929
-1033
-972
-696
-530
-503
-638
-822
-814
-828
-1170
-1512
-1598
-1675
-1786
-1817
-1910
-1912
-1594
-1218
-997
-742
-442
-207
21
91
-29
-115
-266
-662
-1034
-1231
-1220
-782
-175
289
985
1911
2410
2317
2096
2083
2074
1439
179
-679
-843
-1112
-1760
-2153
-1783
-899
-326
-244
175
1065
1610
1642
1537
1422
1387
1307
963
624
584
670
813
903
791
844
1230
1340
1010
769
716
650
438
27
-241
-42
282
441
691
1021
1283
1517
1528
1308
1123
854
301
-194
-509
-838
-1037
-1114
-1283
-1337
-1109
-898
-864
-828
-691
-439
-287
-469
-764
-894
-1060
-1490
-2008
-2415
-2721
-2944
-3086
-3114
-2888
-2415
-1870
-1324
-780
-212
356
738
813
773
722
445
-28
-522
-812
-710
-423
-276
91
938
1710
1943
1800
1722
2029
2064
1141
90
-180
-251
-748
-1371
-1596
-1032
-240
-182
-325
310
1079
1309
1289
1199
1135
1312
1298
966
907
1111
1311
1576
1610
1350
1412
1576
1183
621
300
7
-217
-433
-743
-557
141
620
991
1611
2158
2542
2762
2490
2098
1861
1249
316
-401
-1070
-1636
-1830
-2018
-2304
-2162
-1758
-1463
-1191
-898
-615
-286
-168
-396
-584
-768
-1211
-1831
-2450
-3020
-3400
-3595
-3742
-3758
-3458
-2880
-2108
-1323
-651
-29
566
970
1130
1111
882
455
-57
-557
-787
-621
-336
24
638
1336
1740
1837
1795
1910
1999
1489
617
205
125
-188
-650
-872
-599
-58
68
-121
163
635
685
503
378
260
313
386
328
511
1000
1442
1838
2148
2184
2160
2112
1720
1104
580
40
-450
-781
-1017
-1003
-555
46
641
1315
2010
2616
3080
3209
2994
2648
2138
1388
597
-164
-898
-1481
-1873
-2135
-2214
-2117
-1926
-1637
-1287
-896
-486
-193
-89
-65
-160
-464
-960
-1550
-2179
-2788
-3365
-3813
-4049
-4079
-3875
-3415
-2727
-1890
-1030
-206
548
1129
1460
1610
1469
1044
689
624
610
468
437
761
1279
1410
1010
796
1194
1393
789
-11
-146
127
85
-432
-641
-37
660
634
318
474
825
841
465
-22
-324
-315
-291
-350
-239
155
756
1427
1795
1862
2053
2303
2103
1504
873
351
-80
-605
-1213
-1460
-1148
-651
-173
442
1218
2008
2679
3051
3165
3129
2807
2112
1336
613
-141
-847
-1433
-1988
-2386
-2450
-2375
-2345
-2193
-1813
-1355
-999
-823
-675
-494
-446
-753
-1263
-1737
-2166
-2648
-3146
-3519
-3686
-3653
-3446
-3131
-2614
-1828
-992
-318
255
792
1191
1355
1208
1008
1098
1297
1307
1430
1792
2014
1838
1425
1205
1424
1329
439
-330
-346
-329
-649
-913
-726
31
703
654
674
1324
1619
1230
763
315
-126
-340
-669
-969
-713
-184
345
1060
1583
1848
2208
2292
1793
1346
1078
482
-351
-1182
-1733
-1597
-1150
-936
-418
757
1951
2767
3288
3506
3809
3985
3334
2204
1369
605
-191
-778
-1415
-1980
-1948
-1707
-1718
-1675
-1380
-1026
-739
-664
-777
-721
-650
-891
-1331
-1711
-2002
-2214
-2518
-2963
-3279
-3251
-3097
-2982
-2869
-2524
-1791
-1077
-655
-219
358
783
951
963
1015
1326
1640
1668
1759
1981
1925
1538
1150
965
884
460
-303
-681
-598
-654
-848
-768
-264
421
757
713
973
1428
1368
961
586
161
-208
-475
-830
-978
-672
-196
362
1002
1412
1751
2198
2294
1896
1348
693
13
-587
-1260
-1816
-1734
-1250
-750
-86
758
1662
2577
3256
3540
3720
3685
3179
2523
1893
1023
113
-575
-1223
-1781
-2023
-2103
-2102
-1931
-1660
-1337
-954
-652
-499
-437
-537
-850
-1296
-1787
-2246
-2632
-2985
-3269
-3425
-3394
-3172
-2829
-2457
-1961
-1412
-963
-578
-179
95
298
573
916
1291
1557
1713
2120
2687
2669
1979
1328
1190
1112
463
-613
-1033
-658
-479
-818
-935
-259
779
1249
1032
1155
1766
1911
1363
752
264
-48
-317
-750
-1062
-898
-452
75
594
864
1156
1601
1636
1142
735
449
-2
-618
-1258
-1605
-1340
-924
-696
-156
782
1637
2260
2607
2815
3177
3320
2757
2036
1571
1037
484
-54
-769
-1236
-1159
-1133
-1387
-1401
-1094
-760
-535
-569
-582
-360
-300
-737
-1362
-1861
-2309
-2787
-3307
-3818
-3983
-3765
-3559
-3459
-3139
-2409
-1539
-959
-770
-525
14
393
377
427
820
1377
1826
2107
2306
2493
2379
1851
1404
1069
422
-346
-792
-937
-980
-891
-673
-55
814
1304
1508
1980
2396
2239
1789
1322
804
275
-276
-720
-710
-472
-271
103
714
1173
1476
1603
1461
1169
838
288
-342
-866
-1334
-1632
-1644
-1432
-1008
-296
539
1330
2077
2664
3059
3364
3371
2990
2430
1865
1203
511
-115
-681
-1103
-1287
-1357
-1393
-1309
-1063
-797
-572
-392
-232
-90
-113
-360
-765
-1212
-1751
-2327
-2830
-3252
-3587
-3778
-3833
-3771
-3512
-3014
-2403
-1769
-1252
-829
-322
189
656
1119
1572
1790
1997
2399
2669
2487
1886
1311
1156
996
130
-909
-1080
-767
-800
-1026
-856
87
1181
1540
1390
1855
2539
2451
1817
1237
788
441
8
-529
-664
-327
20
336
739
1079
1527
1886
1756
1295
834
179
-592
-1293
-1876
-2178
-2140
-1956
-1553
-812
75
963
1781
2410
2965
3354
3274
2850
2389
1881
1266
557
-268
-932
-1207
-1334
-1495
-1541
-1409
-1079
-721
-568
-623
-604
-564
-715
-1062
-1456
-1789
-2018
-2237
-2488
-2670
-2731
-2744
-2743
-2709
-2530
-2173
-1804
-1546
-1365
-1181
-924
-654
-483
-162
490
1140
1578
2025
2464
2704
2570
2050
1584
1389
766
-300
-879
-920
-1016
-1106
-972
-401
640
1339
1382
1700
2284
2278
1889
1451
846
327
-38
-529
-691
-379
-72
311
912
1267
1550
1844
1669
1257
1003
569
-126
-814
-1478
-1806
-1670
-1571
-1451
-819
64
895
1566
2018
2468
3056
3218
2803
2298
1867
1393
868
178
-523
-883
-993
-1139
-1316
-1361
-1165
-786
-590
-564
-450
-244
-249
-503
-899
-1249
-1560
-2004
-2567
-2957
-3120
-3208
-3234
-3171
-2901
-2419
-1886
-1428
-942
-448
-39
241
510
897
1370
1786
2056
2143
2033
1775
1411
1044
709
191
-470
-889
-1028
-1089
-1012
-679
-122
654
1307
1601
1920
2331
2308
1856
1299
730
246
-182
-701
-953
-670
-202
267
828
1328
1722
2025
2009
1840
1617
952
-93
-973
-1555
-1976
-2275
-2375
-2046
-1303
-572
68
837
1683
2464
2985
3071
2902
2683
2323
1781
1163
439
-229
-641
-973
-1299
-1385
-1263
-1128
-970
-781
-606
-475
-474
-615
-747
-870
-1122
-1452
-1708
-1863
-1960
-2091
-2274
-2412
-2387
-2273
-2175
-2101
-1931
-1599
-1258
-1002
-744
-433
-59
431
987
1442
1798
2178
2424
2296
1782
1217
880
529
-247
-1123
-1451
-1247
-1048
-1002
-773
76
1160
1664
1721
2047
2432
2294
1697
999
440
55
-380
-821
-838
-460
13
530
1015
1361
1740
1979
1762
1264
875
498
-13
-646
-1250
-1490
-1284
-1105
-1063
-748
-24
732
1279
1588
1894
2399
2696
2461
2070
1798
1384
819
214
-441
-912
-1069
-1250
-1481
-1477
-1175
-816
-555
-432
-245
18
44
-260
-632
-1039
-1494
-1989
-2446
-2778
-3020
-3206
-3245
-3101
-2873
-2509
-2013
-1504
-1050
-629
-288
35
303
618
1063
1507
1839
2207
2491
2400
1904
1307
876
544
-239
-1309
-1815
-1751
-1703
-1715
-1396
-534
651
1372
1563
2049
2687
2605
1996
1329
674
167
-266
-815
-1021
-669
-190
317
891
1293
1706
2129
2079
1595
1066
497
-70
-603
-1271
-1797
-1735
-1371
-1077
-686
-43
825
1645
2114
2342
2626
2793
2570
2105
1639
1161
637
83
-425
-815
-1029
-1038
-1002
-1000
-859
-532
-289
-247
-237
-186
-177
-331
-718
-1156
-1441
-1676
-1932
-2136
-2282
-2347
-2243
-2124
-2068
-1887
-1585
-1269
-947
-713
-585
-342
-112
-75
-10
376
954
1542
2033
2345
2538
2439
1886
1296
939
314
-691
-1465
-1762
-1810
-1702
-1563
-1029
52
909
1153
1510
2066
2130
1741
1177
510
13
-356
-819
-990
-752
-413
81
686
1030
1305
1624
1547
1142
946
771
311
-341
-1028
-1357
-1138
-969
-1048
-659
238
983
1485
1788
2034
2517
2747
2208
1519
1188
720
140
-338
-877
-1235
-1146
-1124
-1280
-1179
-837
-538
-297
-199
-154
-30
-63
-403
-865
-1280
-1664
-2010
-2375
-2686
-2833
-2773
-2625
-2492
-2334
-1939
-1350
-872
-611
-390
-74
223
229
117
306
834
1368
1745
1998
2233
2366
2052
1484
1174
812
1
-769
-1190
-1408
-1465
-1383
-1120
-370
419
700
978
1516
1704
1498
1228
811
379
95
-241
-406
-166
103
391
911
1311
1475
1617
1484
1031
592
160
-244
-453
-751
-1144
-1165
-797
-370
102
596
1164
1853
2280
2288
2293
2309
2065
1621
1095
563
165
-135
-462
-697
-808
-802
-732
-690
-715
-653
-525
-450
-413
-389
-410
-507
-655
-903
-1205
-1503
-1784
-2071
-2375
-2657
-2789
-2769
-2680
-2499
-2104
-1528
-966
-502
-95
254
489
573
520
484
603
781
972
1229
1488
1513
1293
1021
897
788
283
-428
-747
-749
-895
-1094
-1052
-567
88
412
424
759
1241
1247
891
512
173
-35
-204
-491
-533
-201
270
763
1231
1467
1724
1911
1654
1270
1070
637
-160
-947
-1549
-1727
-1611
-1542
-1145
-118
891
1642
2272
2724
3162
3482
3066
2212
1617
1005
243
-389
-1005
-1459
-1398
-1278
-1346
-1174
-771
-449
-199
-63
11
149
154
-124
-489
-818
-1167
-1562
-1991
-2375
-2630
-2789
-2904
-2918
-2729
-2309
-1739
-1248
-798
-262
296
630
634
514
364
225
202
297
463
881
1434
1690
1549
1319
1181
1261
1060
253
-422
-478
-523
-856
-1058
-875
-195
477
531
494
1065
1489
1252
797
401
109
-37
-410
-783
-590
-106
266
749
1257
1595
1911
1896
1337
712
80
-663
-1017
-1083
-1353
-1461
-1055
-394
482
1218
1645
2318
3133
3237
2940
2513
1850
1388
1045
214
-554
-763
-953
-957
-656
-639
-646
-302
-266
-493
-469
-465
-618
-587
-605
-700
-693
-775
-1019
-1200
-1465
-1918
-2449
-3042
-3495
-3563
-3391
-3190
-2837
-2288
-1486
-563
181
644
1014
1214
1193
1042
860
704
807
1034
984
693
434
418
623
704
295
-86
40
199
-60
-343
-256
241
708
697
545
924
1363
1138
631
340
251
153
-141
-511
-429
66
526
936
1389
1721
2025
2178
1905
1545
1304
688
-310
-1145
-1620
-1752
-1696
-1659
-1202
-106
884
1506
2096
2652
3131
3312
2807
2006
1519
956
169
-428
-941
-1298
-1226
-1143
-1263
-1112
-765
-561
-391
-243
-159
-6
-43
-355
-644
-841
-1116
-1506
-1970
-2403
-2618
-2730
-2920
-3008
-2804
-2316
-1756
-1354
-952
-372
196
448
430
236
-10
-255
-610
-990
-1058
-772
-268
429
1129
1515
1641
1706
1867
2015
1612
775
273
119
-363
-998
-1254
-984
-402
-97
-251
71
915
1228
975
834
800
699
475
14
-182
180
509
634
908
1194
1430
1605
1392
798
278
-63
-272
-385
-633
-897
-722
-187
303
674
1098
1708
2252
2431
2210
1906
1678
1377
887
410
61
-293
-539
-603
-682
-778
-706
-615
-543
-384
-159
3
137
237
263
230
33
-367
-927
-1567
-2227
-2849
-3361
-3676
-3773
-3575
-3140
-2529
-1795
-945
-179
394
897
1206
1111
742
245
-353
-861
-1109
-1104
-802
-148
538
1091
1475
1657
1780
2022
1875
1133
455
94
-284
-694
-984
-1001
-519
-52
-32
135
782
1210
1234
1074
849
800
883
630
335
496
862
1174
1410
1451
1485
1638
1406
719
75
-341
-489
-427
-590
-863
-702
-114
461
820
1014
1490
2151
2325
2001
1677
1483
1378
1164
594
96
-60
-232
-462
-598
-869
-1012
-845
-858
-1005
-752
-309
-91
-12
43
114
128
-217
-874
-1440
-1908
-2446
-3000
-3443
-3596
-3339
-2936
-2558
-2011
-1240
-469
167
524
632
728
614
36
-644
-1171
-1737
-2083
-1909
-1412
-585
554
1440
1944
2376
2608
2595
2443
1751
764
233
-210
-928
-1384
-1443
-1235
-647
-226
-167
325
1005
1079
989
1018
895
843
790
484
498
891
1013
1082
1340
1346
1270
1223
727
48
-333
-799
-1337
-1472
-1263
-774
-38
491
924
1690
2368
2610
2673
2625
2383
2023
1382
545
26
-213
-558
-955
-1230
-1294
-1053
-686
-483
-386
-177
123
323
262
125
81
-100
-551
-1072
-1483
-1807
-2116
-2517
-2861
-3011
-3085
-3096
-2896
-2554
-2134
-1609
-1144
-765
-337
45
221
242
104
-150
-470
-942
-1496
-1805
-1685
-1252
-599
132
923
1686
2173
2294
2332
2368
2082
1387
629
37
-439
-814
-1042
-927
-494
-116
-31
195
728
1110
1128
1038
946
888
777
498
304
460
739
932
1162
1345
1476
1592
1493
1135
759
382
-9
-367
-700
-872
-683
-254
200
685
1273
1974
2523
2682
2604
2465
2172
1640
916
159
-414
-836
-1201
-1342
-1222
-1016
-664
-220
25
189
421
516
379
127
-260
-758
-1241
-1704
-2136
-2482
-2752
-2884
-2837
-2667
-2415
-2057
-1606
-1204
-844
-487
-204
-89
-64
-108
-274
-510
-780
-1079
-1298
-1428
-1497
-1413
-1169
-703
-27
754
1495
2200
2649
2578
2275
2144
2008
1410
540
-25
-271
-613
-1096
-1319
-920
-250
-2
-97
231
914
1228
1098
872
706
654
474
101
-3
261
519
753
1065
1303
1579
1785
1606
1256
1011
628
170
-111
-300
-324
-63
283
679
1265
1819
2200
2462
2498
2341
2090
1551
778
189
-173
-529
-859
-1073
-1087
-842
-504
-289
-159
2
169
148
-104
-443
-735
-1098
-1616
-2162
-2528
-2672
-2752
-2843
-2795
-2535
-2180
-1848
-1546
-1264
-967
-649
-478
-469
-527
-583
-672
-819
-986
-1065
-1059
-1043
-1077
-1085
-1026
-803
-358
206
858
1574
2166
2419
2346
2150
2092
1945
1282
439
7
-290
-748
-1198
-1333
-985
-472
-411
-462
46
613
693
619
557
482
485
313
-6
9
299
515
792
1054
1245
1580
1824
1623
1410
1461
1341
923
411
-29
-117
35
-77
-175
241
810
1112
1267
1356
1568
1844
1649
1018
658
509
132
-312
-694
-1011
-1030
-902
-1027
-1198
-1118
-926
-850
-953
-1169
-1210
-1153
-1295
-1595
-1760
-1768
-1753
-1815
-1867
-1730
-1463
-1267
-1193
-1131
-999
-800
-714
-758
-707
-505
-361
-356
-386
-337
-255
-285
-478
-655
-701
-642
-412
-19
548
1384
2284
2707
2614
2407
2362
2292
1677
572
-166
-347
-767
-1504
-1895
-1610
-894
-399
-477
-291
543
1071
890
670
657
728
744
435
207
591
1172
1496
1802
2106
2444
2816
2750
2227
1868
1568
917
132
-538
-956
-992
-943
-894
-373
534
1335
1954
2346
2534
2666
2472
1739
887
183
-527
-1215
-1849
-2338
-2391
-2112
-1864
-1661
-1375
-988
-602
-414
-499
-532
-462
-583
-887
-1160
-1331
-1402
-1472
-1635
-1701
-1593
-1448
-1350
-1255
-1121
-844
-519
-372
-366
-289
-135
-108
-266
-448
-509
-536
-657
-840
-917
-847
-616
-259
238
980
1820
2270
2128
1726
1452
1386
1068
222
-592
-814
-910
-1333
-1748
-1669
-1065
-427
-361
-463
16
654
742
554
538
700
991
1100
1069
1397
2016
2427
2643
2755
2706
2614
2343
1609
742
25
-677
-1235
-1598
-1809
-1404
-325
634
1229
1854
2504
3045
3141
2499
1749
1298
496
-717
-1666
-2238
-2407
-2254
-2260
-2236
-1681
-1095
-770
-395
-155
-118
53
8
-409
-598
-550
-678
-901
-1067
-1113
-966
-894
-1021
-1059
-954
-933
-1032
-1227
-1294
-1101
-938
-965
-934
-715
-420
-198
-154
-138
51
150
-5
-207
-374
-593
-824
-970
-988
-731
-161
458
798
798
761
977
1261
1117
533
120
39
-236
-842
-1300
-1250
-867
-675
-862
-777
3
738
962
1094
1446
1898
2169
2017
1806
2007
2268
2185
2048
1980
1946
1900
1534
790
226
14
-278
-780
-1287
-1495
-1219
-797
-638
-385
313
1073
1463
1542
1475
1404
1198
558
-326
-974
-1386
-1774
-2065
-2175
-2071
-1716
-1262
-897
-582
-200
225
452
410
372
499
515
302
8
-251
-429
-550
-722
-866
-893
-931
-992
-1020
-1034
-984
-803
-631
-530
-349
-54
237
360
301
183
73
-159
-593
-1104
-1559
-1936
-2314
-2574
-2490
-1993
-1205
-215
737
1398
1757
1942
2173
2333
1889
996
461
236
-279
-963
-1314
-1079
-484
-292
-489
-79
867
1351
1389
1513
1772
2114
2236
1961
1875
2234
2414
2288
2175
1977
1769
1475
697
-276
-929
-1493
-1979
-2118
-2110
-2005
-1457
-700
11
761
1354
1748
2082
2058
1520
910
218
-671
-1354
-1739
-2072
-2153
-1932
-1561
-946
-233
257
697
1161
1343
1288
1172
974
783
669
411
34
-261
-477
-667
-850
-1076
-1235
-1260
-1235
-1202
-1067
-855
-635
-430
-293
-150
23
114
31
-127
-333
-628
-1002
-1473
-2011
-2458
-2793
-3040
-3064
-2863
-2529
-1960
-1060
124
1480
2607
3095
3180
3239
3203
2750
1758
619
-131
-738
-1592
-2281
-2261
-1581
-747
-214
227
1197
2302
2742
2710
2718
2690
2518
2061
1351
874
778
586
256
61
-40
7
60
-219
-617
-746
-776
-773
-615
-493
-419
-153
165
398
640
778
780
852
818
571
370
185
-92
-184
-122
-199
-237
-114
27
299
652
783
860
1043
1103
1057
1021
873
705
558
279
-47
-330
-703
-1066
-1303
-1520
-1675
-1671
-1567
-1369
-1147
-1064
-992
-867
-860
-923
-951
-1064
-1235
-1390
-1616
-1812
-1890
-1961
-2011
-1917
-1807
-1732
-1539
-1332
-1203
-949
-530
75
941
1791
2180
2175
2176
2275
2306
1841
997
467
262
-222
-890
-1155
-815
-167
198
117
383
1208
1713
1632
1439
1313
1251
1057
486
-5
-29
52
-18
-9
52
216
512
544
250
21
-220
-601
-961
-1237
-1373
-1174
-809
-340
474
1360
1937
2302
2501
2531
2406
1850
1035
452
27
-496
-874
-1039
-895
-360
154
501
1022
1487
1668
1793
1700
1256
908
590
-16
-568
-914
-1265
-1544
-1691
-1834
-1824
-1764
-1859
-1905
-1799
-1748
-1708
-1680
-1649
-1456
-1107
-843
-686
-603
-589
-526
-508
-690
-954
-1210
-1512
-1737
-1865
-1944
-1879
-1574
-1185
-695
-56
739
1816
2871
3318
3150
2831
2605
2378
1762
699
-90
-314
-672
-1333
-1687
-1397
-701
-275
-458
-380
490
1196
1203
1105
1178
1284
1247
803
356
473
688
538
372
376
568
895
892
445
149
34
-150
-188
-180
-296
-193
168
480
840
1255
1622
2001
2150
1892
1621
1372
852
257
-198
-561
-694
-625
-512
-177
304
573
750
947
918
747
524
89
-408
-722
-1016
-1349
-1616
-1832
-1938
-1950
-1991
-1982
-1813
-1624
-1502
-1366
-1223
-1080
-960
-882
-726
-443
-154
40
149
196
163
52
-174
-487
-837
-1206
-1526
-1736
-1814
-1817
-1732
-1495
-1135
-784
-397
118
762
1592
2489
3012
2933
2489
2049
1785
1356
391
-604
-1034
-1311
-1838
-2237
-2103
-1445
-662
-299
-92
579
1329
1541
1496
1458
1377
1295
1078
750
741
995
1097
1110
1091
1034
1149
1220
886
513
448
418
292
161
104
281
601
714
809
1121
1360
1346
1165
896
714
598
230
-264
-437
-361
-309
-323
-358
-288
-53
117
67
8
31
8
-194
-580
-950
-1110
-1217
-1496
-1822
-1980
-1961
-1901
-1876
-1762
-1473
-1136
-916
-784
-601
-322
-76
21
35
93
187
150
-78
-383
-600
-808
-1113
-1453
-1667
-1724
-1664
-1560
-1432
-1191
-850
-529
-309
-152
10
299
667
1085
1653
2173
2156
1632
1195
1108
917
218
-648
-1136
-1351
-1693
-1994
-1758
-901
2
420
705
1400
2156
2411
2260
1969
1611
1225
687
77
-236
-233
-129
66
295
572
1037
1488
1580
1429
1263
1101
870
545
358
456
613
559
428
403
561
645
440
226
242
224
59
-183
-340
-165
140
171
104
233
316
368
386
122
-166
-157
-239
-546
-723
-716
-704
-757
-932
-1043
-993
-1050
-1270
-1373
-1329
-1196
-987
-786
-537
-151
225
377
354
261
189
37
-351
-836
-1106
-1194
-1274
-1318
-1195
-928
-614
-372
-226
-163
-204
-373
-689
-1072
-1404
-1567
-1542
-1291
-844
-107
944
1931
2298
2143
1971
1947
1733
983
-15
-617
-820
-1162
-1606
-1615
-999
-224
207
362
814
1505
1834
1723
1541
1440
1392
1267
971
818
1016
1318
1489
1545
1546
1638
1689
1391
896
546
261
-61
-372
-603
-594
-320
-35
207
451
593
676
707
522
300
191
5
-182
-219
-188
-117
-7
-61
-158
-118
-115
-258
-413
-605
-774
-796
-800
-839
-795
-737
-767
-815
-888
-1008
-1172
-1391
-1614
-1677
-1587
-1414
-1122
-700
-167
395
813
1068
1221
1184
897
429
-150
-762
-1315
-1794
-2152
-2186
-1942
-1603
-1225
-836
-468
-154
-31
-175
-416
-671
-957
-1206
-1323
-1229
-868
-328
267
892
1424
1636
1572
1378
1091
641
67
-466
-813
-1006
-1081
-944
-508
101
634
1056
1453
1837
2051
2021
1837
1580
1271
943
610
367
300
404
615
888
1151
1385
1574
1605
1455
1226
944
593
199
-177
-489
-687
-781
-764
-611
-418
-231
-29
176
339
453
444
286
123
-4
-171
-357
-492
-525
-443
-363
-312
-239
-168
-140
-158
-193
-211
-227
-323
-489
-636
-735
-808
-896
-1002
-1057
-994
-877
-742
-533
-300
-105
39
141
222
265
192
25
-121
-250
-411
-637
-886
-1071
-1132
-1133
-1117
-1082
-1026
-941
-863
-884
-971
-990
-944
-936
-963
-929
-764
-388
84
494
863
1255
1563
1648
1492
1197
899
601
225
-197
-451
-439
-301
-118
141
514
965
1365
1577
1636
1647
1588
1384
1056
722
453
321
284
317
473
696
908
1091
1213
1277
1274
1163
925
666
437
198
8
-115
-151
-131
-136
-185
-182
-86
10
86
162
265
439
631
836
1065
1259
1306
1174
937
624
255
-169
-627
-1008
-1273
-1467
-1556
-1479
-1299
-1123
-946
-776
-617
-492
-438
-446
-459
-450
-428
-394
-346
-322
-309
-312
-373
-497
-664
-809
-931
-1033
-1119
-1163
-1102
-940
-747
-615
-545
-453
-351
-338
-435
-610
-787
-918
-1034
-1152
-1173
-1067
-922
-745
-445
-22
439
863
1181
1395
1542
1548
1370
1119
819
425
19
-289
-475
-480
-363
-252
-96
157
480
771
928
943
939
978
978
942
937
983
1086
1176
1200
1218
1267
1269
1168
989
778
622
523
450
420
478
617
731
781
800
818
799
697
552
445
407
396
390
424
485
504
433
270
31
-272
-614
-947
-1229
-1462
-1613
-1627
-1498
-1295
-1077
-863
-641
-458
-371
-377
-458
-600
-781
-939
-1054
-1109
-1102
-1051
-968
-867
-774
-709
-722
-804
-897
-993
-1083
-1131
-1126
-1096
-1040
-935
-731
-454
-242
-203
-281
-376
-466
-571
-718
-842
-876
-865
-826
-751
-610
-382
-139
-19
42
229
496
732
877
908
887
908
894
792
704
634
519
442
436
453
543
692
789
891
1061
1234
1417
1582
1632
1642
1669
1586
1425
1307
1212
1145
1151
1192
1286
1433
1558
1674
1778
1759
1608
1424
1171
844
473
22
-401
-681
-880
-988
-925
-737
-482
-167
129
369
574
614
460
231
-60
-423
-779
-1091
-1352
-1487
-1532
-1534
-1433
-1236
-990
-718
-496
-375
-309
-260
-291
-379
-520
-716
-875
-979
-1068
-1145
-1174
-1194
-1214
-1220
-1235
-1245
-1278
-1350
-1382
-1311
-1205
-1074
-906
-762
-615
-451
-363
-335
-377
-562
-819
-1036
-1231
-1353
-1337
-1253
-1088
-767
-396
-34
369
725
971
1129
1155
1061
963
861
753
708
733
766
814
890
967
1043
1075
1041
989
933
854
833
934
1114
1311
1497
1687
1894
2092
2208
2167
1981
1710
1409
1072
709
379
125
-43
-112
-61
84
288
489
641
776
905
963
908
742
507
241
26
-155
-327
-452
-522
-519
-459
-405
-370
-320
-273
-259
-285
-351
-438
-520
-616
-735
-844
-916
-961
-984
-977
-972
-984
-983
-950
-905
-896
-958
-1045
-1104
-1137
-1161
-1203
-1263
-1318
-1328
-1268
-1179
-1096
-1025
-917
-798
-720
-671
-636
-624
-610
-587
-568
-501
-388
-267
-138
1
188
415
551
579
579
577
536
448
266
57
-5
8
4
83
257
452
710
969
1148
1301
1396
1331
1203
1046
822
603
441
328
319
423
554
735
954
1112
1214
1313
1375
1375
1303
1159
1016
920
793
634
522
454
408
386
375
402
493
582
602
624
660
659
629
565
481
414
337
204
65
-39
-121
-201
-299
-410
-485
-554
-674
-831
-957
-1045
-1124
-1190
-1237
-1226
-1133
-1019
-938
-885
-844
-812
-809
-850
-929
-980
-993
-1027
-1095
-1132
-1098
-994
-885
-847
-844
-812
-814
-885
-992
-1061
-1073
-1058
-1027
-952
-746
-468
-254
-151
-65
92
272
346
329
342
450
567
584
544
553
612
600
487
373
328
298
211
76
-15
-14
45
97
190
379
600
731
783
840
903
931
871
737
612
567
540
494
466
508
643
786
860
910
999
1084
1066
948
782
651
564
448
297
200
177
186
187
186
235
343
431
449
464
522
564
541
439
311
217
109
-58
-278
-470
-628
-775
-897
-964
-952
-889
-823
-766
-655
-486
-350
-289
-281
-311
-366
-451
-576
-689
-732
-756
-824
-912
-949
-910
-832
-794
-822
-819
-768
-713
-651
-563
-477
-398
-334
-288
-243
-194
-166
-176
-193
-199
-160
-96
-72
-90
-99
-72
4
79
132
191
239
274
353
460
531
583
653
731
793
783
687
595
479
282
57
-117
-196
-190
-142
-50
166
449
710
954
1128
1237
1322
1323
1161
937
706
460
240
0
-209
-271
-267
-316
-340
-282
-191
-87
-8
18
100
202
262
331
432
503
556
563
481
394
346
280
181
74
-66
-147
-146
-143
-143
-128
-132
-133
-86
-25
27
38
-50
-184
-261
-304
-380
-499
-602
-637
-601
-563
-544
-491
-411
-325
-261
-220
-177
-140
-152
-215
-280
-335
-422
-531
-631
-716
-805
-908
-990
-1003
-928
-813
-705
-569
-387
-158
84
310
493
621
706
710
651
545
389
200
-11
-223
-380
-449
-437
-372
-279
-176
-61
80
206
279
318
337
348
360
381
403
426
425
384
328
267
229
216
209
197
199
210
230
253
251
233
235
233
197
156
129
145
197
240
265
331
456
597
697
700
626
533
446
355
267
200
127
82
83
104
153
212
231
202
145
58
-39
-119
-232
-364
-471
-524
-521
-497
-494
-469
-403
-361
-348
-321
-304
-299
-294
-292
-253
-213
-240
-304
-326
-345
-383
-429
-506
-557
-555
-556
-563
-525
-468
-403
-311
-226
-163
-91
-25
30
91
128
145
168
170
120
50
-19
-59
-80
-94
-127
-173
-205
-239
-262
-287
-289
-220
-133
-49
20
88
169
221
215
144
64
30
16
-17
-60
-61
-8
52
74
95
158
239
293
327
358
402
422
388
338
316
326
365
429
508
590
682
772
858
930
960
956
931
877
802
748
678
608
582
563
505
407
283
170
84
-56
-240
-397
-506
-583
-604
-605
-590
-491
-337
-207
-121
-52
-27
-58
-132
-244
-361
-446
-520
-603
-673
-713
-752
-844
-940
-992
-1013
-1034
-1038
-987
-854
-667
-494
-325
-131
65
225
302
251
134
24
-122
-339
-532
-640
-680
-664
-612
-515
-337
-121
53
185
274
306
281
181
51
-25
-65
-134
-195
-200
-149
-57
24
47
80
141
180
190
193
224
272
334
372
431
540
644
702
736
761
802
822
756
649
547
478
435
412
417
484
629
760
845
932
1038
1140
1167
1077
934
805
643
444
258
124
52
11
-40
-88
-75
-67
-116
-177
-218
-247
-275
-333
-426
-464
-430
-403
-403
-416
-426
-408
-393
-437
-499
-535
-594
-688
-788
-901
-1014
-1096
-1177
-1251
-1270
-1250
-1221
-1156
-1068
-944
-772
-608
-486
-386
-283
-185
-87
-9
39
46
17
-15
-66
-142
-245
-350
-422
-459
-492
-527
-514
-465
-392
-271
-102
65
217
348
441
525
584
572
498
380
238
101
3
-54
-64
-5
107
253
445
644
808
932
1018
1049
1036
984
904
824
752
692
641
618
615
626
654
689
734
793
885
983
1078
1156
1196
1217
1203
1139
1032
896
705
489
277
77
-63
-128
-166
-191
-192
-152
-76
23
93
133
142
104
36
-85
-246
-408
-551
-700
-837
-942
-1003
-1016
-1009
-978
-910
-802
-698
-606
-554
-530
-507
-494
-507
-529
-524
-515
-516
-529
-516
-456
-360
-303
-296
-291
-274
-237
-212
-209
-209
-177
-144
-121
-87
-43
9
60
84
72
44
20
-23
-104
-190
-236
-249
-270
-299
-320
-291
-223
-167
-129
-68
2
41
67
70
83
137
180
178
165
184
219
244
232
185
164
184
180
140
120
125
146
190
248
335
437
504
543
581
616
611
551
415
272
161
47
-71
-159
-202
-208
-169
-130
-75
-14
28
52
51
25
-15
-87
-193
-286
-349
-397
-465
-536
-597
-622
-633
-644
-631
-596
-553
-494
-397
-281
-181
-95
-14
53
119
137
105
30
-61
-145
-203
-251
-295
-290
-232
-144
-41
90
245
405
507
543
547
552
535
477
392
296
224
169
99
37
4
-14
-35
-41
-13
58
137
210
268
312
371
417
416
374
336
306
271
214
152
133
138
137
154
209
276
333
389
444
502
558
577
573
566
550
499
420
332
254
198
123
25
-71
-130
-156
-156
-159
-168
-164
-138
-114
-109
-123
-150
-172
-224
-287
-342
-375
-395
-402
-408
-406
-381
-375
-404
-443
-470
-474
-468
-479
-478
-442
-395
-396
-399
-390
-386
-397
-437
-467
-449
-398
-346
-291
-221
-124
-18
76
140
186
201
173
114
56
22
-8
-40
-58
-41
10
49
74
108
142
161
148
127
122
139
180
239
315
406
485
528
548
538
505
441
356
282
250
251
260
291
364
460
564
645
693
731
750
722
644
549
463
408
362
306
271
292
332
382
443
475
472
447
390
305
223
117
-7
-113
-191
-230
-244
-249
-274
-283
-282
-280
-277
-288
-306
-327
-338
-362
-375
-362
-342
-329
-320
-304
-275
-263
-290
-335
-360
-368
-378
-394
-407
-384
-348
-311
-275
-247
-211
-185
-200
-239
-294
-343
-397
-449
-486
-505
-505
-516
-507
-478
-454
-425
-381
-317
-257
-220
-217
-220
-192
-161
-152
-160
-181
-192
-185
-183
-191
-189
-190
-193
-167
-125
-80
-25
18
78
180
282
372
460
536
588
624
628
607
563
480
355
221
110
44
25
30
57
119
196
270
324
346
369
363
303
198
92
-2
-85
-145
-184
-173
-113
-67
-34
-1
33
62
75
47
0
-45
-80
-94
-67
-11
36
83
108
118
128
111
62
9
-37
-72
-78
-52
-2
88
199
301
404
508
582
594
531
425
305
165
16
-123
-229
-301
-333
-334
-315
-251
-184
-140
-112
-89
-74
-82
-114
-168
-202
-221
-247
-275
-287
-286
-287
-292
-294
-286
-258
-233
-229
-229
-222
-198
-170
-121
-76
-47
-31
-17
14
49
68
79
98
126
153
176
203
239
279
301
282
243
190
126
53
-12
-41
-40
-25
3
34
63
97
110
82
24
-33
-103
-194
-281
-330
-326
-279
-223
-161
-89
-15
43
63
55
24
-30
-127
-248
-337
-368
-338
-265
-160
-39
91
214
302
366
399
402
365
301
241
215
219
229
253
285
327
363
379
364
338
286
185
72
-34
-114
-160
-173
-165
-99
19
148
266
341
375
362
296
171
23
-101
-198
-295
-399
-460
-452
-405
-357
-304
-243
-178
-126
-95
-76
-46
-18
-15
-24
-10
9
-2
-56
-124
-168
-209
-255
-313
-356
-347
-311
-253
-187
-87
23
88
129
147
155
161
132
57
-30
-76
-107
-133
-153
-178
-182
-182
-189
-221
-257
-295
-325
-349
-353
-317
-246
-148
-47
46
118
179
212
190
135
54
-48
-141
-201
-227
-213
-129
-16
114
244
367
460
509
505
447
384
319
254
222
231
283
367
450
513
564
585
549
470
359
228
97
-37
-154
-216
-224
-190
-98
38
183
315
418
470
468
398
258
89
-77
-238
-371
-452
-480
-455
-404
-329
-224
-104
-11
45
80
103
115
103
64
3
-51
-103
-162
-215
-258
-283
-301
-316
-310
-281
-237
-183
-98
2
110
204
251
265
260
223
145
29
-112
-253
-364
-447
-507
-527
-507
-458
-396
-311
-222
-141
-75
-43
-23
-17
-28
-49
-75
-87
-83
-78
-80
-80
-70
-79
-82
-77
-86
-91
-80
-51
-6
62
133
213
275
312
323
327
321
281
234
177
129
105
99
110
137
185
234
265
273
263
250
218
170
118
55
-18
-94
-151
-185
-203
-211
-209
-186
-147
-113
-85
-50
-16
3
9
6
-1
9
18
36
58
71
81
69
37
-3
-51
-107
-148
-167
-166
-133
-79
-11
64
140
200
250
293
293
256
189
113
50
-23
-103
-170
-200
-208
-192
-172
-156
-122
-69
-27
-6
5
-1
-9
-15
-25
-33
-44
-71
-109
-133
-156
-189
-226
-256
-255
-237
-214
-183
-139
-68
20
117
210
299
383
431
463
467
440
375
297
219
145
82
16
-18
-18
5
46
95
146
191
225
233
218
184
134
70
1
-64
-125
-172
-196
-193
-164
-131
-104
-77
-47
-16
-11
-35
-80
-117
-156
-199
-239
-287
-306
-286
-236
-167
-88
-23
15
55
94
111
104
67
11
-31
-50
-67
-82
-83
-66
-37
-2
33
58
66
50
16
-33
-89
-156
-225
-273
-280
-256
-218
-168
-108
-47
-8
18
40
49
33
-8
-53
-97
-124
-138
-151
-152
-143
-127
-85
-28
21
52
78
94
93
96
117
131
136
141
154
184
218
244
261
291
327
363
389
399
414
415
386
343
300
256
213
166
123
98
93
87
80
74
71
72
72
62
53
61
56
40
28
19
15
17
24
34
58
65
51
29
3
-35
-83
-142
-200
-239
-264
-264
-238
-195
-146
-105
-64
-22
14
32
29
-1
-64
-123
-170
-210
-228
-239
-233
-222
-201
-186
-171
-148
-149
-172
-190
-193
-187
-182
-167
-153
-125
-110
-119
-125
-140
-157
-184
-212
-247
-279
-296
-322
-343
-348
-326
-274
-216
-160
-111
-48
15
65
100
107
99
85
70
59
52
48
38
31
46
83
138
193
243
291
328
349
353
353
335
318
290
255
229
212
210
213
215
206
196
185
170
158
138
113
99
89
86
82
89
105
109
118
111
113
109
86
54
14
-15
-48
-66
-67
-54
-35
-13
30
86
156
212
234
233
218
191
140
73
-7
-91
-162
-220
-243
-222
-177
-130
-89
-41
13
69
116
144
150
145
137
108
62
14
-34
-75
-122
-176
-227
-272
-310
-351
-380
-384
-371
-350
-327
-298
-252
-193
-143
-117
-108
-116
-146
-188
-237
-276
-306
-327
-337
-327
-284
-223
-150
-85
-25
26
63
86
89
83
63
33
-3
-39
-55
-59
-55
-52
-41
-11
36
76
103
124
152
189
215
227
221
205
173
127
75
22
-28
-84
-132
-178
-202
-197
-175
-141
-101
-49
19
99
169
222
260
280
268
231
188
129
62
8
-35
-42
-29
-6
21
48
76
83
93
106
119
139
152
160
168
188
217
238
240
221
196
161
122
85
71
59
53
39
33
49
63
80
85
84
77
69
53
35
27
22
23
23
22
12
-6
-23
-46
-70
-94
-115
-131
-139
-126
-92
-45
5
48
93
133
148
139
110
63
12
-40
-101
-157
-192
-212
-226
-227
-218
-195
-162
-134
-113
-82
-46
-20
-13
-19
-35
-53
-79
-120
-159
-201
-243
-272
-286
-282
-267
-245
-210
-164
-105
-45
16
74
132
190
219
223
212
194
170
125
79
35
-8
-35
-45
-39
-21
7
57
128
200
256
283
293
294
282
250
195
126
51
-22
-86
-130
-163
-181
-179
-156
-109
-51
8
55
92
119
133
127
95
54
7
-42
-76
-91
-89
-72
-46
-6
42
86
111
129
140
152
152
128
107
92
80
64
48
54
73
95
106
110
113
120
121
109
91
67
35
3
-21
-34
-23
-9
-6
2
12
17
14
3
-20
-50
-79
-104
-122
-138
-151
-157
-152
-137
-119
-97
-67
-31
-1
20
37
54
68
69
61
54
43
31
18
0
-13
-29
-52
-84
-112
-130
-146
-161
-169
-157
-134
-108
-87
-64
-34
-7
6
2
-6
-29
-56
-83
-111
-135
-162
-192
-211
-217
-214
-213
-210
-187
-159
-137
-122
-111
-100
-83
-57
-44
-36
-27
-23
-21
-26
-33
-35
-47
-64
-80
-87
-94
-103
-113
-114
-98
-83
-76
-74
-72
-66
-63
-76
-95
-101
-101
-96
-86
-72
-44
-9
29
66
89
105
105
91
75
57
41
19
-2
-18
-23
-14
0
17
42
67
101
139
171
202
229
246
246
228
200
167
137
106
59
24
5
-1
6
16
35
66
102
145
185
229
267
282
284
268
242
212
173
135
103
90
83
70
68
80
94
97
88
72
61
60
54
42
36
40
40
44
45
41
39
33
20
14
14
23
25
14
12
13
10
-8
-27
-31
-32
-36
-45
-47
-35
-24
-11
-15
-25
-25
-30
-36
-51
-68
-70
-67
-57
-46
-32
-13
-6
-3
-2
-4
-9
-39
-71
-100
-120
-124
-134
-135
-129
-120
-107
-94
-78
-65
-55
-42
-38
-36
-24
-7
8
16
16
18
27
31
26
7
-11
-28
-44
-48
-43
-34
-14
2
28
68
110
137
145
146
135
119
100
72
49
41
42
46
44
43
40
30
18
-6
-35
-52
-66
-66
-50
-31
-4
27
64
91
110
121
112
95
75
55
44
29
16
7
17
31
35
28
12
0
-9
-21
-43
-62
-65
-54
-38
-18
7
40
65
77
79
76
71
52
30
10
-6
-22
-48
-73
-91
-97
-105
-122
-136
-140
-127
-104
-84
-56
-19
18
53
75
88
85
68
29
-25
-73
-128
-179
-216
-241
-242
-221
-189
-145
-91
-37
9
46
65
68
62
54
37
5
-24
-41
-49
-51
-52
-51
-42
-23
-2
9
25
37
44
44
36
29
23
13
-4
-21
-25
-25
-28
-30
-34
-35
-33
-40
-48
-53
-54
-54
-51
-38
-18
3
24
41
51
60
62
59
47
24
-8
-47
-79
-103
-113
-112
-101
-80
-48
-9
34
82
121
144
145
135
118
98
76
47
19
5
-4
-6
-9
-11
-12
-25
-42
-58
-71
-75
-76
-72
-59
-31
0
25
50
64
68
61
38
10
-21
-45
-60
-68
-59
-36
-9
24
49
68
80
83
71
42
8
-27
-56
-69
-69
-53
-21
15
54
93
132
166
185
181
163
139
110
71
28
-5
-33
-49
-56
-64
-58
-49
-41
-43
-49
-55
-63
-73
-77
-76
-63
-50
-39
-20
7
37
53
51
38
19
-1
-31
-63
-91
-108
-115
-116
-104
-76
-33
12
53
86
112
123
116
95
63
25
-16
-60
-88
-92
-80
-59
-28
7
46
86
113
121
118
104
76
41
0
-38
-66
-85
-93
-92
-81
-68
-52
-27
-9
6
13
10
4
-1
-2
-2
3
17
28
39
44
41
33
23
10
-5
-15
-26
-32
-25
-6
18
43
62
75
88
96
85
72
56
41
29
15
4
1
8
16
22
31
37
40
40
33
24
14
-5
-26
-46
-58
-66
-74
-80
-85
-84
-78
-74
-67
-57
-43
-32
-23
-20
-21
-22
-28
-39
-50
-62
-74
-83
-85
-85
-80
-70
-64
-58
-51
-46
-42
-41
-42
-37
-27
-16
-6
8
25
40
52
52
48
41
31
16
0
-15
-22
-20
-6
17
47
77
101
116
121
115
89
45
-11
-67
-120
-166
-197
-210
-198
-166
-118
-61
1
60
115
153
173
177
160
131
94
54
17
-15
-38
-52
-52
-42
-28
-9
10
27
38
42
44
47
54
60
70
82
96
111
127
142
155
159
151
129
102
66
25
-18
-56
-87
-108
-116
-112
-94
-60
-19
17
53
76
86
84
65
34
-3
-44
-87
-124
-146
-156
-149
-128
-97
-58
-19
17
48
70
82
80
65
41
15
-10
-27
-36
-37
-29
-17
0
22
42
60
70
75
74
67
61
50
46
41
35
29
24
20
13
5
-8
-23
-39
-56
-75
-89
-95
-94
-84
-70
-47
-19
9
36
55
66
67
62
45
21
-2
-28
-53
-74
-86
-89
-83
-69
-51
-27
-3
19
36
48
52
47
33
14
-7
-26
-40
-49
-48
-36
-19
2
26
49
69
79
76
64
44
16
-16
-48
-74
-91
-102
-105
-100
-84
-62
-43
-27
-14
-6
-2
-8
-16
-22
-24
-25
-27
-30
-27
-18
-12
-7
-5
-3
1
3
4
9
20
35
47
58
69
79
83
83
77
68
60
48
37
30
33
41
54
69
83
100
115
120
117
107
92
67
37
5
-24
-46
-64
-79
-90
-87
-81
-73
-59
-42
-17
8
30
47
65
80
86
81
68
50
26
-4
-41
-71
-92
-105
-110
-103
-81
-48
-12
21
50
76
91
90
75
52
24
-7
-37
-64
-76
-75
-68
-54
-37
-15
5
21
27
25
20
6
-13
-36
-56
-74
-88
-100
-111
-117
-122
-124
-125
-125
-118
-111
-98
-81
-60
-33
-7
20
41
56
62
61
48
28
5
-22
-45
-63
-70
-68
-57
-36
-11
17
43
65
86
100
111
115
116
117
117
116
115
114
110
105
93
76
54
33
14
-3
-14
-19
-13
4
25
49
76
98
116
121
115
99
77
51
24
0
-15
-19
-18
-9
5
23
39
48
46
37
25
9
-9
-25
-36
-40
-35
-24
-9
9
24
32
28
15
-4
-29
-57
-83
-104
-114
-114
-106
-90
-66
-44
-23
-11
-9
-15
-29
-48
-71
-91
-105
-114
-115
-109
-97
-84
-70
-62
-55
-52
-58
-67
-75
-78
-76
-67
-52
-34
-9
16
37
51
56
50
37
17
-8
-31
-50
-62
-63
-55
-38
-15
14
45
69
89
102
106
103
94
79
61
45
30
19
10
8
7
11
17
25
37
48
55
61
65
71
75
75
71
66
61
51
39
28
17
7
0
-8
-14
-15
-12
-9
-2
4
12
18
25
31
37
39
37
31
21
10
-5
-22
-39
-56
-69
-76
-76
-71
-63
-50
-30
-9
7
19
23
23
19
11
-4
-17
-31
-42
-49
-50
-44
-31
-21
-12
-4
2
6
3
-3
-12
-19
-26
-34
-36
-34
-29
-23
-20
-16
-11
-10
-8
-11
-12
-11
-8
-2
5
17
27
37
45
49
48
39
28
12
-5
-22
-35
-45
-48
-45
-37
-26
-13
2
14
24
26
26
25
19
13
9
7
5
7
12
21
27
29
28
22
15
1
-12
-26
-41
-52
-60
-65
-64
-59
-51
-41
-31
-19
-8
1
8
16
25
32
36
39
38
34
25
13
-2
-20
-39
-58
-75
-85
-88
-84
-74
-56
-34
-8
16
39
59
70
75
72
64
53
39
26
16
4
-4
-10
-13
-11
-12
-11
-8
-5
-1
2
7
14
25
34
42
46
54
61
62
58
52
47
42
37
33
33
36
42
46
54
58
62
59
52
43
32
19
4
-10
-21
-28
-33
-33
-30
-23
-14
-3
8
20
32
42
52
58
61
60
55
44
29
10
-14
-41
-67
-91
-108
-119
-121
-115
-102
-82
-57
-30
-5
16
28
34
33
23
9
-7
-26
-39
-50
-58
-62
-64
-63
-63
-62
-62
-63
-68
-71
-76
-75
-71
-64
-52
-38
-24
-10
0
11
15
15
10
1
-9
-18
-27
-33
-36
-35
-30
-23
-16
-9
-4
0
4
6
5
2
2
5
9
14
22
31
38
47
53
58
60
61
58
55
48
43
39
33
29
28
27
28
29
30
35
40
46
52
57
63
67
70
69
66
62
55
46
37
31
27
24
26
33
42
55
68
78
86
90
86
74
59
39
17
-3
-23
-38
-45
-44
-37
-23
-6
15
33
49
60
63
59
44
26
4
-21
-46
-68
-85
-94
-96
-91
-81
-65
-48
-32
-19
-12
-7
-10
-19
-33
-48
-65
-78
-87
-90
-86
-79
-64
-48
-33
-19
-9
-5
-9
-19
-33
-50
-68
-85
-96
-103
-101
-93
-81
-66
-50
-33
-19
-8
-2
0
-1
-5
-13
-19
-25
-28
-31
-31
-29
-27
-24
-23
-23
-25
-25
-26
-27
-26
-22
-16
-8
0
10
20
29
34
40
42
43
43
41
42
42
42
42
44
48
53
55
55
56
55
52
46
41
36
32
29
27
28
33
39
48
58
68
77
84
89
91
88
82
72
59
47
33
19
8
2
-1
1
6
11
20
30
38
43
46
46
44
38
32
25
18
14
8
6
5
4
5
4
5
3
-2
-8
-15
-22
-29
-34
-38
-40
-39
-36
-32
-27
-21
-19
-18
-20
-25
-33
-42
-52
-62
-70
-74
-78
-76
-70
-62
-54
-42
-30
-18
-11
-7
-5
-8
-14
-26
-39
-53
-65
-78
-89
-94
-92
-86
-76
-60
-40
-20
1
19
33
41
44
41
33
20
6
-11
-25
-37
-42
-42
-38
-31
-19
-6
6
17
26
32
36
36
36
34
32
32
32
35
39
41
42
42
40
38
34
31
27
24
26
31
41
53
66
79
89
95
96
87
72
52
30
6
-17
-34
-42
-40
-30
-9
17
47
76
100
114
119
111
93
67
34
-1
-35
-63
-82
-92
-91
-80
-63
-42
-19
3
19
31
36
35
27
17
5
-7
-18
-28
-36
-40
-43
-44
-46
-47
-47
-46
-46
-47
-45
-42
-38
-31
-25
-19
-13
-10
-7
-6
-9
-14
-21
-29
-35
-42
-46
-48
-44
-35
-27
-16
-3
10
21
30
32
30
26
16
2
-13
-27
-39
-48
-50
-46
-38
-24
-8
10
29
43
52
55
52
46
36
24
12
2
-5
-8
-7
-2
3
8
13
16
15
10
3
-3
-8
-10
-11
-9
-3
6
16
25
29
30
26
16
5
-10
-24
-36
-44
-43
-38
-28
-14
1
18
33
39
39
32
19
3
-15
-32
-48
-58
-63
-59
-49
-36
-21
-6
5
16
21
22
20
16
12
8
5
2
1
2
3
2
-1
-7
-15
-22
-29
-32
-32
-27
-18
-2
16
35
49
62
71
75
71
61
47
34
20
9
3
1
3
10
19
28
35
37
38
35
29
19
8
-2
-7
-9
-5
2
12
24
35
45
51
54
50
42
32
20
8
-3
-13
-20
-23
-26
-28
-29
-28
-27
-26
-25
-26
-26
-26
-23
-22
-19
-17
-16
-17
-18
-21
-27
-34
-40
-46
-48
-50
-51
-48
-42
-35
-27
-20
-15
-12
-11
-12
-15
-21
-29
-35
-40
-43
-44
-44
-43
-38
-30
-21
-11
-1
8
17
24
30
33
36
34
30
24
18
10
3
-3
-5
-5
-4
1
10
20
31
42
51
58
62
63
62
55
49
42
36
31
26
22
20
18
20
24
28
30
32
34
36
37
37
35
33
28
23
16
8
0
-7
-13
-19
-20
-21
-18
-10
-1
9
19
26
29
31
28
19
7
-9
-24
-41
-54
-65
-71
-74
-71
-64
-56
-48
-38
-31
-23
-18
-16
-17
-18
-19
-18
-19
-19
-20
-20
-21
-23
-27
-33
-40
-47
-53
-59
-61
-60
-58
-49
-36
-23
-9
5
17
26
30
30
27
17
7
-4
-15
-25
-34
-38
-36
-29
-18
-2
15
33
48
61
70
72
71
63
53
39
23
9
-3
-10
-11
-7
1
14
31
46
63
76
84
85
81
73
61
46
32
19
8
2
-1
0
6
15
24
34
41
48
48
46
43
36
29
19
11
4
0
-3
-5
-4
-1
2
5
8
11
11
9
5
0
-8
-17
-25
-34
-41
-48
-53
-55
-53
-50
-43
-36
-28
-20
-13
-6
-2
-2
-7
-15
-24
-36
-49
-60
-70
-76
-78
-77
-70
-59
-46
-31
-17
-4
6
11
12
9
0
-10
-22
-35
-46
-55
-62
-60
-55
-45
-32
-17
0
14
27
37
43
43
39
29
19
5
-10
-23
-36
-42
-44
-42
-35
-24
-10
6
20
35
48
56
59
60
56
51
44
36
29
21
14
8
4
1
-2
0
1
4
8
12
18
25
32
40
47
53
56
55
52
49
42
34
25
15
6
-1
-8
-10
-11
-10
-7
-1
5
10
15
21
26
29
30
29
27
25
18
12
5
-4
-12
-21
-30
-34
-36
-36
-28
-21
-10
1
12
22
29
33
32
25
16
3
-13
-28
-40
-48
-51
-49
-41
-30
-17
-5
6
17
23
24
19
10
-1
-12
-22
-28
-31
-30
-25
-19
-11
-2
4
7
11
9
4
-6
-13
-21
-28
-33
-34
-31
-24
-18
-10
-2
5
7
11
9
4
-3
-14
-22
-31
-37
-42
-44
-43
-40
-36
-29
-21
-14
-8
-2
-1
1
-2
-8
-14
-20
-24
-29
-32
-33
-33
-30
-26
-19
-14
-7
-2
-1
1
1
-3
-5
-6
-5
-6
-4
1
7
14
19
24
28
29
27
21
16
10
5
2
1
6
13
22
35
48
61
70
75
76
72
65
53
41
30
20
12
10
14
20
27
39
49
57
64
65
65
60
53
44
36
28
22
16
13
13
14
13
13
11
8
5
1
0
-1
-1
0
0
3
5
4
5
5
1
-4
-13
-20
-28
-34
-37
-38
-39
-39
-37
-36
-33
-31
-29
-28
-28
-28
-27
-27
-25
-24
-21
-20
-20
-25
-29
-36
-43
-47
-52
-56
-54
-50
-44
-36
-26
-16
-7
0
3
3
-4
-10
-19
-26
-34
-39
-40
-38
-33
-25
-18
-10
-4
0
-1
-2
-7
-10
-14
-17
-17
-13
-8
1
9
16
21
22
21
16
7
-3
-13
-20
-24
-25
-20
-9
3
14
26
37
44
45
43
38
29
18
9
1
-3
-6
-5
-1
6
15
20
25
31
33
33
32
31
31
31
29
29
30
31
29
28
27
24
20
15
12
12
13
15
21
30
34
40
42
44
43
38
31
24
18
10
6
4
5
7
11
15
18
19
20
15
10
3
-4
-11
-13
-14
-12
-8
-3
3
8
10
10
6
1
-10
-22
-33
-43
-49
-52
-51
-46
-38
-29
-17
-9
-3
-2
-3
-8
-17
-26
-35
-44
-51
-56
-57
-55
-50
-43
-37
-31
-26
-23
-21
-19
-20
-23
-25
-29
-30
-34
-35
-34
-34
-33
-32
-31
-29
-28
-27
-23
-20
-19
-16
-14
-12
-9
-5
-4
-2
-1
-1
-1
1
1
1
1
1
2
3
6
7
9
10
11
13
18
20
22
26
31
34
34
36
36
36
34
32
30
28
24
22
21
20
21
20
23
25
26
30
33
36
36
38
39
37
36
33
28
20
14
7
1
-3
-7
-7
-5
-3
3
10
18
24
30
32
32
27
22
14
3
-5
-15
-22
-27
-28
-26
-21
-14
-6
2
9
13
15
14
12
8
2
-4
-9
-14
-18
-18
-18
-17
-15
-12
-9
-7
-5
-4
-4
-6
-6
-6
-6
-6
-6
-6
-3
-3
-3
-3
-5
-8
-11
-15
-18
-20
-21
-20
-19
-14
-10
-5
-1
3
6
6
5
2
-3
-9
-15
-21
-23
-24
-26
-24
-19
-14
-7
0
4
8
9
8
6
0
-6
-11
-17
-20
-21
-21
-18
-13
-6
0
5
11
15
16
15
12
9
6
3
-1
-3
-4
-4
-1
0
2
3
5
9
9
12
13
13
15
18
20
19
17
15
12
10
6
2
0
1
1
1
5
10
16
22
24
24
24
22
20
14
10
7
4
4
5
6
10
14
16
19
20
20
20
20
19
17
14
14
15
15
16
15
15
15
14
12
10
7
6
5
4
3
4
6
8
8
7
3
0
-3
-8
-13
-17
-19
-17
-15
-13
-11
-7
-4
-3
-6
-12
-19
-27
-33
-39
-43
-44
-43
-37
-30
-24
-17
-11
-7
-7
-11
-18
-24
-33
-41
-48
-52
-52
-47
-41
-34
-27
-20
-15
-11
-12
-16
-22
-27
-32
-36
-38
-39
-37
-31
-26
-21
-17
-16
-14
-15
-18
-22
-25
-26
-26
-26
-24
-19
-13
-7
0
3
5
8
9
7
6
6
6
6
8
8
9
11
13
15
17
19
21
22
26
29
32
39
46
50
52
52
51
48
45
39
32
28
23
22
23
26
31
37
45
51
56
59
60
58
57
52
47
41
36
30
26
21
20
19
17
15
14
15
16
19
20
25
29
32
35
37
35
30
24
14
2
-11
-23
-33
-39
-42
-40
-35
-28
-19
-10
-3
3
4
3
-2
-11
-21
-32
-41
-49
-56
-56
-58
-56
-54
-51
-49
-46
-43
-42
-43
-40
-39
-36
-32
-29
-25
-22
-22
-21
-23
-26
-32
-37
-42
-45
-47
-46
-41
-34
-23
-13
-4
5
12
18
19
20
17
13
10
7
4
3
3
4
5
7
8
10
13
15
16
18
22
25
30
33
39
43
46
46
45
41
36
29
22
16
9
4
3
6
9
15
23
30
37
43
47
47
46
44
37
29
21
14
8
2
-2
-4
-6
-7
-5
-2
0
5
8
14
17
20
21
21
20
17
10
3
-6
-16
-25
-32
-37
-39
-39
-34
-28
-19
-10
-4
2
6
5
4
0
-7
-14
-23
-30
-34
-38
-40
-41
-39
-37
-34
-31
-28
-26
-23
-19
-15
-11
-9
-7
-6
-4
-5
-8
-11
-15
-21
-27
-31
-34
-35
-34
-31
-25
-19
-10
-3
3
9
10
10
8
4
-3
-8
-13
-16
-16
-17
-13
-11
-6
-2
2
5
7
9
8
9
9
7
7
9
12
14
15
16
17
18
16
14
13
10
9
5
6
6
9
13
17
21
25
28
30
31
32
30
28
27
24
20
16
13
11
10
10
9
10
12
15
19
23
26
27
30
32
32
30
26
20
14
8
1
-5
-11
-12
-13
-11
-7
-1
5
11
17
20
20
18
15
7
0
-6
-13
-18
-23
-25
-26
-25
-22
-19
-16
-13
-11
-9
-9
-9
-10
-12
-12
-14
-16
-18
-21
-22
-24
-26
-28
-31
-32
-32
-30
-27
-23
-20
-16
-13
-10
-8
-8
-9
-10
-13
-16
-19
-22
-22
-22
-21
-20
-17
-14
-11
-9
-5
-3
-1
-2
-2
-2
0
0
3
4
6
8
9
9
9
8
7
7
6
6
6
8
10
13
17
21
25
28
30
31
30
29
26
23
20
18
16
14
15
14
16
19
18
21
20
20
20
19
18
17
17
16
15
17
15
12
10
6
4
2
0
-1
-3
-3
-3
-2
-1
1
3
4
6
6
5
3
-1
-4
-6
-8
-10
-10
-13
-13
-12
-12
-10
-9
-8
-9
-9
-9
-9
-8
-7
-5
-3
-3
-3
-3
-4
-5
-8
-9
-12
-15
-17
-19
-19
-20
-18
-15
-12
-8
-4
-1
2
2
0
-3
-4
-8
-10
-13
-17
-19
-21
-21
-21
-21
-20
-17
-14
-11
-7
-4
-1
0
1
2
1
-1
-4
-8
-11
-15
-17
-19
-21
-20
-18
-14
-10
-4
3
8
12
16
17
17
14
10
4
-1
-6
-9
-10
-11
-9
-6
-1
3
9
14
19
23
25
25
23
21
18
14
10
6
4
3
1
3
3
5
8
12
17
19
22
24
24
25
24
21
19
16
12
6
3
1
-2
-2
-3
0
4
8
12
14
19
21
22
23
20
15
9
2
-4
-10
-14
-17
-17
-16
-13
-9
-4
1
5
8
11
11
9
6
2
-4
-9
-14
-17
-20
-21
-22
-19
-18
-16
-12
-9
-7
-4
-2
-1
-2
-3
-3
-5
-7
-11
-13
-18
-21
-23
-24
-26
-26
-23
-22
-18
-13
-8
-5
-3
-2
-3
-3
-4
-8
-12
-17
-20
-23
-23
-22
-21
-20
-17
-13
-10
-6
-3
-2
-2
-2
-2
-3
-4
-6
-4
-4
-3
-3
-3
-1
0
1
2
2
2
2
4
5
6
7
10
11
12
13
16
17
17
16
16
15
14
13
14
14
15
14
14
13
15
16
15
16
17
18
19
19
21
22
24
26
25
24
22
18
15
11
8
5
3
2
2
6
7
11
17
21
24
27
27
26
23
20
14
9
4
0
-5
-6
-7
-7
-4
-3
-1
1
4
4
6
6
5
5
2
-1
-3
-7
-12
-15
-19
-23
-26
-28
-29
-29
-28
-26
-22
-19
-15
-14
-13
-12
-13
-15
-19
-22
-26
-30
-34
-35
-36
-36
-34
-33
-29
-25
-22
-20
-18
-17
-16
-15
-15
-16
-18
-17
-17
-16
-16
-14
-14
-11
-9
-9
-7
-5
-3
-1
1
3
4
5
8
10
11
14
13
13
14
15
15
16
16
18
20
20
22
23
24
25
25
25
25
25
24
24
25
25
24
24
23
23
23
23
23
21
22
20
18
16
14
13
11
9
9
8
6
5
4
5
4
4
4
3
3
2
0
0
-1
-3
-4
-4
-6
-7
-9
-8
-9
-10
-12
-12
-12
-12
-12
-11
-11
-10
-9
-9
-8
-7
-6
-7
-7
-9
-10
-11
-13
-14
-16
-16
-16
-17
-15
-15
-13
-12
-9
-8
-6
-4
-3
-4
-5
-4
-7
-9
-10
-13
-13
-15
-17
-15
-15
-12
-10
-8
-6
-2
1
3
4
7
7
7
6
3
1
-1
-3
-6
-7
-7
-6
-5
-1
2
5
9
12
17
19
20
21
19
18
15
12
7
4
2
0
-1
0
1
4
7
11
15
18
20
21
22
22
22
19
18
14
11
9
6
5
3
3
4
4
5
8
10
11
14
16
19
19
18
16
14
12
9
6
3
-1
-3
-3
-3
-2
0
0
2
4
5
7
8
7
7
4
2
-1
-3
-4
-5
-5
-6
-5
-6
-4
-3
-2
-3
-3
-5
-5
-7
-7
-9
-8
-10
-8
-9
-10
-11
-12
-12
-13
-13
-14
-14
-15
-15
-16
-15
-15
-15
-14
-14
-14
-16
-17
-20
-20
-21
-21
-19
-19
-17
-17
-16
-15
-15
-15
-15
-15
-17
-16
-19
-19
-19
-18
-16
-14
-11
-9
-6
-5
-2
0
0
1
1
-1
-1
-1
-3
-4
-3
-3
-1
-1
1
2
3
7
10
12
14
16
17
19
21
22
22
21
18
17
14
13
12
11
10
10
9
11
13
16
19
22
23
24
23
24
21
19
17
15
14
11
11
8
8
10
10
12
13
14
15
15
15
14
13
13
11
10
9
6
6
4
2
-1
-2
-4
-4
-4
-4
-3
-2
-1
0
2
4
4
3
3
0
-2
-3
-3
-6
-7
-8
-9
-9
-11
-11
-11
-12
-12
-11
-10
-10
-10
-9
-11
-11
-11
-11
-10
-9
-8
-8
-8
-9
-10
-11
-13
-13
-14
-14
-15
-16
-15
-14
-13
-12
-9
-7
-7
-5
-4
-3
-2
-2
-1
-1
-1
-2
-4
-4
-5
-6
-6
-6
-5
-4
-2
0
3
7
8
11
13
17
15
15
14
13
10
8
5
3
2
1
1
4
6
9
11
15
18
20
23
24
24
24
22
19
17
14
10
8
6
3
2
1
1
2
4
7
10
13
16
17
17
18
17
14
12
8
3
-2
-6
-9
-12
-15
-17
-16
-15
-14
-11
-9
-6
-4
-3
-3
-3
-3
-5
-10
-13
-17
-20
-23
-26
-26
-26
-25
-25
-24
-23
-18
-15
-14
-9
-9
-8
-7
-9
-10
-11
-13
-14
-18
-20
-22
-24
-25
-24
-23
-20
-17
-15
-10
-6
-3
2
3
6
6
4
3
2
0
-3
-6
-8
-9
-11
-11
-10
-9
-5
-3
0
2
5
8
11
13
13
12
10
8
6
3
2
-2
-3
-4
-5
-5
-5
-2
0
3
7
8
10
10
11
10
9
9
6
4
1
-2
-4
-5
-6
-8
-6
-5
-4
0
1
4
8
10
11
12
11
11
11
8
6
4
1
-2
-4
-5
-6
-5
-3
-1
1
4
7
12
13
15
15
15
14
11
8
6
4
1
0
-2
-3
-2
1
1
4
8
9
12
14
16
17
16
16
13
11
10
7
5
3
3
3
1
3
4
6
8
9
12
14
15
16
16
14
11
10
8
5
3
2
-1
-2
-3
-2
-2
0
1
2
2
3
4
5
6
6
4
4
2
-2
-3
-7
-7
-9
-9
-10
-10
-9
-8
-7
-4
-2
0
0
0
0
-1
-1
-3
-5
-8
-10
-9
-9
-8
-8
-7
-5
-4
0
2
4
5
7
6
5
6
6
5
5
4
1
2
1
1
3
6
6
7
10
12
13
14
15
15
15
15
14
13
12
11
10
9
8
6
5
6
5
4
6
4
5
5
5
5
5
5
4
3
2
0
-1
-3
-4
-6
-7
-8
-11
-11
-10
-10
-8
-8
-8
-8
-7
-7
-7
-6
-6
-6
-8
-9
-10
-11
-10
-11
-11
-10
-10
-9
-8
-5
-4
-1
0
-1
-1
-1
0
-1
-1
0
0
-1
-1
-1
-1
0
0
1
0
0
1
0
1
1
2
1
1
0
1
1
0
1
1
0
1
-1
-1
-2
-1
-2
-3
-2
-4
-4
-4
-4
-4
-4
-4
-4
-5
-5
-6
-6
-5
-6
-8
-8
-8
-9
-8
-7
-8
-7
-8
-8
-9
-7
-8
-7
-7
-8
-8
-7
-6
-5
-5
