-3
-5
-6
-8
-9
-10
-10
-8
-8
-9
-10
-9
-10
-10
-11
-14
-15
-16
-16
-18
-18
-17
-16
-15
-15
-13
-13
-11
-10
-11
-11
-11
-11
-10
-11
-10
-9
-8
-6
-5
-3
-2
-2
0
0
1
0
0
2
2
2
3
5
5
6
8
9
10
9
10
11
13
13
15
14
12
13
14
15
16
15
15
15
16
17
17
17
16
16
17
16
16
15
15
13
11
11
11
10
10
8
8
8
8
9
9
7
4
3
2
1
0
-2
-4
-4
-4
-3
-2
-3
-3
-4
-5
-6
-5
-6
-8
-11
-11
-12
-11
-11
-11
-11
-11
-9
-11
-10
-9
-11
-11
-12
-13
-14
-12
-11
-11
-12
-12
-12
-11
-9
-8
-9
-8
-9
-8
-7
-5
-5
-6
-5
-4
-3
-2
0
1
1
2
3
4
6
7
7
8
7
8
9
10
11
10
9
9
10
13
13
15
14
15
15
16
16
15
15
12
11
10
10
10
10
10
10
9
8
8
7
6
4
3
3
2
1
0
-1
-4
-4
-3
-3
-3
-4
-6
-7
-8
-7
-7
-9
-11
-11
-13
-12
-11
-11
-10
-12
-13
-14
-12
-12
-12
-12
-12
-11
-12
-9
-9
-8
-10
-11
-10
-10
-9
-8
-7
-8
-6
-5
-5
-2
-1
-1
-1
1
1
0
1
2
1
2
3
4
5
6
6
7
7
7
7
7
7
7
7
7
6
8
9
11
13
12
11
12
12
12
11
10
9
8
8
7
8
8
7
5
4
4
3
3
2
0
-1
-2
-4
-4
-4
-5
-5
-5
-5
-6
-7
-8
-8
-9
-8
-7
-8
-7
-6
-8
-8
-6
-6
-7
-7
-7
-6
-8
-6
-5
-5
-4
-5
-5
-5
-4
-4
-3
-4
-5
-5
-5
-6
-4
-4
-4
-4
-3
-2
-1
-1
-1
0
-1
-1
-1
-1
0
1
1
1
2
2
2
2
3
2
2
2
2
2
1
2
1
2
2
2
2
1
1
1
-1
-2
-3
-4
-4
-3
-3
-3
-3
-2
-2
-2
-2
-1
-1
0
-1
-1
0
-1
0
1
1
1
2
0
1
1
1
1
0
1
0
0
1
1
0
0
-1
-2
-2
-2
-1
0
-1
0
-1
-1
0
0
0
0
0
0
1
0
0
0
0
0
2
2
3
3
3
4
5
4
4
4
4
4
4
4
4
5
4
5
6
5
4
3
3
1
1
0
1
1
0
0
-1
-1
-1
-2
-3
-2
-4
-4
-4
-4
-3
-3
-3
-2
-3
-2
-3
-3
-3
-4
-5
-6
-5
-5
-5
-3
-4
-4
-4
-3
-3
-3
-4
-4
-4
-4
-4
-2
-2
-1
0
1
0
0
2
0
1
-1
-1
-2
-1
0
1
3
2
3
3
1
1
0
1
1
1
2
2
2
2
3
3
4
2
2
2
2
2
1
1
3
2
2
1
2
2
1
1
1
1
0
-1
-1
-2
-2
-3
-1
-2
-1
-1
-2
-2
-2
-2
-2
-3
-2
-2
-2
-2
0
-2
0
0
0
0
0
0
-1
0
0
2
2
3
3
4
4
4
4
3
3
3
3
4
4
4
5
5
5
5
5
5
4
4
4
2
2
2
1
1
1
1
1
0
1
0
1
0
-1
-1
0
0
0
-1
0
0
0
0
0
-2
-3
-3
-3
-4
-3
-3
-2
-3
-3
-3
-3
-3
-2
-2
-2
-3
-2
-2
-2
-2
-2
-1
0
0
0
0
0
1
1
0
1
1
1
2
2
3
4
3
3
3
2
2
2
1
1
0
1
-1
0
0
0
-1
-1
-2
-2
-1
-2
-2
-2
-2
-2
-2
-2
-1
-1
-1
-1
-1
-1
0
0
-1
0
-1
-1
-1
1
0
1
1
1
0
0
-1
0
-1
0
1
1
0
1
2
3
2
2
3
3
3
4
5
5
4
3
4
4
5
5
3
4
4
4
5
5
7
6
6
5
6
5
5
4
3
3
3
2
3
3
2
2
2
2
1
1
0
0
-2
-1
-3
-2
-1
-1
-1
-2
-2
-2
-2
-2
-2
-2
-3
-3
-3
-3
-3
-3
-4
-3
-4
-3
-3
-3
-3
-3
-3
-3
-3
-3
-4
-3
-3
-2
-2
-1
-1
-2
-2
-3
-2
-4
-2
-2
-3
-2
-1
-2
-1
-2
0
-1
0
1
0
0
-1
0
-2
-1
-2
0
0
-1
-1
0
-1
-1
-2
-1
-2
-1
-1
-1
0
0
0
-1
-1
-1
-1
-1
-1
0
0
0
0
1
1
0
1
2
2
1
1
2
1
2
2
2
2
3
3
4
3
4
4
4
4
4
4
5
5
5
5
5
5
4
5
4
4
4
4
2
3
4
3
4
3
3
3
3
3
1
0
1
0
0
0
-1
-2
-1
-2
-2
-1
-2
-1
-2
-1
-1
0
-2
-1
-1
-1
-2
-1
0
-1
-1
-1
-1
0
-1
-1
-1
0
0
-1
-2
-3
-3
-2
-2
-1
0
-1
-1
-1
-1
0
-1
-1
-1
-2
0
-1
-2
-3
-2
-1
-2
-2
-2
-2
-2
-2
-1
-2
-1
-1
-1
0
0
0
1
1
1
0
0
0
-1
-1
-2
-1
-1
0
1
-1
0
0
0
0
0
0
0
1
0
-1
0
0
0
-1
0
-1
0
-1
-2
-2
-3
-2
-2
-2
-2
-3
-3
-3
-3
-3
-2
-3
-2
-2
-1
-1
-1
0
0
0
0
-2
-1
0
0
0
0
0
0
0
1
1
0
1
1
2
2
2
1
1
2
2
2
1
2
1
2
2
2
2
2
1
1
2
0
1
1
2
2
-1
1
1
0
0
1
2
2
3
2
1
0
1
1
1
1
1
1
2
2
0
0
0
-1
-1
1
0
0
1
1
0
-1
-1
-1
-2
-1
-1
-1
0
-1
-1
-1
-2
-2
-2
-2
-3
-5
-5
-3
-3
-4
-4
-4
-5
-4
-3
-3
-4
-5
-4
-4
-3
-5
-5
-4
-3
-3
-4
-4
-5
-3
-2
-4
-4
-6
-4
-3
-3
-4
-5
-3
-3
-2
-2
-2
-3
-1
0
0
-1
-2
-1
0
0
1
0
0
-1
-1
0
-1
-1
0
1
1
1
2
2
3
2
3
4
5
5
5
5
5
6
6
7
6
6
6
7
8
7
6
6
7
7
7
6
5
5
6
6
4
4
4
3
3
3
2
3
3
2
2
0
0
0
2
1
0
1
2
2
2
1
0
-1
1
2
1
0
-1
0
1
1
1
-1
-1
1
1
0
0
-1
-2
0
-1
-1
-1
-1
0
0
0
0
-1
-1
0
-1
-1
-1
-1
0
0
-2
-1
-2
-1
-1
-2
-1
-1
0
-1
-2
-2
-3
-3
-3
-2
-3
-4
-3
-3
-4
-4
-4
-4
-3
-4
-4
-4
-4
-3
-3
-4
-2
-2
-1
-1
-1
-1
-2
-2
-1
-2
-2
-1
-2
-1
-1
-1
-1
0
1
0
1
-1
0
1
1
1
1
1
1
2
1
1
1
2
2
2
2
1
1
1
1
3
2
1
2
1
2
3
2
1
1
1
2
1
0
0
1
0
0
0
0
0
2
3
3
1
1
2
2
2
1
2
1
1
0
0
0
0
-1
-1
-1
-1
-1
-1
-1
-2
-1
-2
-2
-2
-2
-2
-2
-1
-2
-2
-2
-3
-2
-1
-2
-2
-1
-2
-2
-2
-1
-1
-1
-2
-2
-2
-2
-2
-1
-1
-1
-1
0
2
1
1
1
1
1
1
1
1
1
2
2
2
1
1
1
1
1
2
1
1
1
2
3
4
4
3
3
4
3
4
3
2
2
2
3
2
1
1
2
1
1
1
2
2
2
3
2
2
1
2
1
2
2
2
1
1
1
1
1
1
0
-1
-1
-1
-1
-1
-2
-1
-2
-1
-1
-2
-2
-1
-1
-1
-1
-1
0
-1
0
-1
-1
-2
-2
-1
-2
0
1
-1
0
1
1
1
2
2
2
2
3
3
4
3
4
4
4
4
3
3
2
2
2
2
2
1
1
1
0
1
0
0
0
0
0
1
0
-2
-2
-1
-1
-1
-1
-1
-1
-2
-2
-2
-2
-3
-4
-3
-3
-4
-3
-4
-3
-3
-2
-3
-3
-4
-2
-2
-3
-2
-3
0
-1
-1
-2
-2
-2
-1
0
-1
-3
-1
-3
-1
-1
-1
-1
-1
0
-1
-1
0
-1
-1
-1
-2
-2
-2
-1
-3
-2
-3
-3
-3
-4
-4
-5
-4
-4
-3
-4
-4
-4
-4
-3
-3
-4
-4
-4
-3
-2
-3
-3
-3
-4
-3
-3
-4
-3
-2
-3
-4
-3
-3
-2
-2
-3
-4
-2
-2
-2
-2
-3
-3
-3
-3
-2
-2
-2
-2
-3
-3
-2
-2
-3
-1
-2
-1
-2
-2
-3
-2
-2
-3
-2
-3
-2
0
-1
0
0
-1
0
0
1
-1
0
0
1
1
1
0
0
0
0
1
1
1
0
0
1
1
0
-1
-1
-1
0
0
-1
-1
-1
-1
-1
0
-1
-2
-1
-1
-1
0
-1
0
-2
-2
-2
-1
-1
-2
-1
0
-1
1
1
1
0
1
1
2
3
3
2
3
3
4
4
4
4
4
4
3
3
3
2
3
3
2
2
1
2
2
2
2
2
3
2
3
3
2
5
3
2
2
2
2
1
1
1
1
0
0
0
-1
-1
0
0
0
0
-1
-1
-1
-1
-1
-1
-1
-1
-2
-1
0
-2
-1
0
0
0
0
0
1
2
0
1
0
0
0
1
2
2
2
1
1
1
1
2
1
1
-1
0
0
-1
0
0
0
0
1
1
2
3
2
1
2
1
2
1
2
2
3
3
3
2
3
3
3
2
2
2
2
2
2
1
1
3
2
2
3
3
3
3
3
3
2
2
3
3
3
1
2
1
1
1
2
3
3
3
3
3
3
3
3
2
3
3
3
3
3
4
4
3
4
3
3
2
3
3
2
3
2
2
3
1
2
2
1
0
0
0
0
0
-1
-2
-1
-3
-2
-3
-4
-4
-5
-5
-6
-6
-5
-7
-6
-6
-7
-5
-5
-6
-6
-6
-6
-7
-7
-6
-5
-5
-5
-3
-3
-3
-3
-3
-3
-4
-4
-4
-3
-3
-4
-3
-3
-3
-4
-3
-4
-4
-3
-3
-3
-1
-2
-2
-2
-2
-2
-2
-1
-2
-1
-2
-1
-1
0
0
-1
0
-1
-1
0
0
1
1
2
1
2
1
2
3
3
3
2
1
2
1
1
2
1
1
0
0
0
1
1
2
3
2
3
3
1
2
2
3
3
3
4
3
3
4
4
4
3
3
3
3
3
4
3
4
3
2
2
1
1
1
1
1
0
1
0
0
-1
0
0
0
-1
0
0
0
0
1
0
0
-1
-1
-2
-1
0
-1
1
1
2
0
0
-1
0
-1
0
0
1
0
0
-1
-2
-3
-3
-3
-3
-4
-3
-3
-2
-2
-3
-4
-3
-4
-4
-4
-4
-3
-3
-3
-3
-2
-2
-2
-3
-3
-3
-1
-1
-1
0
0
0
1
1
1
1
1
2
3
3
3
2
2
2
1
0
0
-1
-1
-2
-2
-2
-2
-1
-3
-3
-3
-4
-5
-4
-3
-4
-3
-3
-3
-3
-3
-2
-1
-2
-1
0
2
2
2
1
1
2
1
3
3
2
3
5
4
5
3
2
2
2
1
0
1
1
2
2
2
2
1
-1
-1
-1
0
0
0
2
2
2
2
2
2
2
2
3
4
4
6
7
6
5
5
5
4
3
4
5
5
6
6
6
3
4
2
1
1
2
3
1
4
2
2
2
1
0
0
0
0
1
2
1
1
1
-1
-1
0
1
1
1
2
2
2
2
2
1
0
-1
0
-1
-1
-1
0
-1
-1
-2
-4
-5
-5
-7
-6
-5
-5
-5
-4
-5
-6
-5
-7
-7
-7
-5
-5
-4
-4
-5
-5
-5
-4
-4
-5
-4
-3
-2
0
1
0
0
1
0
-1
-1
-2
-1
0
0
1
0
1
1
-1
-1
-1
0
0
1
3
2
2
1
2
0
-1
-2
-1
0
2
2
3
3
2
2
1
1
0
-1
1
2
3
2
2
2
0
0
0
0
0
1
2
3
3
1
1
1
-1
-1
-2
-2
0
0
0
1
0
1
0
0
-1
0
0
1
2
2
2
1
0
-1
-2
-1
-1
0
1
1
0
0
-1
-1
-2
-2
-1
-1
0
0
1
1
1
-1
-3
-2
-2
-1
0
1
0
1
1
0
-1
-1
0
-1
0
1
2
2
3
1
0
-2
-1
-2
-2
-2
-1
-1
-1
-2
-3
-4
-4
-2
-2
-2
-2
-3
-2
-3
-3
-3
-2
-2
-1
-2
-2
-2
-1
-1
-1
-2
-1
0
2
1
0
-1
-1
-3
-3
-2
-2
-1
-2
0
-1
-1
-2
-2
-2
-3
-2
-2
-2
-2
-2
-2
-3
-5
-5
-4
-2
-1
1
2
2
2
1
2
2
1
2
2
3
4
3
4
2
1
1
2
3
5
5
7
6
6
3
1
-1
-4
-6
-6
-5
-4
-4
-3
-3
-3
-3
-3
-5
-4
-4
-2
0
0
0
-1
-3
-4
-2
-1
0
3
6
9
12
11
10
8
6
3
2
1
2
3
2
1
1
1
-1
-1
-2
0
1
1
1
0
-3
-5
-8
-10
-11
-11
-8
-6
-2
1
3
5
4
4
4
4
4
4
4
4
3
4
3
3
2
3
4
7
8
9
10
10
7
4
1
-2
-4
-6
-7
-10
-9
-8
-8
-7
-6
-5
-4
-2
0
1
2
2
0
-3
-6
-9
-12
-12
-12
-10
-6
-2
2
6
10
11
12
12
12
13
11
9
6
3
1
-3
-3
-1
0
4
9
12
14
15
15
9
5
-2
-9
-16
-20
-22
-25
-24
-22
-19
-13
-9
-3
2
6
8
10
10
6
3
-3
-6
-9
-9
-7
-2
4
14
22
28
33
34
31
27
19
11
1
-5
-11
-14
-14
-16
-13
-7
-3
3
9
12
15
15
13
8
2
-5
-13
-17
-19
-17
-11
-3
6
15
23
27
27
25
19
12
3
-2
-7
-12
-14
-15
-16
-13
-10
-5
0
6
12
16
19
18
13
8
1
-4
-8
-10
-11
-8
-2
4
11
14
17
14
10
5
0
-5
-10
-14
-18
-22
-26
-28
-29
-29
-26
-21
-14
-7
2
10
13
15
14
11
10
7
6
6
10
14
19
24
26
28
28
29
28
26
24
20
17
13
5
-3
-11
-19
-24
-28
-29
-28
-23
-18
-16
-12
-12
-13
-14
-17
-18
-18
-17
-15
-13
-10
-8
-6
0
2
5
10
16
22
26
29
28
26
23
19
13
10
6
4
7
10
13
16
18
17
16
14
11
7
5
2
-2
-6
-8
-12
-13
-15
-16
-17
-14
-13
-10
-7
-7
-6
-6
-7
-9
-10
-11
-13
-12
-10
-9
-8
-8
-7
-9
-7
-6
-5
-1
3
8
13
18
22
25
27
29
28
27
26
26
24
23
18
15
14
11
5
0
-6
-11
-13
-20
-26
-31
-33
-35
-35
-38
-38
-32
-27
-22
-19
-16
-10
-4
0
1
2
4
8
12
14
15
16
19
20
18
19
16
13
12
8
3
1
0
-1
-1
-2
-6
-6
-6
-7
-6
-7
-8
-7
-6
-3
-1
1
3
7
8
13
17
17
17
18
15
14
11
4
-1
-4
-11
-18
-24
-29
-30
-33
-37
-43
-44
-41
-37
-37
-37
-32
-23
-14
-11
-11
-8
-2
4
6
6
9
19
31
42
50
62
82
102
114
123
127
130
131
118
92
65
31
-4
-38
-76
-108
-126
-137
-144
-143
-137
-122
-101
-84
-72
-63
-54
-51
-55
-64
-75
-85
-89
-87
-76
-50
-14
22
61
106
148
183
205
208
201
186
156
124
84
46
20
0
-16
-23
-23
-12
0
6
6
4
5
-2
-25
-63
-97
-120
-134
-136
-143
-143
-120
-85
-55
-21
8
32
56
70
61
51
43
27
13
-3
-15
-17
-6
10
21
35
65
86
109
118
105
91
80
63
38
14
-15
-42
-55
-64
-67
-61
-48
-30
-18
-4
8
12
18
18
9
-2
-9
-26
-45
-57
-65
-68
-54
-40
-30
-14
3
18
33
47
54
53
55
50
38
32
28
12
6
10
11
17
29
41
54
82
114
134
144
148
143
141
131
101
60
16
-31
-79
-118
-152
-188
-220
-251
-284
-305
-312
-327
-347
-367
-389
-399
-396
-390
-381
-361
-325
-267
-200
-126
-59
3
72
136
194
243
265
279
289
292
299
310
319
319
316
315
314
316
313
292
267
238
210
181
147
100
49
2
-33
-57
-79
-101
-125
-141
-138
-124
-115
-104
-100
-89
-69
-47
-25
-17
-15
-14
-16
-10
-3
1
10
22
38
59
92
139
186
230
272
292
306
313
299
263
221
173
108
47
-16
-90
-151
-199
-253
-302
-338
-377
-421
-460
-500
-544
-575
-593
-609
-616
-603
-579
-541
-479
-406
-338
-256
-173
-98
-11
82
176
257
330
387
442
506
564
598
611
626
626
605
582
548
500
452
399
324
240
174
94
16
-56
-126
-189
-230
-261
-306
-347
-362
-353
-328
-289
-255
-225
-180
-126
-77
-30
18
59
96
138
169
193
229
275
306
323
354
370
379
390
385
348
318
292
233
173
105
9
-80
-156
-254
-342
-413
-478
-536
-582
-611
-638
-651
-650
-649
-642
-617
-593
-574
-539
-501
-469
-430
-394
-347
-275
-171
-59
52
173
294
421
533
627
698
740
767
766
737
697
653
594
522
449
378
331
308
289
241
188
146
105
84
44
-22
-100
-162
-211
-247
-268
-291
-290
-262
-201
-137
-69
9
75
147
214
261
279
299
296
260
235
215
200
190
168
135
120
108
102
94
71
31
-28
-92
-167
-250
-346
-448
-534
-627
-699
-754
-802
-818
-811
-798
-771
-737
-707
-669
-626
-579
-534
-490
-446
-411
-351
-233
-99
50
199
338
494
669
809
884
962
1031
1040
1008
959
889
803
709
590
469
389
326
237
150
73
-19
-85
-101
-152
-250
-319
-356
-384
-389
-387
-395
-373
-309
-237
-155
-52
34
118
217
305
348
388
446
467
445
431
413
383
371
329
259
204
169
122
77
45
-23
-97
-143
-197
-293
-402
-498
-604
-698
-765
-833
-898
-943
-967
-978
-962
-940
-928
-903
-873
-839
-791
-720
-644
-559
-436
-301
-122
113
335
532
725
926
1128
1287
1357
1376
1407
1409
1345
1247
1144
1038
918
783
645
516
402
276
139
0
-152
-301
-397
-472
-600
-728
-781
-793
-783
-751
-702
-635
-522
-394
-272
-138
-4
105
215
327
391
437
536
626
638
641
663
682
698
666
594
540
489
409
320
234
129
25
-60
-132
-218
-307
-375
-448
-532
-613
-677
-736
-801
-893
-993
-1060
-1105
-1168
-1229
-1281
-1335
-1362
-1361
-1334
-1324
-1307
-1244
-1150
-987
-773
-549
-305
-23
283
570
857
1092
1299
1512
1662
1679
1652
1659
1612
1504
1371
1233
1110
991
849
689
542
403
254
123
-3
-191
-403
-537
-636
-766
-895
-956
-978
-971
-919
-856
-733
-569
-404
-247
-81
79
185
322
463
531
568
645
737
787
835
892
998
1075
1100
1122
1143
1146
1096
989
861
755
598
420
304
182
36
-45
-88
-183
-248
-272
-310
-362
-454
-597
-723
-816
-966
-1168
-1314
-1434
-1557
-1621
-1644
-1670
-1666
-1589
-1481
-1383
-1283
-1205
-1126
-1015
-905
-794
-621
-423
-238
-7
262
541
762
984
1220
1404
1503
1534
1577
1608
1574
1434
1274
1154
1004
818
635
459
263
57
-100
-241
-391
-587
-766
-877
-973
-1062
-1138
-1121
-1066
-1018
-940
-806
-630
-456
-266
-86
86
240
390
559
702
776
805
890
1049
1164
1225
1271
1330
1388
1441
1445
1352
1251
1148
1006
834
642
417
245
148
-9
-190
-275
-295
-343
-393
-454
-541
-592
-620
-715
-874
-1011
-1152
-1283
-1375
-1496
-1641
-1704
-1680
-1682
-1698
-1680
-1646
-1598
-1522
-1476
-1442
-1353
-1191
-988
-759
-490
-208
123
500
839
1097
1387
1673
1864
1950
1961
1951
1930
1881
1745
1577
1430
1277
1119
976
811
586
366
183
-8
-236
-479
-724
-936
-1101
-1262
-1375
-1390
-1334
-1279
-1173
-998
-801
-564
-309
-89
89
248
411
564
685
746
762
794
865
897
944
1132
1259
1337
1428
1480
1556
1664
1595
1377
1306
1138
862
678
424
134
-10
-118
-322
-403
-386
-437
-444
-461
-611
-759
-801
-884
-1148
-1401
-1580
-1780
-1898
-1966
-2118
-2230
-2121
-2018
-1973
-1827
-1744
-1688
-1530
-1390
-1357
-1207
-967
-777
-543
-282
31
373
764
1125
1426
1705
1930
2079
2191
2304
2260
2129
2075
1980
1809
1630
1408
1169
977
747
437
196
-36
-347
-645
-867
-1081
-1327
-1465
-1535
-1594
-1589
-1508
-1392
-1226
-977
-783
-571
-270
-34
132
346
565
684
814
980
1084
1152
1260
1396
1525
1687
1792
1821
1892
1995
1955
1821
1742
1574
1340
1122
875
588
375
229
34
-125
-229
-322
-404
-454
-571
-765
-898
-1031
-1258
-1508
-1717
-1939
-2121
-2200
-2298
-2382
-2355
-2264
-2176
-2045
-1912
-1815
-1658
-1479
-1385
-1346
-1276
-1158
-987
-759
-481
-164
223
650
1028
1395
1787
2167
2416
2541
2615
2614
2557
2418
2214
1982
1730
1447
1125
872
655
384
85
-220
-482
-744
-981
-1186
-1392
-1590
-1750
-1825
-1809
-1741
-1657
-1532
-1307
-1024
-749
-454
-125
181
445
666
882
1084
1242
1390
1486
1641
1820
1928
2041
2104
2117
2150
2190
2072
1910
1768
1516
1267
1004
664
365
166
-93
-391
-555
-658
-742
-803
-891
-1033
-1137
-1157
-1241
-1402
-1573
-1716
-1828
-1882
-1937
-2059
-2098
-2022
-1953
-1896
-1800
-1707
-1623
-1495
-1399
-1360
-1295
-1222
-1123
-950
-732
-467
-120
319
721
1038
1374
1756
2156
2403
2478
2503
2520
2519
2382
2190
2007
1805
1558
1257
1013
800
553
233
-119
-413
-708
-988
-1216
-1442
-1714
-1963
-2066
-2017
-1921
-1844
-1730
-1508
-1183
-837
-508
-149
220
534
795
1058
1317
1498
1668
1904
2052
2128
2222
2261
2271
2309
2193
1925
1841
1698
1354
1098
831
484
259
115
-193
-462
-553
-704
-840
-882
-1012
-1200
-1248
-1262
-1453
-1620
-1657
-1753
-1873
-1869
-1912
-1991
-1861
-1743
-1754
-1709
-1605
-1595
-1542
-1448
-1530
-1608
-1548
-1531
-1559
-1457
-1225
-988
-575
-59
333
755
1279
1753
2156
2566
2708
2694
2821
2858
2644
2412
2253
2012
1746
1491
1183
950
811
556
154
-139
-358
-696
-973
-1163
-1496
-1834
-1948
-1995
-2038
-1977
-1897
-1788
-1482
-1103
-842
-533
-91
248
510
823
1142
1339
1657
2035
2115
2231
2389
2443
2505
2604
2341
2047
2073
1824
1456
1219
914
555
383
155
-246
-424
-507
-709
-885
-1021
-1209
-1393
-1376
-1454
-1763
-1920
-1923
-2016
-2098
-2085
-2202
-2225
-2004
-1959
-2013
-1932
-1858
-1887
-1839
-1793
-1892
-1880
-1786
-1712
-1660
-1417
-1065
-700
-137
418
837
1318
1894
2340
2732
3053
3052
3037
3125
3020
2728
2498
2324
2043
1762
1450
1166
1003
854
528
65
-207
-471
-858
-1169
-1459
-1883
-2238
-2345
-2432
-2462
-2389
-2296
-2093
-1731
-1365
-1074
-674
-197
139
392
668
1012
1396
1727
1992
2123
2286
2509
2714
2773
2647
2548
2408
2283
2084
1749
1403
1136
881
516
220
-3
-242
-459
-693
-936
-1128
-1222
-1318
-1500
-1702
-1869
-1963
-2004
-2043
-2192
-2307
-2262
-2195
-2174
-2171
-2186
-2196
-2157
-2136
-2144
-2123
-2100
-2063
-2009
-1872
-1589
-1217
-746
-164
379
882
1481
2062
2590
3101
3393
3464
3585
3654
3523
3283
3022
2750
2470
2142
1722
1362
1127
891
498
24
-331
-680
-1074
-1429
-1830
-2282
-2612
-2798
-2947
-2992
-2959
-2866
-2597
-2198
-1805
-1426
-950
-389
73
428
750
1100
1592
2023
2249
2384
2572
2772
3005
3117
2882
2791
2808
2615
2386
2134
1769
1491
1326
897
452
286
59
-279
-582
-896
-1214
-1364
-1445
-1743
-2090
-2228
-2272
-2344
-2376
-2477
-2654
-2570
-2405
-2450
-2504
-2471
-2455
-2455
-2387
-2414
-2436
-2307
-2178
-2085
-1952
-1566
-1098
-565
140
707
1206
1865
2580
3100
3566
3841
3818
3919
3993
3795
3464
3211
2955
2579
2190
1747
1380
1126
845
361
-187
-511
-868
-1304
-1678
-2105
-2612
-2953
-3082
-3237
-3292
-3238
-3121
-2810
-2372
-1952
-1568
-1011
-398
60
431
874
1430
1903
2284
2492
2601
2845
3108
3184
3059
2967
2880
2752
2617
2381
2084
1871
1726
1387
994
773
556
269
-47
-426
-834
-1050
-1219
-1584
-1970
-2229
-2412
-2526
-2572
-2729
-2888
-2836
-2709
-2679
-2726
-2703
-2697
-2691
-2645
-2703
-2758
-2679
-2549
-2529
-2419
-2098
-1680
-1058
-333
286
873
1594
2368
3017
3577
3920
4052
4208
4280
4118
3772
3496
3242
2875
2487
2042
1659
1410
1150
702
184
-178
-535
-942
-1368
-1872
-2404
-2814
-3068
-3292
-3464
-3516
-3420
-3149
-2739
-2317
-1909
-1334
-646
-73
430
972
1557
2022
2362
2574
2692
2869
2980
2922
2737
2635
2509
2311
2183
2003
1811
1726
1658
1468
1284
1185
1009
778
488
118
-211
-454
-742
-1171
-1565
-1829
-2031
-2203
-2342
-2508
-2651
-2626
-2574
-2650
-2733
-2783
-2877
-2928
-2965
-3110
-3195
-3184
-3153
-3097
-2902
-2529
-2044
-1352
-641
32
716
1477
2281
2962
3562
3842
4050
4302
4344
4165
3910
3727
3470
3144
2739
2281
2025
1827
1491
994
547
192
-214
-601
-1057
-1627
-2187
-2565
-2883
-3179
-3369
-3496
-3444
-3190
-2892
-2595
-2187
-1565
-972
-433
172
769
1295
1759
2090
2230
2454
2600
2470
2407
2351
2124
1977
1957
1781
1674
1718
1591
1460
1489
1480
1328
1201
1014
707
473
320
-9
-464
-748
-1000
-1312
-1506
-1698
-1988
-2125
-2139
-2287
-2432
-2518
-2677
-2809
-2891
-3029
-3167
-3238
-3245
-3292
-3294
-3155
-2848
-2441
-1892
-1225
-637
51
789
1498
2257
2974
3391
3643
4012
4200
4139
4000
3816
3604
3335
2980
2511
2169
2009
1716
1246
823
488
98
-255
-581
-1084
-1609
-2030
-2402
-2714
-2934
-3138
-3263
-3135
-2913
-2695
-2399
-1882
-1225
-601
28
574
1111
1671
2123
2377
2501
2551
2484
2418
2194
1855
1630
1472
1321
1192
1038
909
961
1047
1028
991
940
876
806
684
474
217
-18
-249
-541
-834
-1075
-1297
-1480
-1626
-1831
-2020
-2103
-2208
-2372
-2534
-2711
-2907
-3022
-3111
-3238
-3343
-3382
-3316
-3119
-2796
-2352
-1743
-1074
-388
273
957
1769
2546
3073
3388
3718
3954
4021
3926
3713
3513
3285
2907
2409
2041
1814
1545
1156
746
415
123
-162
-445
-815
-1244
-1654
-2007
-2279
-2505
-2720
-2858
-2808
-2663
-2468
-2199
-1778
-1172
-515
165
781
1386
1990
2451
2775
2981
2995
2822
2732
2475
1973
1595
1269
923
707
527
203
94
247
264
222
243
233
160
177
155
-90
-312
-414
-597
-866
-1025
-1188
-1386
-1415
-1515
-1744
-1846
-1871
-1986
-2147
-2287
-2502
-2649
-2739
-2879
-3053
-3168
-3116
-2960
-2709
-2315
-1766
-1152
-427
291
931
1709
2516
3067
3372
3672
3840
3850
3765
3540
3252
2932
2565
2087
1695
1505
1255
909
595
360
110
-107
-278
-608
-999
-1376
-1730
-2036
-2271
-2492
-2676
-2667
-2552
-2387
-2110
-1673
-1094
-459
200
847
1477
2087
2587
2923
3111
3172
3079
2879
2590
2130
1633
1222
838
488
202
-71
-285
-337
-320
-339
-364
-375
-409
-426
-446
-560
-737
-888
-998
-1145
-1277
-1365
-1443
-1492
-1504
-1551
-1637
-1658
-1676
-1805
-1935
-2073
-2237
-2372
-2479
-2625
-2779
-2751
-2601
-2398
-2020
-1455
-878
-252
464
1174
1934
2738
3268
3551
3902
4121
4067
3890
3697
3425
3060
2606
2042
1616
1372
1084
640
228
4
-200
-386
-531
-817
-1188
-1465
-1684
-1940
-2139
-2334
-2521
-2532
-2417
-2305
-2115
-1695
-1135
-516
136
766
1402
2048
2602
2961
3203
3270
3188
3069
2757
2254
1777
1358
908
562
251
-121
-314
-325
-377
-438
-446
-479
-509
-458
-490
-677
-865
-982
-1123
-1330
-1502
-1669
-1782
-1792
-1805
-1892
-1949
-1932
-1968
-2035
-2133
-2246
-2361
-2465
-2554
-2692
-2796
-2715
-2487
-2238
-1768
-1193
-642
47
804
1550
2366
3123
3535
3912
4308
4420
4342
4162
3941
3619
3174
2625
2057
1667
1366
940
383
0
-226
-504
-667
-873
-1235
-1542
-1760
-1997
-2236
-2388
-2576
-2672
-2622
-2558
-2451
-2193
-1703
-1204
-697
-43
653
1306
1969
2469
2748
3115
3316
3183
3081
2889
2415
2039
1729
1244
909
732
426
166
156
133
17
-28
-109
-273
-321
-310
-556
-919
-1107
-1297
-1551
-1716
-1902
-2162
-2240
-2189
-2274
-2336
-2328
-2356
-2396
-2410
-2466
-2593
-2636
-2626
-2664
-2753
-2646
-2358
-2017
-1406
-836
-346
354
1223
2021
2788
3497
3878
4322
4748
4821
4692
4512
4318
3938
3443
2844
2262
1880
1527
1027
369
-52
-300
-582
-786
-1083
-1503
-1851
-2038
-2296
-2600
-2795
-2974
-3033
-3013
-2972
-2894
-2616
-2097
-1564
-1018
-426
288
1011
1703
2276
2654
3010
3244
3322
3199
2947
2637
2321
2007
1614
1274
977
759
622
526
453
362
288
170
54
-62
-234
-472
-786
-1091
-1420
-1705
-1965
-2222
-2440
-2629
-2717
-2773
-2816
-2878
-2938
-2974
-3012
-3008
-3044
-3058
-3047
-3028
-2978
-2816
-2480
-2038
-1399
-768
-156
563
1387
2304
3141
3806
4227
4696
5127
5253
5180
4979
4766
4435
3954
3297
2657
2243
1850
1303
648
144
-224
-510
-717
-1067
-1502
-1859
-2122
-2404
-2705
-2969
-3219
-3292
-3274
-3257
-3179
-2904
-2394
-1844
-1205
-594
88
873
1583
2143
2580
2994
3168
3282
3260
2981
2672
2403
2103
1738
1518
1272
1033
980
971
897
819
793
650
500
413
179
-164
-501
-846
-1264
-1614
-1920
-2263
-2514
-2701
-2881
-3043
-3129
-3190
-3264
-3343
-3438
-3508
-3541
-3512
-3507
-3543
-3458
-3209
-2854
-2382
-1692
-996
-262
607
1469
2367
3298
4083
4543
5009
5432
5552
5504
5316
5038
4626
4150
3521
2833
2359
1908
1333
695
199
-181
-523
-776
-1117
-1552
-1947
-2259
-2578
-2893
-3147
-3426
-3572
-3576
-3527
-3420
-3151
-2643
-2076
-1428
-750
-19
742
1449
2034
2441
2855
3082
3133
3068
2859
2574
2283
2038
1706
1479
1303
1112
1027
1048
1077
1028
978
846
688
552
336
19
-391
-777
-1162
-1522
-1829
-2112
-2360
-2567
-2710
-2855
-2967
-3058
-3170
-3275
-3393
-3529
-3640
-3699
-3729
-3745
-3679
-3525
-3184
-2669
-2015
-1266
-489
402
1331
2299
3232
4056
4622
5092
5557
5722
5697
5531
5264
4919
4500
3897
3195
2702
2273
1737
1101
532
114
-250
-545
-907
-1380
-1808
-2156
-2513
-2883
-3168
-3437
-3618
-3634
-3607
-3522
-3271
-2789
-2198
-1539
-870
-229
536
1274
1881
2327
2671
2849
2913
2948
2674
2335
2093
1832
1545
1351
1163
933
954
1050
1024
1008
1019
959
848
782
568
225
-58
-357
-771
-1195
-1498
-1806
-2051
-2201
-2445
-2702
-2829
-2914
-3072
-3266
-3455
-3673
-3800
-3867
-3963
-4080
-4074
-3888
-3647
-3245
-2672
-1958
-1152
-249
613
1483
2530
3544
4300
4801
5268
5611
5765
5758
5537
5217
4876
4418
3771
3167
2739
2272
1702
1127
600
167
-165
-488
-946
-1458
-1922
-2338
-2727
-3073
-3401
-3712
-3844
-3840
-3802
-3654
-3297
-2783
-2200
-1502
-812
-92
703
1408
1934
2394
2809
2962
3033
3001
2728
2422
2209
1925
1606
1425
1232
1064
1066
1132
1121
1116
1156
1081
956
859
658
328
-3
-358
-836
-1240
-1542
-1880
-2155
-2352
-2581
-2789
-2888
-2999
-3174
-3359
-3571
-3759
-3896
-3975
-4045
-4136
-4106
-3948
-3659
-3224
-2549
-1767
-951
-15
912
1897
2965
3962
4630
5106
5590
5868
5921
5813
5560
5203
4791
4285
3636
3106
2720
2257
1673
1138
732
328
-27
-430
-974
-1550
-2048
-2523
-3024
-3449
-3841
-4160
-4283
-4294
-4228
-3996
-3507
-2920
-2295
-1504
-692
115
936
1632
2122
2611
3015
3055
3061
3042
2750
2454
2279
1989
1678
1590
1440
1250
1303
1394
1352
1309
1304
1147
976
882
586
103
-294
-651
-1128
-1515
-1819
-2209
-2467
-2593
-2773
-2960
-3041
-3147
-3307
-3421
-3583
-3773
-3894
-3942
-3994
-4065
-4009
-3805
-3489
-3012
-2402
-1656
-804
141
1053
1949
2966
3938
4665
5134
5551
5847
5924
5838
5559
5196
4812
4356
3721
3103
2657
2205
1679
1153
670
221
-171
-570
-1095
-1661
-2217
-2757
-3241
-3662
-4056
-4380
-4519
-4519
-4424
-4197
-3794
-3205
-2530
-1740
-856
-35
804
1610
2173
2642
3140
3285
3213
3279
3090
2714
2540
2303
1901
1767
1731
1464
1389
1528
1515
1428
1434
1328
1063
927
727
215
-297
-637
-1072
-1530
-1795
-2171
-2561
-2667
-2753
-2960
-3076
-3153
-3341
-3449
-3521
-3705
-3843
-3907
-3936
-3959
-3915
-3747
-3487
-3038
-2452
-1773
-984
-55
889
1751
2716
3641
4419
5036
5448
5755
5925
5917
5673
5341
5007
4600
4071
3397
2845
2418
1978
1479
909
395
-56
-503
-1032
-1599
-2176
-2771
-3284
-3780
-4211
-4519
-4690
-4728
-4646
-4432
-4103
-3555
-2851
-2093
-1254
-419
439
1301
2021
2556
3010
3348
3453
3503
3419
3127
2831
2594
2299
2021
1880
1699
1532
1542
1577
1536
1495
1481
1312
1090
885
528
46
-402
-812
-1321
-1774
-2148
-2528
-2784
-2924
-3093
-3268
-3331
-3375
-3441
-3492
-3577
-3651
-3699
-3715
-3720
-3701
-3618
-3441
-3165
-2754
-2215
-1580
-772
125
981
1823
2718
3601
4410
5035
5376
5641
5819
5774
5531
5196
4837
4412
3879
3226
2658
2256
1876
1380
779
244
-192
-654
-1159
-1708
-2331
-2939
-3449
-3944
-4373
-4633
-4781
-4822
-4725
-4502
-4139
-3561
-2789
-1982
-1241
-340
638
1457
2207
2810
3224
3653
3967
3855
3717
3629
3310
3035
2800
2403
2122
2099
1937
1737
1785
1805
1722
1651
1482
1152
855
641
190
-458
-984
-1431
-1946
-2334
-2625
-3053
-3290
-3281
-3388
-3474
-3397
-3370
-3369
-3276
-3280
-3330
-3268
-3217
-3184
-3152
-3057
-2847
-2537
-2096
-1596
-1003
-211
686
1479
2239
3097
3850
4540
5048
5230
5360
5465
5339
4965
4567
4168
3713
3199
2578
2013
1572
1171
682
67
-495
-962
-1447
-1954
-2482
-3091
-3660
-4064
-4440
-4755
-4898
-4968
-4890
-4580
-4177
-3701
-2998
-2154
-1325
-498
387
1276
2094
2798
3292
3598
3899
4098
3995
3802
3614
3292
2975
2734
2424
2195
2162
2053
1877
1847
1842
1755
1634
1383
970
576
227
-287
-945
-1523
-2027
-2505
-2865
-3159
-3461
-3566
-3468
-3378
-3315
-3173
-3036
-2895
-2724
-2670
-2701
-2696
-2633
-2606
-2598
-2531
-2370
-2091
-1676
-1200
-635
143
994
1760
2466
3174
3859
4491
4908
5016
5079
5117
4931
4560
4151
3737
3299
2802
2158
1516
1087
726
240
-356
-917
-1422
-1891
-2331
-2830
-3392
-3891
-4288
-4619
-4837
-4915
-4892
-4691
-4284
-3761
-3173
-2455
-1600
-705
114
923
1805
2516
3108
3552
3767
3990
4249
4129
3797
3678
3416
3106
2986
2737
2440
2431
2368
2027
1900
1907
1738
1459
1078
543
11
-340
-805
-1552
-2235
-2665
-3048
-3348
-3442
-3623
-3695
-3395
-3128
-3003
-2761
-2518
-2398
-2217
-2131
-2231
-2251
-2172
-2167
-2213
-2183
-2063
-1828
-1417
-948
-534
38
859
1587
2168
2796
3315
3743
4217
4428
4338
4316
4276
3980
3574
3174
2697
2229
1749
1167
620
228
-140
-677
-1264
-1741
-2168
-2604
-3012
-3467
-3956
-4261
-4442
-4603
-4569
-4374
-4119
-3644
-3007
-2401
-1723
-892
-64
684
1321
1914
2546
3150
3578
3749
3812
3949
4122
4037
3772
3589
3454
3293
3121
2881
2601
2458
2336
2030
1666
1398
1110
699
224
-348
-957
-1434
-1838
-2353
-2859
-3144
-3273
-3307
-3221
-3121
-2980
-2647
-2251
-2022
-1867
-1678
-1542
-1468
-1462
-1565
-1670
-1634
-1595
-1648
-1636
-1456
-1203
-903
-521
-165
255
906
1533
1963
2341
2723
3038
3373
3577
3457
3313
3233
3006
2609
2204
1813
1413
1000
490
-25
-387
-655
-1036
-1586
-2076
-2461
-2829
-3148
-3448
-3779
-3996
-4004
-3942
-3772
-3432
-3008
-2491
-1851
-1199
-599
49
740
1366
1874
2287
2697
3102
3423
3593
3636
3685
3799
3858
3739
3527
3366
3224
3053
2810
2497
2168
1878
1562
1132
681
261
-189
-689
-1195
-1692
-2109
-2399
-2634
-2865
-2978
-2921
-2760
-2555
-2345
-2172
-1942
-1634
-1399
-1291
-1249
-1226
-1229
-1235
-1290
-1384
-1439
-1392
-1336
-1299
-1156
-966
-747
-457
-159
103
478
963
1298
1554
1798
2018
2258
2479
2478
2315
2266
2187
1955
1647
1335
1052
783
436
-40
-448
-705
-1010
-1449
-1910
-2256
-2527
-2712
-2851
-3014
-3092
-3012
-2827
-2604
-2290
-1926
-1528
-997
-476
-22
422
901
1391
1807
2109
2289
2545
2923
3259
3398
3459
3595
3733
3855
3831
3580
3351
3252
2983
2482
2034
1581
1095
690
157
-486
-897
-1132
-1488
-1861
-2119
-2276
-2275
-2180
-2169
-2246
-2141
-1866
-1691
-1626
-1551
-1437
-1276
-1053
-988
-1087
-1068
-978
-979
-1046
-1106
-1140
-1037
-905
-897
-907
-839
-675
-509
-379
-311
-173
121
413
600
715
896
1142
1384
1492
1463
1475
1532
1488
1288
1065
894
734
470
49
-357
-637
-837
-1102
-1477
-1783
-1927
-1979
-2002
-2000
-2013
-1960
-1760
-1548
-1337
-1044
-704
-343
32
372
635
953
1362
1699
1900
2056
2312
2681
3003
3130
3161
3226
3338
3428
3302
2969
2723
2519
2142
1699
1260
798
402
61
-398
-828
-1007
-1125
-1332
-1526
-1640
-1681
-1577
-1429
-1447
-1535
-1432
-1232
-1115
-1048
-1017
-1002
-891
-749
-786
-855
-806
-773
-798
-826
-852
-855
-775
-720
-794
-881
-871
-857
-938
-1033
-1109
-1181
-1107
-899
-781
-690
-465
-210
85
487
758
831
1019
1232
1214
1099
1024
920
788
621
260
-109
-207
-223
-450
-775
-940
-961
-917
-854
-895
-950
-814
-626
-583
-520
-352
-201
1
241
369
485
732
1034
1256
1426
1541
1699
2012
2326
2446
2431
2524
2681
2746
2658
2394
2114
1978
1786
1354
936
659
385
119
-174
-538
-735
-686
-742
-944
-1028
-997
-897
-762
-745
-875
-888
-744
-712
-807
-866
-870
-852
-782
-771
-869
-882
-801
-811
-922
-988
-1031
-1073
-1117
-1281
-1527
-1658
-1681
-1812
-2046
-2219
-2265
-2208
-2036
-1795
-1571
-1274
-878
-513
-129
356
764
988
1261
1519
1593
1633
1682
1643
1559
1415
1105
847
820
787
567
270
101
57
12
-71
-211
-330
-357
-348
-421
-478
-409
-338
-261
-134
-13
123
328
566
774
961
1119
1295
1556
1821
1965
2034
2109
2213
2286
2240
2089
1941
1817
1606
1320
1018
758
572
381
127
-115
-219
-261
-321
-405
-520
-574
-546
-523
-595
-686
-717
-729
-734
-771
-872
-962
-972
-972
-1054
-1148
-1219
-1294
-1338
-1393
-1509
-1602
-1639
-1717
-1839
-1947
-2045
-2102
-2149
-2245
-2372
-2408
-2312
-2179
-2013
-1728
-1358
-968
-529
-80
380
928
1429
1710
1948
2222
2349
2333
2283
2181
2033
1879
1611
1280
1099
997
769
456
221
68
-97
-254
-414
-607
-739
-826
-955
-1023
-957
-885
-819
-651
-445
-246
24
348
666
973
1219
1412
1634
1920
2131
2180
2207
2258
2268
2226
2148
1945
1746
1684
1493
1168
987
845
629
503
370
105
-21
-15
-171
-384
-493
-600
-727
-792
-924
-1180
-1329
-1331
-1403
-1537
-1578
-1621
-1650
-1523
-1430
-1463
-1398
-1263
-1256
-1285
-1291
-1366
-1432
-1464
-1613
-1810
-1896
-1919
-1967
-2009
-2024
-2013
-1904
-1677
-1435
-1175
-756
-274
126
531
978
1389
1809
2152
2268
2351
2493
2476
2316
2158
1976
1754
1499
1156
795
549
345
75
-238
-470
-614
-754
-877
-960
-1040
-1067
-990
-945
-858
-623
-374
-117
219
515
752
1072
1409
1643
1796
1886
1949
2040
2103
2099
2018
1914
1852
1772
1627
1512
1409
1224
1080
977
795
632
502
284
65
-115
-337
-588
-788
-1014
-1277
-1495
-1674
-1817
-1922
-1975
-2005
-2004
-1925
-1805
-1673
-1487
-1255
-1080
-925
-731
-598
-536
-487
-534
-649
-754
-904
-1099
-1245
-1369
-1492
-1567
-1592
-1563
-1499
-1413
-1296
-1136
-925
-671
-432
-173
136
424
658
900
1117
1310
1472
1510
1483
1482
1447
1332
1184
1018
870
749
579
369
213
93
-24
-151
-290
-373
-383
-404
-434
-416
-355
-227
-51
120
336
619
911
1185
1433
1613
1763
1882
1930
1921
1842
1746
1662
1535
1370
1212
1083
995
936
822
677
619
587
509
407
274
115
-41
-244
-517
-808
-1055
-1283
-1559
-1825
-1993
-2078
-2053
-1952
-1868
-1730
-1450
-1088
-750
-413
-87
204
490
676
714
664
567
416
163
-142
-453
-727
-946
-1140
-1299
-1401
-1394
-1318
-1231
-1128
-1030
-938
-858
-793
-793
-829
-860
-916
-958
-959
-910
-843
-736
-592
-420
-152
161
409
617
834
1024
1144
1224
1241
1211
1152
1012
837
712
662
595
491
432
460
542
659
794
925
1092
1274
1387
1471
1551
1574
1535
1463
1321
1111
888
674
482
323
158
7
-79
-92
-57
-22
31
116
169
177
158
83
-22
-133
-294
-511
-723
-916
-1086
-1201
-1262
-1284
-1272
-1176
-981
-750
-472
-150
154
447
750
996
1148
1277
1333
1289
1208
1076
878
653
399
94
-209
-469
-712
-919
-1102
-1259
-1371
-1440
-1477
-1527
-1578
-1633
-1688
-1752
-1832
-1921
-2032
-2116
-2169
-2196
-2163
-2070
-1921
-1712
-1389
-1021
-638
-210
212
652
1082
1410
1644
1880
2077
2155
2168
2140
2114
2131
2085
1940
1815
1782
1769
1685
1555
1442
1349
1265
1144
949
750
594
400
157
-54
-239
-422
-554
-692
-857
-970
-1031
-1058
-1045
-1037
-1042
-999
-881
-732
-605
-511
-384
-218
-62
56
119
187
289
376
399
405
439
508
599
661
708
786
895
1028
1125
1189
1248
1321
1376
1376
1312
1212
1109
975
765
493
194
-114
-413
-707
-1027
-1347
-1638
-1911
-2140
-2320
-2468
-2579
-2647
-2692
-2720
-2699
-2649
-2578
-2508
-2462
-2384
-2261
-2120
-1966
-1781
-1578
-1313
-980
-634
-273
172
699
1191
1608
1973
2303
2649
2932
3038
3002
2963
2920
2747
2478
2177
1912
1728
1501
1177
909
795
719
562
354
149
16
-105
-301
-559
-800
-1012
-1222
-1415
-1581
-1682
-1709
-1659
-1577
-1472
-1310
-1056
-728
-396
-105
146
416
732
1022
1192
1313
1449
1556
1605
1621
1616
1621
1646
1618
1536
1514
1551
1531
1450
1359
1256
1175
1099
949
735
545
391
214
27
-173
-399
-584
-734
-927
-1169
-1395
-1592
-1808
-2059
-2339
-2593
-2794
-2953
-3101
-3226
-3245
-3167
-3015
-2822
-2601
-2306
-1931
-1490
-1063
-678
-314
67
401
668
877
1031
1149
1256
1306
1312
1346
1390
1455
1554
1623
1662
1742
1825
1870
1876
1789
1622
1474
1284
961
563
188
-143
-424
-762
-1126
-1375
-1462
-1478
-1521
-1544
-1460
-1277
-1094
-938
-774
-572
-330
-134
-30
78
239
393
508
583
607
669
831
983
1101
1221
1364
1547
1762
1919
1991
2076
2169
2198
2135
2009
1867
1728
1552
1294
989
768
593
382
149
-53
-217
-340
-453
-630
-826
-968
-1121
-1294
-1485
-1703
-1912
-2053
-2177
-2318
-2449
-2522
-2520
-2483
-2413
-2332
-2205
-1993
-1753
-1526
-1276
-975
-660
-342
-60
171
415
663
841
967
1076
1169
1249
1309
1297
1245
1209
1169
1102
977
804
619
426
202
-59
-319
-522
-681
-861
-1062
-1187
-1238
-1196
-1138
-1118
-1049
-879
-713
-596
-467
-300
-99
72
163
248
408
588
700
740
792
884
992
1073
1094
1098
1109
1119
1095
1054
1034
1023
1045
1100
1127
1121
1160
1232
1308
1372
1389
1388
1424
1437
1355
1229
1109
959
757
482
182
-104
-380
-680
-1010
-1311
-1538
-1694
-1841
-1955
-1997
-1968
-1875
-1758
-1656
-1547
-1389
-1224
-1090
-993
-931
-862
-772
-681
-616
-549
-455
-309
-138
14
178
338
511
680
818
899
968
998
960
861
716
547
368
167
-57
-276
-464
-604
-717
-811
-872
-901
-885
-840
-809
-810
-827
-839
-889
-968
-1058
-1126
-1175
-1192
-1196
-1173
-1076
-885
-645
-390
-119
176
491
787
1019
1205
1367
1523
1619
1651
1637
1636
1643
1609
1563
1526
1533
1573
1622
1635
1646
1671
1708
1712
1661
1564
1428
1268
1082
856
595
338
104
-141
-380
-612
-803
-941
-1049
-1158
-1255
-1288
-1306
-1317
-1338
-1357
-1350
-1313
-1279
-1239
-1167
-1028
-861
-682
-481
-265
-28
207
415
586
735
857
926
936
893
821
710
570
380
161
-47
-228
-376
-521
-630
-715
-762
-779
-773
-745
-681
-621
-571
-539
-520
-501
-465
-449
-471
-519
-562
-584
-592
-610
-645
-671
-676
-679
-690
-699
-706
-696
-671
-645
-630
-572
-490
-376
-256
-135
-29
125
289
443
582
715
869
1017
1165
1306
1428
1541
1648
1719
1760
1789
1784
1738
1673
1586
1451
1305
1143
957
751
560
369
162
-37
-235
-414
-572
-687
-783
-863
-908
-906
-870
-785
-676
-575
-456
-295
-165
-46
60
127
178
222
239
231
222
215
203
205
212
214
233
286
352
395
416
412
400
392
351
253
129
0
-158
-319
-458
-606
-740
-835
-942
-1016
-1044
-1030
-1023
-1002
-983
-963
-926
-887
-861
-858
-855
-840
-839
-826
-802
-766
-701
-630
-568
-493
-398
-279
-159
-57
32
125
205
257
272
257
216
171
101
20
-40
-79
-79
-69
-19
56
176
328
487
646
778
906
1002
1054
1074
1051
986
905
807
689
573
471
387
348
325
334
365
414
471
523
580
622
656
665
651
621
573
491
376
247
117
-17
-120
-220
-292
-353
-372
-359
-306
-206
-107
14
137
266
369
471
544
592
615
601
565
512
447
339
234
118
0
-131
-277
-426
-574
-704
-847
-978
-1085
-1165
-1223
-1264
-1302
-1306
-1291
-1237
-1178
-1101
-1006
-908
-789
-662
-532
-406
-285
-172
-87
-6
54
106
142
150
132
99
65
20
-28
-114
-202
-274
-339
-411
-498
-585
-666
-716
-740
-758
-751
-717
-636
-505
-345
-148
43
275
501
719
907
1069
1212
1324
1409
1456
1471
1467
1454
1416
1364
1301
1233
1157
1072
986
895
797
689
562
424
293
150
24
-105
-228
-330
-385
-394
-376
-323
-256
-154
-26
144
305
469
637
779
905
986
1025
1027
1001
916
796
645
472
297
130
-59
-252
-407
-553
-687
-791
-881
-951
-1008
-1028
-1042
-1053
-1063
-1062
-1059
-1048
-1032
-1015
-997
-966
-929
-876
-811
-743
-675
-586
-504
-428
-355
-309
-281
-261
-269
-303
-365
-423
-528
-619
-707
-787
-868
-917
-938
-942
-906
-837
-744
-647
-511
-366
-222
-49
98
235
381
534
665
769
860
948
1038
1128
1185
1218
1241
1237
1218
1181
1116
1015
906
771
625
476
333
191
56
-47
-142
-208
-237
-215
-161
-86
14
137
291
447
597
733
859
986
1101
1189
1236
1269
1272
1242
1199
1137
1063
963
851
737
612
505
401
292
181
59
-45
-179
-284
-394
-514
-626
-748
-850
-958
-1034
-1126
-1180
-1229
-1246
-1255
-1234
-1205
-1155
-1069
-977
-863
-758
-652
-562
-472
-390
-327
-289
-270
-260
-257
-275
-298
-333
-364
-387
-403
-424
-439
-449
-442
-424
-417
-399
-400
-392
-389
-378
-391
-404
-399
-409
-409
-396
-373
-346
-285
-231
-162
-72
16
116
219
309
375
468
543
594
632
643
636
652
655
632
600
594
592
603
623
634
671
706
745
768
793
827
852
867
850
833
818
812
779
727
683
657
624
592
538
474
426
375
322
235
157
54
-41
-155
-271
-389
-504
-596
-683
-751
-806
-809
-809
-784
-753
-698
-626
-528
-434
-350
-273
-200
-127
-69
-26
0
19
42
57
55
54
71
82
85
80
51
34
3
-48
-122
-203
-297
-413
-521
-635
-733
-828
-918
-992
-1054
-1094
-1112
-1116
-1119
-1085
-1058
-1001
-931
-849
-772
-674
-547
-424
-270
-134
16
175
356
511
653
781
900
1004
1089
1153
1196
1229
1233
1229
1217
1219
1198
1152
1116
1078
1043
993
924
835
754
677
572
459
349
212
76
-60
-190
-305
-400
-487
-553
-581
-572
-542
-494
-437
-374
-286
-198
-119
-73
-40
-4
16
32
18
9
8
17
22
42
77
119
185
247
322
383
445
486
512
521
489
443
374
276
163
52
-72
-205
-344
-480
-594
-695
-787
-873
-941
-991
-1034
-1057
-1084
-1106
-1150
-1179
-1215
-1216
-1222
-1205
-1189
-1146
-1069
-969
-835
-694
-530
-374
-197
-18
153
300
418
524
608
674
709
733
752
766
781
791
831
889
948
1026
1090
1155
1210
1235
1231
1202
1151
1036
919
766
584
396
209
0
-181
-345
-501
-603
-681
-722
-767
-751
-726
-665
-589
-512
-432
-348
-248
-168
-83
-4
71
156
241
318
402
499
598
686
773
851
922
996
1034
1042
1024
971
906
813
714
580
453
296
149
6
-146
-298
-442
-585
-730
-847
-961
-1053
-1132
-1195
-1254
-1291
-1304
-1293
-1270
-1241
-1199
-1138
-1059
-962
-863
-764
-646
-543
-426
-326
-218
-127
-54
25
71
139
177
225
251
267
280
304
322
352
372
390
403
426
439
450
458
452
451
425
406
366
356
311
268
203
131
71
5
-38
-108
-138
-186
-208
-233
-247
-260
-260
-232
-219
-202
-185
-160
-130
-96
-59
-24
29
73
125
189
268
333
430
538
652
760
848
935
1006
1086
1134
1164
1143
1105
1032
939
811
664
502
319
144
-47
-205
-357
-477
-602
-692
-779
-830
-856
-867
-868
-869
-833
-798
-734
-698
-629
-581
-498
-415
-313
-223
-137
-48
29
121
185
240
262
274
276
267
246
215
177
126
91
48
6
-36
-73
-93
-102
-108
-116
-113
-115
-114
-115
-123
-157
-173
-207
-257
-309
-346
-372
-405
-429
-452
-444
-424
-385
-344
-306
-243
-179
-116
-67
-14
21
62
85
94
94
110
113
124
151
160
192
216
270
308
366
421
476
538
583
607
608
601
579
534
481
416
334
251
168
90
8
-68
-141
-198
-247
-291
-318
-344
-362
-383
-380
-378
-361
-357
-351
-330
-302
-262
-229
-176
-114
-23
71
170
277
386
496
593
680
750
814
826
821
785
731
630
508
378
229
95
-52
-177
-291
-389
-453
-506
-530
-541
-524
-505
-470
-444
-417
-414
-406
-408
-407
-406
-421
-424
-443
-434
-429
-404
-366
-323
-264
-212
-125
-50
23
79
120
167
200
218
223
206
195
184
173
164
155
170
164
168
170
172
177
161
137
97
68
41
-4
-33
-77
-111
-139
-148
-159
-180
-180
-201
-201
-207
-197
-220
-222
-225
-217
-215
-216
-220
-213
-185
-167
-135
-105
-44
6
87
149
236
310
414
503
586
653
704
757
780
821
813
821
782
768
715
671
602
532
456
352
253
143
58
-61
-177
-296
-389
-465
-514
-573
-609
-631
-640
-644
-650
-625
-613
-577
-558
-528
-506
-477
-433
-400
-358
-300
-242
-161
-96
-3
71
150
236
292
351
375
400
374
338
271
185
98
-1
-104
-214
-295
-363
-403
-424
-434
-422
-370
-311
-254
-210
-153
-119
-87
-67
-76
-87
-116
-148
-189
-219
-237
-253
-248
-235
-200
-165
-104
-36
23
89
138
189
238
289
315
329
351
375
389
410
427
443
483
521
555
581
616
633
643
648
649
623
604
562
517
460
402
348
284
243
193
154
114
71
42
8
-9
-43
-70
-108
-145
-184
-232
-284
-338
-388
-411
-446
-467
-489
-480
-454
-414
-361
-303
-227
-146
-70
-7
29
62
72
76
56
11
-34
-99
-161
-240
-303
-367
-403
-436
-463
-482
-474
-460
-440
-408
-381
-349
-310
-254
-225
-181
-155
-116
-105
-83
-82
-77
-55
-41
-16
-16
19
37
91
128
180
218
258
296
311
333
319
307
274
250
207
171
131
104
71
59
48
57
74
94
144
185
235
276
338
393
434
472
496
517
526
526
522
501
481
448
410
377
332
290
250
223
195
166
141
118
90
73
40
15
-19
-52
-97
-146
-193
-233
-286
-353
-412
-466
-500
-532
-542
-558
-543
-548
-530
-519
-487
-465
-456
-443
-460
-456
-472
-467
-493
-519
-552
-565
-570
-561
-549
-527
-487
-435
-361
-285
-199
-130
-46
18
87
147
198
255
266
307
303
329
329
348
349
359
391
403
426
433
422
395
363
310
259
188
133
53
-17
-84
-154
-174
-196
-172
-163
-111
-44
35
137
227
328
417
512
586
643
680
704
705
708
684
662
627
590
553
521
496
467
456
432
420
374
347
302
257
195
118
44
-40
-116
-203
-264
-324
-377
-420
-445
-458
-469
-465
-455
-443
-456
-466
-479
-474
-486
-507
-540
-571
-604
-643
-674
-699
-700
-699
-682
-653
-610
-554
-499
-428
-358
-281
-229
-182
-142
-104
-74
-56
-29
-28
-9
0
23
43
62
90
102
133
153
174
188
195
200
191
182
168
153
141
113
85
60
21
2
-11
-13
-13
1
27
58
92
133
182
217
264
293
343
370
397
420
444
456
466
489
497
509
512
503
489
475
456
425
380
343
289
259
229
200
166
130
112
92
79
63
43
32
16
5
-11
-27
-46
-77
-96
-142
-171
-226
-265
-314
-352
-394
-433
-470
-517
-533
-548
-524
-509
-479
-441
-403
-350
-301
-250
-208
-162
-125
-101
-78
-67
-55
-55
-60
-62
-79
-92
-120
-143
-153
-162
-168
-169
-171
-161
-160
-147
-142
-140
-142
-144
-160
-178
-178
-197
-194
-204
-191
-183
-175
-145
-111
-53
4
71
125
188
237
273
302
329
330
318
295
273
239
194
163
111
67
36
13
5
4
25
47
85
118
157
201
240
271
286
301
307
299
267
256
233
215
175
138
94
59
34
11
9
-5
-6
-25
-40
-69
-97
-122
-140
-167
-202
-234
-258
-288
-302
-302
-304
-276
-260
-213
-175
-126
-76
-26
18
56
81
98
104
96
84
74
62
44
38
25
36
31
45
65
73
96
104
108
109
105
87
53
15
-15
-50
-85
-108
-129
-138
-130
-112
-78
-27
33
95
162
218
262
292
318
326
313
284
235
176
107
30
-33
-90
-123
-139
-143
-134
-104
-68
-20
36
77
134
171
198
203
209
209
199
171
140
104
67
38
19
9
-5
-13
-31
-36
-46
-55
-91
-104
-130
-157
-190
-229
-262
-310
-345
-384
-401
-426
-425
-425
-417
-405
-374
-349
-311
-281
-244
-199
-163
-111
-72
-21
11
47
79
117
152
178
192
203
204
200
200
188
181
157
128
92
63
44
21
13
0
-7
0
7
19
30
47
60
68
64
51
42
29
4
-18
-45
-71
-105
-121
-124
-125
-117
-99
-64
-36
2
27
50
79
98
104
94
95
88
81
91
95
113
132
167
210
239
288
336
369
398
430
445
432
414
377
329
280
238
181
120
60
12
-34
-61
-86
-114
-138
-158
-179
-207
-237
-258
-286
-320
-375
-411
-451
-477
-498
-496
-481
-459
-409
-362
-285
-226
-136
-71
7
60
102
136
153
167
152
148
123
120
96
96
90
99
116
142
171
189
228
242
248
238
226
194
152
102
48
-10
-75
-126
-179
-212
-229
-231
-230
-213
-191
-178
-155
-134
-112
-110
-105
-111
-133
-155
-188
-210
-231
-227
-208
-175
-122
-63
2
80
166
247
317
385
435
464
476
468
447
403
355
298
246
205
181
145
109
91
80
70
57
50
42
32
6
-24
-63
-99
-141
-180
-215
-249
-275
-287
-288
-281
-267
-239
-206
-179
-159
-134
-129
-116
-109
-111
-128
-134
-137
-135
-130
-117
-88
-61
-12
37
94
145
207
253
301
341
371
394
400
393
368
350
314
291
255
233
198
182
153
136
112
94
79
52
25
-13
-37
-85
-123
-180
-216
-254
-287
-334
-351
-364
-371
-363
-345
-328
-317
-278
-247
-205
-164
-102
-54
-10
33
79
112
146
189
229
256
281
289
300
301
290
256
224
183
130
86
38
-9
-63
-100
-137
-164
-172
-170
-155
-145
-126
-112
-91
-78
-65
-69
-88
-109
-135
-166
-200
-218
-236
-247
-256
-251
-236
-211
-174
-134
-97
-71
-38
-12
5
17
16
7
-8
-10
-14
-15
-1
16
42
65
118
169
248
311
380
433
473
502
503
494
468
435
370
309
219
142
70
2
-49
-97
-119
-137
-134
-139
-138
-122
-110
-107
-119
-130
-154
-176
-199
-210
-229
-236
-232
-215
-190
-158
-99
-48
28
89
154
211
264
292
314
330
320
298
260
221
164
115
62
21
-17
-37
-48
-64
-67
-61
-54
-38
-24
-19
-25
-37
-45
-73
-101
-131
-156
-186
-210
-232
-251
-243
-233
-206
-189
-163
-147
-132
-112
-92
-82
-80
-79
-92
-98
-111
-102
-109
-98
-101
-83
-84
-63
-35
-12
22
41
70
88
121
126
145
154
172
166
167
183
189
200
202
214
218
230
231
224
208
190
172
136
95
51
10
-30
-69
-117
-156
-183
-195
-201
-197
-178
-167
-147
-130
-121
-116
-101
-83
-81
-71
-72
-71
-67
-48
-25
-5
12
41
66
89
113
134
150
149
146
134
128
108
99
80
70
54
49
41
32
49
59
71
67
78
73
64
43
15
-3
-33
-65
-103
-121
-150
-168
-179
-185
-172
-144
-110
-75
-43
-21
0
10
30
31
12
-18
-62
-101
-148
-171
-193
-196
-200
-204
-179
-146
-96
-45
21
80
123
161
185
198
217
225
227
210
198
183
154
147
144
145
145
152
152
153
152
150
137
126
103
56
5
-37
-77
-128
-173
-214
-247
-272
-271
-261
-236
-206
-183
-153
-126
-91
-73
-52
-47
-42
-46
-56
-55
-52
-46
-42
-25
-4
29
66
95
135
164
189
201
202
199
168
143
105
75
34
-4
-43
-78
-97
-92
-74
-52
-20
15
45
85
104
124
132
129
112
83
52
3
-38
-81
-128
-153
-170
-178
-173
-155
-135
-124
-95
-75
-52
-33
-17
-11
-15
-20
-28
-42
-43
-34
-28
-9
14
42
78
118
166
200
240
270
282
286
289
270
228
188
148
100
46
17
-24
-55
-95
-122
-140
-162
-171
-180
-191
-201
-209
-220
-235
-241
-250
-268
-272
-283
-277
-263
-234
-201
-154
-110
-66
-12
47
101
141
184
211
222
224
229
219
199
177
154
128
113
98
87
82
86
85
77
85
84
91
90
91
84
75
70
55
52
52
52
38
28
22
14
16
7
23
24
23
20
10
16
2
-9
-25
-40
-60
-85
-99
-114
-121
-125
-127
-123
-113
-98
-86
-68
-40
-14
22
55
79
99
117
138
152
163
161
156
148
140
124
109
83
52
11
-34
-57
-86
-107
-126
-145
-173
-188
-194
-205
-219
-224
-234
-243
-255
-247
-250
-243
-232
-216
-202
-178
-153
-128
-90
-47
1
43
97
141
181
215
240
251
256
256
246
230
217
196
175
155
136
117
101
98
88
79
74
73
71
71
68
54
40
20
3
-11
-20
-26
-30
-33
-34
-31
-42
-38
-47
-41
-42
-43
-43
-48
-46
-49
-47
-58
-59
-62
-64
-53
-44
-32
-14
-1
14
31
52
72
79
86
88
87
77
68
60
41
15
-11
-31
-50
-64
-76
-82
-87
-85
-72
-66
-49
-42
-34
-32
-28
-28
-36
-42
-57
-64
-70
-68
-68
-73
-83
-76
-76
-65
-46
-33
-19
-15
-11
-9
-13
-16
-20
-24
-28
-30
-25
-17
5
21
36
53
67
88
107
124
146
158
170
180
177
181
176
175
171
161
156
149
134
121
111
89
69
38
11
-25
-52
-90
-118
-146
-170
-191
-200
-206
-207
-209
-195
-175
-158
-131
-107
-75
-43
-4
24
45
67
76
81
87
81
78
75
67
52
36
30
21
9
-5
-10
-31
-39
-48
-56
-71
-84
-100
-121
-127
-133
-133
-132
-121
-103
-86
-57
-26
2
33
61
74
84
83
79
78
66
43
22
-4
-27
-47
-62
-63
-62
-57
-50
-40
-22
-4
14
32
41
43
40
40
41
36
35
44
52
64
86
114
144
181
220
255
291
317
331
341
336
319
292
253
204
142
75
19
-38
-85
-114
-141
-160
-168
-165
-158
-152
-139
-135
-128
-119
-122
-121
-130
-138
-153
-163
-169
-169
-167
-151
-139
-123
-101
-71
-36
-12
18
37
51
59
62
56
47
29
13
-9
-17
-28
-32
-37
-35
-32
-26
-25
-22
-17
-14
-10
-15
-21
-38
-49
-67
-77
-87
-100
-100
-114
-106
-92
-73
-56
-37
-20
-10
3
20
36
42
52
38
32
22
21
20
13
14
17
32
43
65
81
103
124
140
161
179
189
187
187
175
176
170
155
135
114
95
69
59
36
11
-10
-12
-27
-38
-43
-50
-68
-89
-104
-119
-133
-146
-141
-157
-157
-163
-155
-156
-146
-151
-144
-127
-104
-83
-71
-46
-27
3
24
54
68
88
99
107
131
141
147
145
136
134
123
120
109
89
66
41
26
15
0
-14
-24
-26
-36
-44
-50
-54
-59
-67
-67
-71
-75
-84
-87
-90
-90
-94
-90
-85
-77
-71
-56
-32
-17
4
23
49
66
75
84
85
99
98
90
80
71
53
43
40
41
43
45
61
64
73
76
93
98
107
114
114
110
102
90
66
42
12
-24
-52
-74
-97
-116
-128
-148
-159
-167
-173
-173
-175
-169
-165
-153
-151
-141
-135
-120
-104
-90
-76
-64
-43
-20
7
34
56
75
88
101
112
123
126
121
118
111
95
80
64
44
25
11
-5
-21
-36
-52
-69
-77
-86
-92
-96
-101
-109
-112
-118
-121
-118
-114
-104
-96
-75
-59
-35
-6
14
33
47
62
74
85
92
98
107
110
108
101
92
87
84
86
99
101
101
102
105
111
110
115
103
97
89
85
82
80
79
75
73
63
63
65
70
77
79
79
75
65
50
34
9
-9
-35
-58
-89
-111
-123
-135
-137
-136
-134
-130
-119
-111
-92
-75
-57
-51
-37
-39
-38
-31
-34
-30
-38
-35
-39
-30
-18
-1
14
26
42
54
59
61
56
47
36
14
-3
-30
-57
-88
-117
-133
-142
-143
-142
-140
-128
-108
-87
-64
-54
-41
-42
-37
-42
-42
-48
-63
-75
-98
-107
-112
-102
-94
-70
-56
-42
-22
-2
25
42
62
66
76
71
66
54
46
33
20
15
11
17
26
39
49
67
85
104
118
139
152
160
172
177
166
152
141
127
119
115
109
95
84
76
74
69
62
60
44
34
17
3
-6
-14
-27
-45
-56
-68
-72
-76
-77
-74
-69
-66
-62
-57
-53
-47
-46
-53
-59
-65
-65
-64
-63
-68
-69
-70
-61
-57
-45
-34
-22
-6
4
20
19
27
21
18
8
-7
-16
-29
-38
-45
-45
-51
-52
-51
-47
-44
-25
-15
-10
3
14
25
28
40
35
25
15
6
0
-10
-15
-21
-28
-26
-22
-9
10
33
55
69
94
115
133
157
172
176
176
179
175
171
166
157
141
126
116
116
115
116
114
99
93
85
82
78
72
63
43
21
2
-17
-40
-63
-88
-114
-131
-146
-165
-180
-187
-201
-208
-214
-221
-220
-223
-219
-216
-207
-200
-195
-186
-175
-158
-144
-119
-98
-74
-59
-39
-18
0
21
32
44
42
46
49
56
64
71
82
85
95
101
109
118
126
128
134
132
132
124
119
113
108
95
80
66
49
35
24
15
8
1
-11
-18
-21
-23
-21
-19
-16
-18
-19
-13
-3
4
14
20
26
38
52
69
80
94
107
119
122
124
129
136
144
139
139
131
122
115
110
103
95
85
66
48
32
11
-12
-34
-58
-86
-109
-129
-146
-161
-177
-188
-200
-204
-204
-203
-195
-188
-187
-179
-165
-154
-146
-137
-129
-120
-114
-109
-106
-99
-94
-85
-73
-62
-50
-41
-29
-18
-13
-6
3
5
7
6
1
4
3
-1
0
6
9
13
26
39
50
61
73
85
100
110
120
122
124
125
118
112
97
71
46
21
-6
-23
-37
-54
-74
-85
-93
-97
-86
-73
-65
-53
-30
-10
13
35
51
61
68
76
80
88
93
91
88
85
79
68
62
57
57
53
55
50
47
42
38
31
24
15
-6
-23
-37
-51
-62
-69
-80
-89
-92
-86
-80
-68
-54
-44
-29
-16
-7
-2
7
3
-10
-14
-25
-39
-53
-65
-80
-94
-100
-106
-112
-115
-112
-101
-94
-84
-68
-54
-45
-35
-28
-15
2
14
25
42
60
78
101
122
144
160
173
179
187
191
188
184
175
162
136
116
96
77
57
42
25
11
-3
-13
-15
-18
-17
-15
-14
-15
-13
-13
-12
-16
-26
-31
-39
-46
-51
-51
-55
-55
-58
-60
-61
-55
-52
-54
-45
-43
-42
-44
-48
-53
-54
-54
-60
-67
-66
-68
-71
-62
-53
-46
-39
-28
-26
-21
-7
4
13
18
16
10
6
1
-1
-9
-15
-30
-43
-49
-55
-69
-80
-89
-98
-103
-104
-106
-106
-101
-93
-85
-72
-59
-41
-19
1
25
48
66
76
81
88
95
100
109
106
102
101
101
95
94
96
88
81
78
74
69
67
63
58
50
45
36
28
20
14
6
-5
-12
-22
-24
-26
-31
-33
-35
-31
-32
-33
-35
-33
-33
-36
-40
-40
-44
-51
-46
-44
-41
-38
-33
-28
-24
-22
-16
-14
-11
-4
1
8
13
19
20
26
31
37
45
50
51
48
49
41
36
29
16
3
-9
-24
-44
-60
-72
-87
-100
-105
-110
-113
-116
-115
-113
-103
-93
-85
-70
-57
-44
-35
-24
-10
-2
11
12
15
15
18
17
17
24
26
30
34
36
40
46
53
57
63
72
76
79
76
70
65
63
53
39
32
22
11
6
5
5
4
2
5
6
7
11
15
18
20
12
4
0
-9
-14
-16
-20
-26
-31
-36
-37
-29
-24
-12
-7
-1
5
12
22
26
31
30
30
21
16
14
9
7
2
-2
-4
-2
-9
-13
-9
-7
-9
-8
-11
-21
-29
-35
-41
-51
-55
-63
-69
-75
-72
-68
-55
-39
-30
-18
-4
15
31
48
63
71
77
83
86
89
90
87
83
80
75
74
75
71
68
66
64
62
61
56
54
50
41
35
27
16
8
2
-2
-12
-16
-19
-25
-27
-25
-25
-26
-24
-22
-27
-28
-27
-27
-28
-27
-28
-28
-30
-29
-30
-27
-24
-22
-20
-17
-13
-13
-4
0
5
8
15
17
18
23
25
27
29
32
27
24
18
14
7
2
-7
-21
-29
-39
-49
-53
-56
-62
-63
-67
-69
-70
-65
-58
-54
-45
-40
-34
-30
-20
-11
-1
8
12
20
25
30
36
44
50
52
52
54
53
53
53
48
42
34
29
21
15
10
3
0
-1
-5
-7
-7
-10
-13
-12
-8
-6
-8
-7
-10
-12
-13
-13
-19
-22
-26
-32
-38
-39
-40
-45
-44
-46
-46
-46
-41
-38
-34
-28
-25
-19
-11
-1
6
16
23
29
35
43
50
56
64
69
75
76
79
80
85
88
89
86
86
78
69
64
54
48
39
29
15
4
-7
-19
-23
-31
-32
-38
-35
-32
-26
-15
-8
3
15
27
36
46
54
58
57
53
44
34
23
10
-4
-18
-31
-43
-50
-61
-63
-62
-60
-55
-49
-42
-37
-34
-32
-25
-21
-18
-15
-18
-16
-17
-17
-15
-13
-12
-11
-9
-8
-5
-4
-3
-3
-4
-9
-12
-17
-22
-29
-36
-41
-47
-50
-53
-48
-47
-39
-33
-25
-17
-9
2
12
22
26
32
33
34
32
31
27
23
20
15
9
3
-1
-7
-8
-13
-16
-22
-28
-34
-40
-44
-50
-51
-56
-54
-53
-47
-37
-29
-19
-7
7
16
31
42
50
57
64
64
61
59
52
47
40
32
21
13
1
-9
-18
-25
-31
-38
-40
-44
-43
-42
-37
-34
-28
-21
-15
-8
2
8
11
16
18
19
21
20
19
19
19
17
18
17
17
21
27
31
35
41
44
46
47
51
50
51
49
43
37
33
27
18
14
7
2
-2
-5
-10
-12
-14
-17
-21
-25
-32
-41
-48
-60
-71
-84
-96
-109
-121
-128
-134
-136
-134
-131
-126
-116
-104
-91
-76
-62
-49
-37
-25
-17
-9
-1
8
14
23
31
39
48
57
67
73
81
82
85
83
79
71
60
47
32
15
-1
-14
-26
-37
-45
-51
-56
-55
-54
-50
-44
-39
-35
-30
-28
-26
-24
-26
-28
-28
-30
-31
-30
-27
-24
-17
-9
1
13
23
34
45
57
64
71
74
76
76
75
72
67
65
62
58
56
53
52
52
51
46
40
34
23
9
-3
-21
-37
-56
-73
-89
-102
-110
-116
-116
-114
-107
-99
-85
-71
-57
-42
-30
-18
-8
1
7
13
16
16
18
21
22
25
31
37
42
49
57
63
68
73
76
76
76
71
66
61
54
46
38
30
24
17
11
7
4
2
0
-2
-5
-10
-16
-22
-32
-42
-53
-62
-72
-82
-88
-91
-91
-86
-78
-69
-57
-43
-25
-9
8
22
33
44
49
52
54
54
53
50
49
46
42
39
37
35
34
30
28
24
19
14
7
-2
-10
-21
-31
-41
-49
-55
-61
-65
-67
-66
-62
-58
-53
-49
-44
-40
-38
-37
-35
-34
-35
-35
-36
-34
-31
-27
-23
-17
-11
-3
6
15
23
30
35
39
40
39
38
36
33
29
25
22
21
22
24
27
32
38
46
50
52
54
53
50
44
38
30
20
13
7
0
-4
-5
-3
-1
3
10
18
24
30
35
37
37
35
32
25
20
13
6
2
-2
-3
-3
0
5
11
18
22
28
31
31
30
28
22
17
8
-1
-7
-15
-21
-24
-25
-23
-23
-20
-18
-14
-13
-11
-12
-14
-18
-26
-34
-43
-53
-60
-66
-71
-72
-70
-67
-61
-51
-40
-30
-20
-10
0
5
9
9
6
3
-1
-5
-10
-12
-13
-12
-11
-6
0
6
11
19
24
26
27
27
23
16
9
1
-5
-13
-18
-19
-18
-15
-11
0
10
24
36
48
59
66
72
73
72
68
64
56
47
38
28
19
12
9
5
2
2
2
-1
-2
-4
-7
-11
-15
-20
-23
-28
-30
-33
-33
-32
-27
-18
-8
3
17
29
40
50
56
61
63
63
59
51
41
30
17
6
-6
-15
-22
-27
-31
-34
-33
-33
-29
-28
-25
-23
-21
-21
-21
-22
-23
-24
-23
-22
-20
-18
-13
-8
-2
5
11
16
21
25
25
24
23
18
13
7
1
-5
-12
-16
-19
-20
-20
-19
-15
-12
-6
-2
3
8
12
15
17
19
22
23
24
25
27
29
30
31
31
33
31
30
28
23
20
13
7
0
-6
-12
-17
-20
-21
-20
-20
-16
-11
-6
-2
5
9
12
13
12
9
3
-2
-9
-17
-24
-31
-36
-39
-38
-37
-32
-26
-18
-8
2
10
18
24
27
29
29
27
22
18
12
4
-2
-6
-10
-11
-11
-10
-10
-8
-6
-4
-5
-6
-8
-13
-18
-24
-32
-39
-44
-49
-51
-53
-50
-47
-41
-32
-23
-11
0
11
21
31
36
39
40
38
34
30
24
18
11
7
4
2
0
0
3
5
8
12
15
19
21
22
21
21
18
15
13
9
7
5
4
5
5
7
9
12
14
17
18
19
18
15
12
7
1
-5
-11
-19
-26
-32
-37
-40
-42
-43
-42
-41
-37
-34
-30
-26
-20
-17
-13
-10
-7
-5
-3
-3
-2
0
2
4
8
10
12
15
18
20
21
24
23
23
21
19
14
10
4
-4
-10
-17
-24
-31
-37
-43
-47
-50
-50
-49
-46
-43
-39
-35
-30
-24
-19
-14
-9
-4
-1
2
4
5
8
10
13
14
18
21
23
27
31
35
39
43
44
44
44
40
37
31
25
16
7
-2
-10
-17
-23
-27
-30
-31
-31
-30
-26
-23
-18
-14
-11
-8
-5
-4
-5
-4
-5
-5
-7
-8
-9
-10
-10
-10
-9
-9
-8
-6
-6
-4
-5
-6
-7
-7
-9
-10
-11
-11
-10
-9
-7
-5
1
6
12
16
22
28
31
35
38
40
41
38
35
31
27
21
17
9
3
-4
-10
-16
-22
-27
-33
-37
-41
-45
-47
-48
-48
-49
-47
-44
-41
-37
-30
-23
-17
-10
-3
4
10
16
20
24
27
29
30
29
30
29
30
28
28
27
26
25
22
19
15
10
5
1
-5
-12
-17
-23
-27
-31
-32
-33
-30
-28
-24
-21
-17
-13
-8
-3
-2
0
1
0
-1
-4
-6
-8
-10
-12
-13
-12
-11
-7
-3
2
7
11
16
19
23
23
24
23
22
19
15
12
9
5
3
3
2
0
2
3
5
5
5
5
3
1
-2
-5
-8
-11
-16
-20
-25
-27
-30
-33
-32
-32
-32
-30
-29
-25
-24
-22
-21
-20
-19
-17
-17
-15
-12
-9
-5
0
6
11
17
24
30
36
42
45
47
46
47
43
40
36
30
23
15
8
1
-5
-11
-14
-17
-19
-22
-23
-24
-24
-25
-27
-28
-30
-32
-34
-34
-34
-33
-31
-28
-26
-21
-15
-7
1
9
18
25
33
38
43
44
47
45
43
41
35
30
24
17
11
6
3
-1
-3
-4
-5
-5
-6
-4
-5
-4
-6
-6
-9
-12
-13
-16
-19
-21
-25
-27
-29
-29
-28
-27
-24
-21
-18
-15
-12
-9
-7
-5
-3
-1
0
0
0
-1
-2
-3
-2
-2
0
2
6
11
14
20
23
29
32
35
36
38
37
34
32
26
19
10
2
-5
-13
-20
-26
-30
-33
-35
-36
-35
-33
-31
-29
-27
-23
-21
-19
-18
-19
-19
-19
-19
-18
-18
-15
-11
-6
0
8
15
22
30
36
41
47
50
52
51
49
44
39
32
26
19
13
8
4
1
-2
-2
-3
-1
0
-1
-1
-1
-3
-5
-8
-12
-17
-21
-24
-27
-28
-29
-29
-28
-25
-21
-16
-11
-6
-2
1
6
9
10
10
10
10
9
8
9
10
11
14
15
17
20
23
25
26
27
26
24
23
19
14
11
7
2
-1
-5
-6
-8
-8
-8
-9
-9
-8
-8
-9
-10
-11
-13
-15
-18
-20
-21
-23
-24
-25
-23
-20
-15
-12
-8
-3
0
3
6
9
10
10
10
9
8
6
6
5
7
7
9
11
15
18
20
21
22
21
21
18
15
10
6
2
-3
-8
-11
-14
-17
-18
-16
-15
-12
-9
-7
-4
-2
-3
-3
-4
-5
-9
-11
-14
-16
-19
-20
-21
-20
-16
-13
-8
-3
2
7
10
15
16
15
15
14
13
10
7
5
2
0
-1
-2
-1
1
3
5
8
10
12
13
12
9
6
5
2
-1
-4
-7
-11
-13
-14
-14
-14
-12
-10
-8
-5
-3
-2
-1
-1
-2
-2
-3
-5
-7
-8
-7
-7
-7
-5
-3
-1
2
4
7
9
10
11
10
10
7
4
1
-1
-5
-6
-6
-7
-6
-5
-3
2
5
9
12
15
17
18
19
17
14
11
8
1
-2
-5
-7
-10
-10
-10
-9
-7
-5
-4
-1
1
1
2
-1
-3
-6
-9
-13
-17
-21
-24
-26
-28
-26
-23
-19
-14
-9
-3
3
9
13
16
18
19
18
17
16
12
9
6
3
0
-1
-2
-1
0
2
4
6
7
8
8
6
4
1
-1
-5
-9
-13
-17
-19
-20
-19
-18
-16
-12
-9
-4
1
5
8
9
11
12
9
7
5
1
-1
-4
-6
-9
-8
-6
-6
-3
1
4
8
13
15
17
19
20
19
18
17
14
10
8
5
1
0
-2
-2
-1
0
2
5
5
7
8
9
8
6
4
1
-2
-5
-9
-12
-15
-17
-19
-19
-17
-15
-12
-7
-3
2
7
11
13
15
15
14
12
9
9
5
3
-1
-4
-4
-6
-6
-4
-3
-2
1
1
3
4
4
3
2
0
-4
-5
-9
-11
-13
-15
-17
-16
-16
-14
-12
-11
-8
-5
-2
1
3
4
4
3
2
0
-1
-3
-5
-4
-6
-5
-4
-3
-2
0
3
6
7
8
9
11
10
9
7
7
4
2
1
-2
-4
-4
-5
-4
-5
-4
-3
-3
-1
-1
0
-1
-2
-2
-3
-3
-4
-5
-6
-7
-7
-6
-5
-4
-3
-1
0
3
5
6
8
8
8
8
9
9
8
8
8
7
5
5
5
4
4
4
4
4
4
4
3
3
3
3
3
2
2
2
1
1
1
0
-1
-2
-4
-5
-5
-7
-8
-8
-8
-8
-7
-7
-5
-4
-2
-1
0
0
0
0
1
0
1
1
0
0
0
1
0
-1
0
2
2
5
7
8
8
8
9
8
7
5
5
3
2
-1
-1
-3
-4
-6
-6
-6
-7
-6
-6
-4
-3
-3
-3
-3
-3
-4
-4
-6
-6
-7
-8
-9
-9
-7
-7
-5
-5
-3
-1
1
3
4
6
6
6
6
5
6
5
4
3
1
1
1
0
2
3
4
3
4
4
6
6
6
4
3
1
1
-1
-3
-4
-5
-5
-6
-6
-7
-6
-5
-4
-4
-2
-1
-1
-1
1
0
0
0
-1
0
-1
0
0
0
1
1
4
5
6
8
8
9
8
10
10
10
9
9
9
8
8
7
6
5
5
5
4
4
5
5
5
3
4
3
3
2
1
0
0
0
-1
0
1
0
1
0
0
1
1
2
1
1
1
1
1
1
2
2
4
3
3
4
5
6
5
5
5
5
5
4
4
4
2
3
2
1
0
0
0
-1
-1
-1
-1
-1
-1
0
-2
-2
-3
-4
-4
-4
-4
-6
-7
-7
-7
-7
-7
-7
-6
-6
-6
-5
-4
-3
-1
-2
-1
-2
-2
-3
-3
-3
-3
-3
-5
-5
-4
-4
-2
-2
-2
-1
0
3
2
3
5
5
4
4
3
2
2
0
0
-1
-2
-2
-2
-2
-2
-1
-1
-1
0
1
1
0
0
-1
-1
-1
-2
-4
-5
-6
-6
-6
-6
-6
-4
-3
-2
-2
1
3
4
5
7
6
7
7
6
5
7
5
4
3
3
2
2
2
2
3
6
7
7
8
8
8
8
7
8
7
5
3
2
1
1
0
-2
-1
-1
-2
0
-1
-1
2
2
2
3
3
2
1
-1
-2
-3
-5
-7
-9
-10
-11
-11
-11
-10
-8
-7
-5
-3
-2
-1
0
0
0
0
0
-1
-3
-3
-4
-5
-5
-7
-8
-6
-5
-5
-4
-4
-2
-2
-1
0
0
-1
-1
-2
-3
-5
-5
-7
-7
-8
-6
-5
-5
-3
-2
1
2
5
6
8
9
8
7
6
4
3
1
1
-1
-2
-2
-2
-3
-1
0
1
2
3
4
8
9
9
8
9
9
8
6
6
4
3
2
2
1
1
1
3
4
5
6
7
6
6
4
4
3
2
-1
-5
-6
-8
-9
-9
-8
-7
-8
-8
-6
-6
-2
-1
0
3
3
4
3
2
1
-1
-1
-3
-5
-6
-8
-7
-7
-7
-7
-6
-5
-4
-3
-2
-3
-3
-4
-3
-4
-6
-6
-7
-7
-7
-6
-6
-5
-3
-2
-1
2
4
4
5
5
6
6
6
5
5
3
3
2
1
0
-1
-1
-1
-1
0
2
4
5
5
6
8
8
7
8
7
6
6
4
3
3
2
2
2
1
2
2
2
2
2
0
0
-1
0
-2
-3
-3
-5
-6
-8
-9
-9
-9
-8
-9
-8
-9
-7
-6
-5
-5
-5
-6
-6
-6
-7
-7
-7
-7
-7
-8
-8
-8
-7
-6
-5
-6
-4
-4
-6
-6
-6
-7
-7
-6
-6
-6
-4
-3
-2
-1
-1
0
1
2
4
5
5
5
6
6
5
4
3
3
2
1
1
2
3
4
5
6
7
8
8
9
9
8
7
8
8
8
6
6
5
6
7
7
9
9
10
10
9
9
9
7
6
4
4
1
0
-2
-4
-5
-4
-4
-3
-2
-1
0
2
3
2
1
2
0
0
-1
-3
-4
-5
-5
-6
-7
-7
-7
-7
-6
-5
-3
-1
0
1
1
0
-1
-2
-2
-4
-6
-6
-6
-6
-6
-7
-6
-4
-3
-1
1
1
3
3
4
5
5
4
2
1
0
-2
-3
-3
-3
-4
-4
-4
-4
-2
-1
1
3
6
7
8
9
8
7
5
4
3
0
1
0
0
0
1
1
4
5
6
7
9
11
11
12
11
11
9
8
7
5
2
0
-1
-2
-3
-3
-1
-1
0
1
3
5
5
6
6
5
3
3
1
-2
-3
-4
-5
-4
-5
-4
-4
-5
-3
-4
-3
-3
-1
-1
-1
-2
-1
-2
-4
-3
-6
-6
-5
-5
-5
-4
-3
-3
-1
0
-1
-1
0
-1
-1
-2
-3
-3
-4
-3
-4
-4
-5
-4
-4
-3
-3
-1
-1
1
3
5
4
6
6
5
5
4
2
2
1
0
0
1
1
1
3
2
3
4
5
5
6
7
7
7
8
8
9
7
8
6
5
5
3
1
1
1
-1
-1
-1
-1
0
0
1
1
1
1
0
-2
-3
-3
-4
-5
-5
-5
-7
-9
-10
-9
-10
-10
-10
-8
-6
-5
-5
-4
-3
-2
-1
-1
-1
-2
-4
-3
-5
-4
-4
-4
-3
-3
-2
-2
-1
-1
-2
0
-1
-1
-1
0
0
-1
-1
-2
-1
-1
-1
-2
-2
-2
-1
-3
-2
-1
-1
-1
0
2
3
3
3
4
2
3
3
3
4
5
5
5
6
5
5
5
4
4
4
5
5
5
6
6
5
4
5
5
5
5
5
4
4
4
3
2
2
2
2
1
0
0
0
0
-1
-2
-3
-3
-4
-3
-3
-1
0
1
1
3
3
3
3
3
3
2
2
2
0
1
1
1
1
2
2
3
4
4
5
5
4
4
4
5
4
3
2
1
-1
-3
-3
-3
-4
-5
-3
-4
-4
-3
-2
-1
-1
0
1
0
-2
-2
-2
-2
-2
-3
-2
-2
-3
-2
-1
-2
-1
-2
0
0
0
1
1
1
1
0
0
-1
-2
-2
-3
-2
-2
-2
-1
-1
-1
0
0
1
0
0
1
0
0
-2
-3
-3
-5
-4
-3
-3
-2
-2
-1
0
1
2
4
3
3
4
4
3
3
0
0
0
-3
-2
-4
-4
-4
-3
-2
0
1
1
2
3
4
3
3
1
0
-1
-4
-5
-6
-7
-6
-6
-5
-3
-3
-2
-1
1
0
2
4
3
4
5
4
3
3
1
0
-1
0
-1
0
0
0
2
4
4
5
5
6
5
5
4
2
2
-1
-2
-5
-4
-4
-5
-4
-3
-3
-3
-2
-1
0
1
1
1
1
0
0
-2
-2
-4
-4
-3
-4
-3
-2
-2
-3
-1
-1
0
2
2
2
2
2
2
0
0
0
-2
-3
-2
-2
-3
-2
-1
-1
0
2
2
1
2
3
0
0
0
-1
-2
-3
-4
-3
-4
-4
-2
-1
-1
1
1
2
4
5
6
5
4
4
2
1
1
-1
-2
-2
-3
-3
-3
-2
-2
-1
1
1
1
3
3
3
3
2
0
-2
-2
-3
-3
-3
-4
-3
-3
-3
-1
-1
0
1
2
4
5
5
5
5
3
2
2
1
1
0
-2
-1
-1
0
0
1
3
4
4
6
5
5
4
4
3
2
1
0
-2
-1
0
-1
1
0
1
2
4
4
5
6
5
6
5
4
3
3
3
2
1
1
1
2
3
3
3
3
4
2
4
4
4
4
4
3
0
-2
-3
-4
-4
-4
-4
-4
-3
-2
-3
-1
0
-1
0
0
-1
-2
-2
-3
-6
-5
-5
-6
-6
-6
-6
-6
-6
-5
-5
-4
-3
-4
-2
-3
-3
-4
-4
-4
-5
-5
-7
-8
-8
-8
-9
-7
-6
-6
-5
-3
-2
-1
-1
-1
-2
-2
-2
-4
-4
-5
-6
-6
-5
-3
-3
-1
-1
-1
0
0
1
1
1
2
2
3
3
2
2
1
0
1
1
0
0
1
1
3
4
4
5
5
5
3
3
3
1
1
1
1
2
1
3
2
3
2
2
2
4
4
4
4
4
4
3
3
1
2
1
2
1
0
0
0
0
0
-1
0
1
1
1
2
1
0
0
-1
-1
-2
-2
-3
-5
-3
-4
-3
-1
-1
-1
0
0
-1
-3
-2
-3
-3
-4
-4
-2
-2
-3
-3
-3
-2
-3
-3
-3
-3
-4
-3
-1
0
1
2
1
0
0
-1
-1
-1
-2
-2
0
0
1
1
2
1
1
2
2
1
1
0
0
-1
-1
-1
-1
1
1
1
1
0
1
0
0
0
0
0
1
0
1
2
2
1
1
-1
0
-2
-1
-3
-3
-1
-1
0
0
0
0
1
1
-1
0
-2
-2
-3
-3
-1
-1
0
2
1
2
2
3
4
2
3
2
2
1
2
3
3
2
3
1
0
0
0
-1
-1
0
2
3
3
4
3
4
4
3
3
3
3
2
2
2
2
2
3
3
3
5
5
4
5
4
3
3
3
4
3
4
4
3
3
3
1
2
2
1
-2
-1
0
0
0
0
2
2
1
2
1
1
0
-2
-3
-4
-4
-4
-4
-4
-4
-3
-2
-3
-3
-3
-5
-5
-6
-6
-6
-5
-5
-4
-3
-3
-4
-5
-4
-4
-4
-4
-5
-3
-4
-3
-2
-1
-1
0
0
0
-1
-3
-2
-3
-3
-3
-1
-2
-1
-1
0
0
-1
1
-1
-2
-1
-1
-1
-1
-1
-2
0
0
0
0
0
1
-1
0
-1
0
0
1
2
2
2
3
4
3
2
2
1
0
-1
0
1
2
3
3
3
4
3
3
2
2
0
0
0
-1
-1
1
0
0
0
1
0
0
0
0
-1
-1
-1
1
1
1
1
1
0
2
1
1
1
-1
0
0
0
1
1
3
4
3
4
3
3
1
2
0
-1
-1
0
0
1
1
2
4
4
3
3
2
1
1
1
0
0
0
0
-1
0
-1
-2
-1
-2
-4
-4
-3
-4
-2
-2
-2
-1
-2
-2
-2
-2
-3
-3
-5
-6
-6
-6
-5
-4
-3
-3
-2
-2
-1
-1
0
0
0
-1
-1
0
1
1
-1
0
-1
-1
0
-1
0
0
0
0
0
0
1
2
3
3
2
3
2
2
1
0
-1
0
0
0
1
1
1
1
2
3
3
2
2
2
0
1
0
1
2
2
2
2
1
1
1
1
2
2
2
2
2
1
2
3
2
2
2
1
0
0
0
0
0
1
1
-1
1
1
2
2
2
0
-1
-1
-1
-1
0
-1
-1
0
-1
-1
0
0
0
0
-1
1
1
2
2
2
2
3
2
3
3
2
2
2
1
1
2
1
2
2
3
2
3
3
3
2
2
0
1
0
-1
0
0
0
0
0
2
0
0
-1
0
-1
0
0
-1
0
-1
0
-2
-2
-1
-2
-1
-2
-3
-3
-3
-2
-2
-2
-3
-2
-2
-1
-2
-1
-2
-2
-2
-3
-2
-3
-2
-2
-1
-1
-1
-2
-1
-2
-2
-2
-2
-2
-3
-4
-3
-4
-4
-4
-4
-6
-5
-5
-5
-5
-4
-4
-4
-4
-3
-2
-1
-1
-2
-1
-2
1
-1
0
1
0
2
1
2
1
2
4
3
3
4
3
3
3
2
2
1
1
1
1
2
2
3
3
3
3
3
2
2
2
1
1
1
1
1
1
0
1
1
1
0
0
1
2
3
3
3
2
2
3
2
1
1
-2
0
-2
-1
-1
0
-1
1
1
2
3
3
3
4
4
3
4
4
4
3
2
1
0
2
2
1
-1
0
-1
1
0
1
2
2
3
2
1
2
2
0
0
-1
-3
-1
-3
-3
-3
-3
-3
-3
-1
-2
-1
-2
-1
0
-2
-1
-1
-2
-2
-3
-4
-5
-4
-3
-4
-3
-2
-2
-1
1
1
0
2
3
3
3
3
3
3
4
2
1
-1
-1
-1
-1
-1
-1
0
1
1
1
1
2
1
0
-2
-1
-2
-3
-4
-5
-3
-5
-2
-5
-5
-3
-3
-2
-2
-2
0
-1
-1
0
-1
-1
-1
-1
0
-2
-1
-3
-5
-4
-4
-3
-2
-1
0
1
2
2
2
2
3
2
1
1
-1
-1
-1
0
-2
-2
-1
0
0
0
1
2
2
3
4
3
5
4
5
3
2
2
0
0
0
-1
0
1
1
2
1
2
1
1
3
2
1
1
0
1
0
0
0
-2
-1
-2
-3
-3
-2
-1
0
0
1
0
2
3
2
2
2
2
0
-2
-2
-2
-1
0
-1
-2
0
-1
0
0
0
1
0
1
2
0
1
-1
0
-1
-2
-4
-5
-5
-6
-6
-5
-7
-6
-5
-4
-2
-1
1
2
3
1
1
0
0
0
0
-1
-3
-3
-2
-3
-3
-3
-1
0
0
0
0
1
3
3
3
2
1
1
0
-1
-2
-4
-3
-5
-6
-6
-5
-3
-1
0
1
1
3
3
3
5
4
4
3
2
1
0
0
-2
-1
-2
-2
-2
-2
-1
1
2
3
2
4
5
4
2
1
0
-1
-3
-5
-5
-5
-4
-3
-2
-1
0
0
3
6
5
6
6
7
7
6
6
5
4
3
1
1
-1
-1
0
0
2
4
5
7
7
7
7
8
6
5
3
1
-1
-1
-1
-2
-3
-3
-3
-3
-3
-2
-1
1
3
5
6
7
7
7
7
4
2
1
-1
-4
-5
-8
-8
-6
-6
-4
-1
-1
0
2
2
2
2
1
0
0
0
-3
-3
-4
-5
-6
-7
-6
-5
-5
-5
-4
-2
1
2
5
5
7
7
9
8
4
3
0
-3
-4
-5
-6
-7
-7
-6
-4
-4
-3
-2
0
1
2
2
1
2
1
0
-2
-3
-4
-5
-6
-7
-7
-6
-5
-4
-3
0
3
5
6
7
6
6
5
4
4
2
0
-2
-3
-5
-6
-7
-7
-6
-4
-4
-2
0
0
4
4
6
6
7
7
4
1
0
-2
-2
-2
-2
-1
0
2
3
4
7
9
10
10
11
12
11
9
7
6
4
2
1
-2
-2
-4
-5
-6
-4
-3
-3
-1
1
3
6
6
5
6
6
5
3
1
0
-1
-2
-4
-3
-3
-3
-2
-1
0
2
3
3
3
4
2
1
1
-1
-2
-4
-5
-7
-7
-8
-9
-9
-8
-8
-5
-6
-5
-4
-1
0
0
1
1
1
1
1
2
1
0
-2
-1
-1
-2
-1
0
1
1
1
1
2
3
3
2
2
1
-1
-2
-3
-6
-7
-7
-9
-9
-9
-6
-7
-5
-5
-4
-3
-3
-2
-2
-2
-2
-2
-2
-2
-1
0
1
1
2
2
1
2
2
2
2
2
2
2
3
1
1
0
-1
-1
