0
-2
-1
-1
0
-2
-2
-2
-1
-5
-4
-3
-4
-4
-3
0
-3
-1
-3
-1
-5
-3
-2
-1
-2
-1
-1
-1
1
0
2
1
2
2
4
4
7
4
5
3
5
4
4
3
4
3
2
2
3
2
1
4
1
3
0
3
-1
1
-1
1
-3
-3
-3
-3
-3
-3
-1
-2
0
-1
0
-2
-1
-2
-1
-2
1
-1
2
2
4
2
4
4
5
4
4
5
3
4
2
4
1
3
1
3
2
2
2
2
1
-1
1
-1
0
-2
-1
-3
-2
-2
-3
-4
-4
-5
-6
-5
-6
-4
-3
-4
-4
-4
-4
-3
-3
-2
-3
-1
-1
0
-1
0
0
2
3
4
5
3
3
3
3
1
3
3
4
2
3
2
2
1
1
1
0
-1
-2
-2
-3
-2
-3
-2
-3
-2
-2
-2
-5
-5
-5
-5
-7
-5
-5
-6
-4
-4
-3
-3
-3
-1
2
-1
1
1
1
-1
0
2
2
1
2
5
4
4
4
6
5
6
7
7
6
6
7
6
5
6
8
5
5
5
6
4
5
6
8
5
6
5
6
4
6
6
6
4
5
4
3
5
4
5
3
3
2
3
3
2
4
4
6
8
6
6
6
6
6
7
8
7
7
5
6
7
7
5
5
4
5
5
5
4
4
3
2
0
0
-1
-4
-4
-4
-5
-7
-6
-9
-10
-9
-9
-9
-11
-11
-12
-12
-12
-13
-13
-13
-13
-13
-13
-14
-15
-13
-14
-11
-11
-10
-10
-9
-9
-8
-7
-7
-7
-7
-7
-7
-6
-6
-7
-7
-7
-7
-7
-8
-6
-7
-7
-8
-8
-9
-10
-11
-10
-10
-11
-11
-11
-10
-11
-11
-11
-10
-11
-11
-11
-9
-9
-7
-7
-6
-6
-6
-5
-3
-4
-3
-1
-1
-1
0
2
0
3
6
7
6
9
10
10
9
11
11
10
10
10
10
8
9
10
11
10
10
8
9
6
7
7
8
6
6
6
7
5
5
5
4
4
4
2
1
3
2
3
3
3
4
4
4
5
6
8
8
8
8
8
7
8
7
7
7
7
8
7
7
7
8
7
8
7
7
5
5
4
4
3
3
2
1
-1
0
1
-1
-2
-1
-2
-3
-2
-1
-2
-4
-3
-3
-4
-3
-3
-4
-3
-4
-3
-4
-3
-3
-3
-3
-2
-2
0
0
0
2
2
1
1
2
1
2
2
3
3
1
3
2
1
2
3
3
3
3
2
1
2
2
2
0
0
0
-1
1
0
1
2
2
1
0
1
1
1
2
0
2
1
0
0
1
1
1
1
3
0
0
0
1
2
3
2
2
1
1
1
2
3
1
3
1
2
1
1
0
2
1
2
2
2
1
2
2
1
0
1
1
-2
1
1
2
1
3
2
2
1
2
2
2
2
3
2
2
1
1
1
-1
0
0
1
1
0
0
0
0
0
0
-1
0
0
-1
-2
-1
-2
-2
-2
-2
-3
-3
-4
-2
-4
-3
-4
-3
-3
-4
-4
-2
-4
-5
-3
-4
-4
-4
-3
-4
-3
-3
-2
-3
-3
-3
-3
-2
-2
-3
-2
-4
-4
-4
-4
-4
-6
-4
-5
-6
-5
-6
-7
-7
-7
-7
-7
-8
-10
-9
-9
-10
-9
-10
-10
-11
-9
-9
-9
-9
-7
-7
-8
-7
-7
-6
-6
-6
-6
-5
-4
-4
-3
-2
-2
0
0
0
-1
-1
0
0
0
0
0
0
0
-1
-1
0
1
0
-1
1
2
1
1
0
0
2
1
2
2
3
3
3
3
3
3
4
5
4
4
5
6
5
6
6
6
6
6
4
6
7
7
8
8
8
11
12
11
11
12
13
13
13
12
13
14
15
14
13
13
14
13
12
11
10
12
11
10
10
9
8
8
6
4
4
4
4
1
2
1
2
0
0
-1
-2
-3
-2
-3
-2
-2
-3
-3
-5
-6
-7
-6
-5
-4
-4
-4
-5
-5
-5
-3
-2
-2
-1
0
2
3
3
3
5
5
6
6
6
8
7
8
7
6
8
7
9
7
6
6
8
7
6
7
7
5
4
5
5
5
6
5
3
3
4
2
2
2
0
0
0
-3
-3
-3
-3
-5
-4
-5
-6
-6
-7
-8
-8
-7
-7
-7
-8
-7
-7
-6
-7
-7
-8
-7
-6
-5
-6
-5
-5
-5
-6
-7
-6
-7
-8
-6
-7
-7
-8
-8
-9
-7
-7
-8
-8
-9
-9
-9
-9
-8
-9
-7
-5
-5
-6
-7
-5
-5
-5
-5
-5
-5
-4
-5
-4
-5
-4
-4
-4
-5
-5
-5
-5
-4
-5
-4
-4
-6
-6
-6
-6
-5
-4
-3
-5
-6
-6
-6
-7
-8
-9
-9
-9
-9
-9
-11
-12
-11
-12
-12
-12
-12
-11
-11
-10
-10
-9
-8
-7
-7
-5
-4
-2
-2
0
0
1
2
3
5
6
7
8
7
7
8
9
10
9
10
10
12
13
12
12
11
11
14
13
12
13
13
13
12
13
10
11
12
9
8
7
6
5
5
3
1
1
0
-1
-1
-1
-2
-3
-2
-2
-3
-2
-2
-2
0
1
2
2
1
2
3
4
4
4
6
8
8
9
9
12
13
14
14
14
16
17
17
18
19
20
21
21
20
20
22
22
22
20
22
21
21
20
19
18
18
16
16
15
15
14
11
11
8
7
7
5
5
3
3
1
1
1
-1
-1
-1
-2
-2
-2
-3
-3
-3
-3
-2
-1
-1
-1
-1
-1
-2
-1
1
1
3
2
3
4
4
5
7
7
8
8
8
8
10
10
9
9
10
10
10
11
11
9
11
10
10
9
8
8
7
7
6
6
5
4
2
2
2
1
0
-2
-3
-4
-4
-5
-6
-6
-8
-10
-10
-11
-12
-11
-12
-14
-15
-15
-15
-16
-16
-16
-16
-15
-15
-15
-15
-14
-12
-12
-12
-12
-10
-10
-9
-9
-8
-5
-4
-4
-2
-2
-1
0
0
0
1
2
1
1
1
1
2
1
0
1
1
3
2
2
3
4
4
3
4
3
3
5
5
5
6
7
6
5
5
4
5
5
4
3
5
4
2
2
2
2
1
2
1
1
1
1
-1
-2
-2
-2
-5
-6
-7
-7
-7
-8
-8
-8
-8
-7
-7
-6
-5
-3
-2
-1
1
3
5
6
7
7
8
11
12
13
14
16
16
19
21
22
24
24
26
26
27
28
26
25
26
24
23
21
21
19
19
17
16
14
13
11
10
8
7
4
3
1
-1
-1
-5
-7
-8
-9
-10
-8
-9
-8
-5
-1
0
2
5
7
11
13
14
18
19
20
19
21
22
23
25
25
26
27
28
28
31
32
34
34
34
35
34
35
33
32
30
27
24
22
18
16
12
11
8
7
7
6
5
7
8
9
10
13
14
15
16
17
18
18
20
20
21
21
21
21
21
22
21
22
22
21
19
20
19
16
14
11
8
6
4
4
2
0
1
1
0
1
4
6
7
10
12
11
14
16
18
19
20
19
18
18
19
17
15
15
14
12
12
12
11
9
8
7
6
4
2
3
1
1
0
-1
-2
-1
-1
-2
-1
-1
-1
0
1
2
2
3
5
4
4
2
2
0
-3
-5
-8
-11
-13
-15
-18
-18
-17
-17
-17
-15
-13
-12
-11
-8
-4
0
3
6
10
13
15
18
18
15
14
10
5
4
3
-3
-6
-4
-7
-11
-11
-11
-14
-15
-16
-18
-20
-20
-23
-24
-24
-23
-26
-28
-28
-28
-32
-35
-36
-34
-36
-39
-39
-39
-40
-45
-49
-56
-56
-53
-57
-60
-57
-57
-58
-55
-47
-44
-40
-33
-31
-23
-19
-16
-13
-12
-9
-12
-16
-17
-22
-30
-35
-38
-42
-46
-42
-40
-39
-37
-34
-31
-26
-22
-22
-23
-18
-14
-16
-14
-7
1
5
13
35
59
76
100
125
149
170
185
187
190
204
193
164
144
127
93
58
29
-2
-32
-51
-78
-103
-118
-127
-148
-165
-173
-189
-207
-218
-224
-240
-254
-249
-226
-208
-188
-157
-117
-72
-24
11
41
79
121
131
130
142
145
133
119
104
81
61
55
38
12
2
-4
-13
-20
-25
-38
-54
-53
-62
-87
-107
-115
-132
-151
-161
-171
-184
-182
-180
-187
-190
-177
-165
-154
-133
-110
-83
-47
-9
22
50
89
126
158
181
205
231
251
262
273
280
287
292
293
286
283
281
263
243
232
216
187
157
124
82
40
2
-43
-86
-126
-158
-187
-207
-220
-236
-243
-242
-239
-238
-236
-227
-217
-216
-210
-203
-194
-183
-169
-157
-142
-124
-99
-80
-61
-35
-14
4
20
33
39
43
42
37
20
5
-5
-18
-34
-48
-60
-72
-82
-89
-98
-98
-90
-89
-86
-71
-55
-39
-22
2
34
64
102
142
186
231
277
327
376
422
465
501
531
562
578
581
578
573
555
532
506
471
432
384
335
281
237
190
129
62
-1
-67
-138
-214
-296
-380
-460
-534
-614
-685
-749
-801
-848
-883
-906
-921
-921
-913
-897
-878
-853
-828
-805
-772
-736
-708
-684
-653
-608
-561
-512
-453
-362
-245
-137
-37
84
243
406
524
621
722
836
930
978
1006
1028
1044
1034
1011
975
942
910
871
826
780
733
689
669
653
582
503
461
433
399
315
214
146
136
105
14
-43
-50
-55
-84
-121
-142
-145
-132
-165
-228
-267
-296
-340
-409
-485
-567
-647
-698
-770
-865
-938
-973
-997
-1030
-1068
-1112
-1120
-1108
-1115
-1148
-1163
-1142
-1120
-1091
-1053
-990
-895
-786
-656
-507
-334
-160
14
205
391
562
718
884
1047
1173
1275
1356
1438
1516
1559
1584
1594
1605
1583
1524
1475
1418
1332
1219
1093
968
826
677
517
352
212
81
-29
-133
-235
-324
-384
-406
-420
-452
-477
-462
-414
-395
-397
-376
-335
-301
-282
-269
-265
-256
-252
-282
-317
-325
-343
-377
-400
-431
-484
-519
-527
-542
-589
-630
-661
-690
-718
-784
-854
-903
-938
-1014
-1101
-1145
-1177
-1206
-1216
-1179
-1107
-1001
-867
-723
-539
-332
-125
86
315
545
729
892
1069
1237
1376
1487
1582
1674
1767
1829
1860
1885
1902
1874
1817
1773
1694
1562
1405
1237
1042
832
621
400
211
26
-190
-370
-486
-571
-682
-776
-810
-838
-833
-824
-832
-807
-749
-675
-633
-573
-500
-459
-394
-316
-263
-235
-175
-126
-118
-108
-94
-97
-97
-110
-166
-233
-263
-313
-420
-514
-598
-710
-819
-907
-1018
-1128
-1208
-1285
-1356
-1382
-1365
-1327
-1250
-1140
-1046
-905
-682
-453
-249
-53
188
431
666
890
1071
1264
1460
1631
1746
1854
1962
2028
2081
2104
2090
2047
2002
1942
1813
1659
1501
1323
1141
928
694
472
273
74
-137
-304
-423
-560
-693
-797
-845
-864
-882
-920
-920
-841
-755
-698
-646
-555
-447
-339
-250
-191
-114
-34
4
23
28
26
17
1
-42
-127
-201
-257
-319
-401
-494
-592
-671
-738
-850
-994
-1106
-1197
-1308
-1436
-1547
-1634
-1700
-1722
-1756
-1751
-1663
-1518
-1344
-1170
-937
-691
-399
-68
217
470
730
1023
1280
1485
1670
1825
1989
2125
2220
2280
2342
2400
2378
2320
2255
2173
2051
1886
1684
1448
1203
967
716
443
169
-61
-279
-467
-620
-775
-882
-966
-1013
-1060
-1078
-1056
-1058
-1027
-949
-864
-785
-705
-589
-475
-344
-207
-102
16
144
241
279
327
357
338
313
262
191
88
3
-92
-216
-308
-423
-562
-675
-785
-916
-1072
-1197
-1322
-1471
-1599
-1727
-1843
-1943
-2014
-2082
-2114
-2042
-1938
-1782
-1580
-1331
-1019
-699
-324
28
371
735
1049
1357
1628
1867
2080
2251
2410
2510
2579
2627
2646
2618
2542
2453
2339
2225
2058
1842
1632
1397
1158
891
625
369
115
-120
-360
-564
-727
-863
-996
-1125
-1210
-1253
-1249
-1249
-1248
-1184
-1086
-957
-858
-740
-576
-432
-277
-160
-30
107
215
306
353
381
391
377
356
305
223
131
58
-16
-98
-194
-308
-392
-500
-634
-790
-973
-1130
-1312
-1515
-1708
-1903
-2046
-2180
-2304
-2388
-2427
-2356
-2219
-2049
-1810
-1531
-1194
-818
-436
-50
329
691
1013
1292
1577
1834
2012
2175
2334
2462
2551
2620
2676
2715
2714
2654
2560
2468
2352
2158
1907
1658
1368
1039
705
381
60
-267
-540
-788
-983
-1116
-1262
-1364
-1392
-1381
-1372
-1348
-1266
-1181
-1083
-969
-864
-719
-553
-392
-261
-106
82
228
363
485
587
673
738
772
750
709
657
575
482
377
256
136
24
-109
-281
-437
-600
-796
-1006
-1225
-1441
-1648
-1852
-2053
-2235
-2372
-2476
-2540
-2550
-2527
-2436
-2265
-2040
-1751
-1430
-1077
-693
-313
102
503
867
1202
1494
1790
2057
2262
2427
2583
2729
2802
2821
2846
2875
2854
2751
2598
2440
2275
2050
1770
1466
1146
802
449
143
-120
-391
-651
-866
-1037
-1155
-1276
-1367
-1401
-1409
-1397
-1359
-1271
-1141
-1017
-885
-698
-491
-272
-77
92
287
465
605
717
813
887
918
914
873
799
731
642
512
373
231
101
-26
-160
-315
-492
-669
-827
-1022
-1259
-1478
-1716
-1941
-2156
-2379
-2561
-2699
-2783
-2857
-2884
-2833
-2717
-2541
-2311
-1980
-1628
-1271
-853
-453
9
438
811
1186
1518
1889
2163
2349
2550
2716
2866
2935
2967
2981
2986
2974
2869
2736
2593
2428
2199
1919
1634
1293
962
640
329
34
-290
-538
-749
-917
-1041
-1186
-1248
-1247
-1218
-1208
-1172
-1052
-906
-757
-637
-489
-323
-135
46
161
275
405
514
590
623
648
653
636
600
513
418
336
264
155
28
-75
-192
-277
-383
-516
-680
-855
-997
-1212
-1430
-1644
-1847
-2021
-2190
-2326
-2455
-2520
-2536
-2547
-2512
-2416
-2245
-2030
-1792
-1449
-1151
-818
-466
-122
314
679
1013
1292
1581
1929
2153
2310
2478
2653
2796
2830
2850
2868
2897
2864
2708
2536
2355
2173
1909
1621
1330
998
664
341
95
-143
-408
-597
-723
-785
-809
-896
-936
-932
-859
-813
-815
-767
-683
-622
-591
-530
-468
-364
-244
-197
-148
-59
42
126
141
195
196
182
184
111
33
-41
-74
-152
-244
-302
-388
-460
-526
-611
-733
-854
-951
-1115
-1268
-1434
-1603
-1740
-1874
-1968
-2103
-2190
-2201
-2206
-2154
-2045
-1889
-1672
-1358
-1071
-792
-477
-97
338
674
976
1265
1543
1837
2007
2112
2258
2401
2524
2539
2542
2575
2592
2574
2463
2326
2200
2073
1890
1649
1371
1071
820
576
330
81
-155
-301
-428
-528
-620
-701
-711
-729
-749
-768
-746
-693
-654
-617
-603
-555
-474
-387
-327
-308
-235
-157
-99
-57
-54
-27
2
18
-6
-46
-64
-80
-100
-127
-157
-207
-235
-273
-352
-434
-538
-658
-805
-972
-1145
-1334
-1504
-1652
-1807
-1921
-1994
-2049
-2084
-2086
-2034
-1940
-1793
-1653
-1410
-1160
-902
-637
-387
-16
300
581
836
1069
1375
1595
1744
1916
2078
2253
2339
2401
2457
2500
2514
2440
2348
2234
2115
1937
1726
1514
1237
992
788
609
405
198
76
-34
-112
-202
-328
-408
-471
-527
-614
-687
-712
-753
-769
-775
-797
-774
-680
-575
-530
-457
-353
-253
-144
-88
-47
-13
24
27
-27
-52
-65
-101
-139
-170
-210
-236
-239
-247
-305
-379
-458
-581
-691
-856
-1040
-1227
-1396
-1534
-1700
-1842
-1929
-2031
-2068
-2062
-2017
-1905
-1796
-1535
-1325
-1093
-833
-567
-179
110
389
638
896
1230
1414
1563
1736
1917
2090
2153
2236
2296
2388
2435
2377
2324
2241
2188
2066
1903
1731
1486
1292
1086
896
696
484
327
146
17
-142
-303
-415
-541
-630
-744
-815
-878
-914
-892
-921
-908
-871
-765
-661
-607
-508
-422
-304
-203
-145
-80
-31
22
29
25
27
-1
7
-34
-66
-78
-98
-106
-144
-194
-267
-377
-498
-630
-804
-972
-1153
-1354
-1527
-1672
-1818
-1920
-2037
-2120
-2141
-2106
-1993
-1912
-1677
-1460
-1231
-980
-722
-348
-61
225
485
730
1060
1251
1401
1581
1771
1945
2011
2123
2206
2314
2379
2355
2333
2272
2233
2110
1944
1780
1554
1352
1148
953
749
542
390
217
84
-57
-187
-284
-410
-481
-564
-617
-654
-680
-658
-651
-622
-573
-483
-382
-328
-248
-174
-84
-12
7
65
83
92
61
32
30
-11
-24
-58
-61
-85
-97
-106
-171
-199
-302
-434
-569
-755
-927
-1150
-1382
-1580
-1802
-1977
-2121
-2275
-2406
-2475
-2492
-2407
-2325
-2215
-1963
-1765
-1481
-1234
-963
-568
-293
11
283
561
908
1113
1322
1540
1749
1952
2065
2212
2339
2473
2536
2527
2525
2498
2443
2318
2185
2018
1797
1596
1404
1239
1054
869
724
551
435
310
167
32
-101
-188
-299
-413
-518
-586
-629
-664
-685
-709
-650
-602
-576
-511
-463
-390
-324
-276
-224
-208
-179
-166
-156
-153
-165
-188
-212
-187
-202
-235
-265
-339
-396
-488
-616
-758
-931
-1089
-1272
-1494
-1671
-1865
-2034
-2161
-2316
-2448
-2531
-2545
-2466
-2401
-2233
-2030
-1829
-1492
-1211
-848
-486
-150
204
499
848
1160
1383
1623
1858
2089
2260
2405
2551
2684
2810
2835
2854
2854
2847
2776
2624
2496
2288
2081
1882
1656
1447
1212
1008
823
618
441
221
41
-128
-305
-479
-633
-744
-862
-917
-973
-1004
-1006
-975
-890
-842
-769
-669
-588
-476
-395
-334
-267
-208
-172
-154
-130
-123
-111
-114
-87
-90
-131
-129
-180
-251
-331
-486
-629
-813
-1001
-1227
-1495
-1653
-1913
-2084
-2255
-2423
-2487
-2602
-2540
-2480
-2377
-2115
-1947
-1693
-1414
-1145
-750
-439
-85
175
468
846
1100
1324
1540
1813
2046
2225
2398
2541
2735
2858
2906
2929
2926
2929
2792
2662
2462
2202
1989
1720
1512
1222
972
779
542
378
181
6
-142
-310
-464
-624
-723
-850
-942
-996
-1052
-1036
-1045
-967
-866
-786
-651
-550
-387
-256
-166
-36
55
132
149
165
181
161
153
101
66
15
-20
-55
-124
-181
-297
-432
-606
-824
-1010
-1280
-1525
-1764
-2033
-2234
-2448
-2604
-2735
-2838
-2822
-2741
-2597
-2364
-2131
-1861
-1557
-1243
-880
-527
-179
108
384
699
978
1204
1439
1689
1906
2079
2229
2403
2586
2725
2815
2835
2875
2884
2785
2679
2499
2272
2064
1793
1558
1268
980
755
502
312
94
-99
-244
-404
-529
-646
-723
-762
-802
-822
-837
-798
-754
-702
-648
-605
-529
-450
-331
-247
-198
-113
-33
52
96
126
171
187
221
218
184
172
138
82
0
-117
-273
-455
-652
-867
-1110
-1389
-1605
-1836
-2056
-2247
-2463
-2592
-2694
-2733
-2683
-2622
-2416
-2204
-1971
-1654
-1386
-1030
-709
-399
-83
174
492
748
956
1193
1429
1670
1841
2021
2206
2394
2570
2656
2735
2747
2755
2708
2572
2422
2199
1973
1715
1448
1203
930
705
482
275
117
-31
-140
-263
-362
-430
-505
-564
-594
-609
-636
-630
-596
-560
-495
-455
-391
-309
-226
-113
-37
70
162
209
269
303
327
326
323
303
270
244
214
149
55
-52
-212
-409
-611
-835
-1093
-1372
-1649
-1895
-2137
-2350
-2549
-2753
-2892
-2977
-2955
-2891
-2746
-2519
-2306
-1985
-1669
-1295
-898
-582
-219
82
406
711
901
1128
1344
1547
1727
1867
2042
2208
2371
2463
2520
2596
2644
2645
2530
2403
2224
2014
1821
1541
1297
1023
798
617
394
243
50
-58
-114
-243
-307
-344
-383
-404
-407
-370
-353
-307
-246
-186
-139
-81
-1
48
129
168
192
263
283
295
281
288
296
242
249
211
171
155
89
21
-108
-241
-414
-651
-894
-1166
-1476
-1788
-2081
-2357
-2619
-2825
-3004
-3152
-3245
-3259
-3125
-2956
-2673
-2399
-2103
-1698
-1322
-873
-509
-201
127
391
691
892
1015
1223
1406
1580
1699
1831
2010
2168
2302
2364
2422
2455
2484
2458
2342
2208
2035
1833
1639
1413
1152
881
665
473
296
144
-4
-100
-182
-201
-215
-225
-169
-120
-81
-15
64
136
203
262
266
278
309
319
311
284
281
271
248
245
207
188
178
151
105
50
7
-73
-177
-282
-435
-623
-837
-1080
-1309
-1585
-1871
-2132
-2386
-2578
-2778
-2960
-3065
-3139
-3105
-2977
-2805
-2529
-2211
-1889
-1496
-1112
-703
-337
-32
295
531
744
948
1055
1195
1337
1462
1590
1679
1830
1988
2105
2191
2238
2274
2328
2304
2191
2058
1885
1673
1448
1202
975
763
551
361
184
88
27
-40
-85
-107
-88
-40
10
51
89
124
188
251
320
378
397
417
437
439
442
438
424
392
311
247
178
87
7
-103
-206
-274
-335
-392
-499
-590
-685
-804
-939
-1137
-1330
-1533
-1761
-2006
-2260
-2476
-2652
-2838
-2971
-3067
-3121
-3018
-2851
-2641
-2307
-1989
-1582
-1146
-743
-270
58
375
684
893
1119
1239
1292
1407
1499
1578
1605
1648
1761
1873
1962
1999
2039
2075
2112
2067
1958
1814
1611
1430
1206
974
737
488
340
190
58
-5
-75
-48
-25
-6
60
130
219
304
390
481
579
674
763
829
830
830
816
794
776
680
591
513
396
266
125
23
-89
-196
-292
-399
-449
-517
-592
-661
-766
-844
-964
-1138
-1306
-1511
-1716
-1929
-2163
-2351
-2530
-2674
-2757
-2809
-2803
-2716
-2519
-2280
-1960
-1604
-1236
-825
-462
-100
252
529
780
933
1092
1230
1252
1310
1364
1420
1456
1488
1566
1643
1736
1782
1779
1796
1793
1744
1618
1459
1280
1047
832
612
418
215
44
-79
-186
-201
-221
-197
-125
-60
45
144
244
356
449
559
665
743
799
863
892
890
885
832
800
741
630
518
387
282
169
17
-103
-219
-334
-448
-537
-618
-732
-829
-931
-1034
-1169
-1343
-1513
-1692
-1880
-2086
-2288
-2441
-2568
-2668
-2770
-2821
-2803
-2718
-2492
-2261
-1938
-1555
-1209
-780
-407
-19
359
640
939
1115
1236
1369
1407
1468
1497
1525
1541
1543
1593
1646
1697
1710
1710
1697
1662
1576
1410
1247
1037
802
606
376
212
30
-97
-138
-203
-165
-155
-113
4
99
222
331
436
549
642
752
838
921
984
1063
1113
1132
1170
1137
1123
1073
958
861
720
587
425
223
74
-111
-266
-382
-514
-620
-748
-843
-923
-1032
-1148
-1304
-1458
-1597
-1778
-1983
-2188
-2369
-2531
-2687
-2791
-2833
-2830
-2754
-2552
-2298
-1962
-1576
-1186
-732
-339
47
409
696
974
1129
1229
1335
1339
1340
1338
1346
1364
1357
1390
1451
1511
1547
1550
1544
1526
1439
1281
1101
908
682
446
250
60
-128
-268
-352
-392
-380
-355
-284
-159
-8
134
248
395
551
669
779
884
972
1031
1083
1115
1117
1114
1073
1029
972
886
784
689
586
445
288
150
26
-119
-269
-406
-561
-699
-809
-954
-1072
-1220
-1405
-1569
-1743
-1898
-2076
-2245
-2369
-2470
-2559
-2612
-2618
-2555
-2437
-2247
-2011
-1680
-1310
-994
-616
-270
82
414
660
898
1056
1178
1308
1327
1359
1401
1425
1462
1469
1505
1536
1595
1616
1594
1555
1490
1388
1223
1038
804
579
382
178
3
-180
-275
-294
-315
-255
-231
-143
-9
79
209
315
415
523
598
681
737
800
869
931
987
1010
1048
1065
1073
1056
975
906
810
687
536
343
177
-3
-175
-347
-496
-622
-772
-878
-1006
-1129
-1248
-1407
-1540
-1671
-1815
-1964
-2120
-2243
-2352
-2440
-2486
-2507
-2500
-2457
-2279
-2080
-1798
-1431
-1151
-785
-443
-87
290
521
796
984
1102
1247
1246
1259
1277
1279
1283
1224
1242
1282
1339
1375
1354
1349
1325
1277
1166
998
809
573
393
182
-35
-219
-355
-348
-396
-372
-316
-249
-66
55
164
296
448
603
688
765
831
893
950
1011
1042
1026
1061
1063
1063
1050
964
933
876
779
642
469
367
214
32
-141
-321
-434
-563
-709
-846
-982
-1105
-1257
-1422
-1558
-1695
-1816
-1941
-2088
-2215
-2288
-2351
-2389
-2414
-2423
-2380
-2224
-2036
-1806
-1512
-1224
-886
-611
-303
32
288
533
676
795
962
1022
1071
1112
1182
1266
1281
1346
1419
1501
1556
1541
1535
1522
1447
1307
1138
941
720
501
310
182
17
-117
-175
-205
-150
-146
-104
0
87
194
261
351
473
549
622
691
745
782
838
886
913
941
944
960
960
922
866
814
777
679
547
437
329
215
43
-105
-202
-332
-470
-630
-793
-926
-1096
-1292
-1461
-1630
-1802
-2004
-2193
-2300
-2406
-2513
-2574
-2613
-2624
-2543
-2405
-2209
-1932
-1685
-1423
-1122
-838
-528
-266
-17
219
384
589
755
874
1010
1139
1297
1401
1489
1606
1700
1801
1821
1770
1751
1702
1613
1436
1223
990
757
563
345
169
22
-48
-116
-160
-124
-113
-36
34
65
115
166
276
347
365
422
459
542
635
711
782
848
939
1017
1084
1114
1119
1129
1091
1003
872
757
633
455
277
107
-16
-133
-270
-416
-572
-711
-840
-1015
-1231
-1445
-1639
-1846
-2079
-2283
-2439
-2556
-2659
-2740
-2796
-2800
-2668
-2487
-2276
-1997
-1753
-1424
-1105
-787
-437
-171
114
361
583
802
903
1033
1200
1349
1475
1516
1615
1749
1857
1916
1879
1865
1844
1758
1604
1403
1193
936
682
407
157
-28
-165
-252
-337
-369
-364
-320
-250
-222
-198
-121
-8
69
120
200
279
368
456
561
671
750
858
957
1038
1110
1142
1185
1180
1134
1046
946
847
703
529
351
230
111
-22
-199
-407
-517
-662
-854
-1086
-1360
-1545
-1759
-1996
-2223
-2423
-2531
-2647
-2742
-2801
-2853
-2810
-2658
-2480
-2236
-1984
-1708
-1363
-1053
-721
-423
-149
146
381
602
799
940
1129
1314
1464
1589
1676
1816
1977
2090
2113
2071
2051
2019
1913
1728
1508
1266
1002
734
437
187
55
-101
-222
-310
-342
-268
-254
-212
-188
-154
2
61
90
166
215
294
352
434
533
623
755
877
969
1052
1136
1204
1255
1235
1152
1102
1037
910
742
539
373
222
58
-102
-338
-507
-633
-804
-980
-1244
-1445
-1591
-1811
-2034
-2283
-2446
-2554
-2685
-2814
-2932
-2988
-2887
-2729
-2590
-2342
-2093
-1788
-1469
-1167
-810
-506
-207
109
340
589
784
965
1210
1399
1564
1676
1811
1991
2117
2168
2156
2142
2148
2070
1919
1738
1530
1300
1052
788
534
321
109
-24
-108
-185
-232
-267
-237
-188
-177
-121
-54
-2
87
154
214
302
391
491
597
701
809
905
1020
1129
1162
1183
1198
1190
1164
1059
951
827
673
513
338
211
75
-98
-267
-442
-614
-822
-1060
-1310
-1549
-1773
-2043
-2284
-2491
-2667
-2819
-2944
-3025
-3071
-3064
-2951
-2807
-2545
-2255
-2040
-1709
-1416
-1049
-718
-450
-118
127
404
689
866
1097
1325
1548
1726
1845
2031
2198
2353
2407
2378
2359
2329
2247
2078
1828
1542
1258
972
679
383
135
-23
-116
-207
-268
-289
-241
-143
-101
-68
5
100
181
206
220
255
328
420
514
593
673
800
935
1069
1140
1179
1271
1307
1283
1187
1076
984
817
623
407
207
48
-117
-313
-550
-724
-875
-1071
-1288
-1553
-1751
-1942
-2152
-2354
-2588
-2739
-2875
-3021
-3112
-3200
-3171
-3025
-2887
-2613
-2380
-2102
-1715
-1401
-966
-622
-323
40
325
654
921
1099
1357
1576
1802
1943
2039
2198
2345
2473
2465
2420
2380
2335
2220
1993
1754
1476
1191
910
608
358
73
-82
-141
-292
-324
-383
-327
-219
-232
-192
-165
-52
106
113
147
219
322
452
540
647
741
882
1014
1137
1197
1219
1299
1319
1280
1133
987
902
712
493
250
30
-104
-308
-478
-695
-879
-998
-1199
-1398
-1640
-1838
-1997
-2221
-2455
-2686
-2859
-2987
-3132
-3200
-3278
-3264
-3103
-2922
-2626
-2404
-2116
-1731
-1419
-990
-639
-329
29
307
663
928
1121
1401
1634
1869
2006
2124
2296
2473
2609
2582
2537
2507
2466
2364
2135
1903
1628
1346
1081
788
556
292
104
2
-121
-173
-244
-239
-176
-166
-112
-74
-4
91
136
207
279
384
495
600
704
802
932
1044
1144
1202
1216
1245
1222
1179
1068
928
825
650
459
257
74
-42
-190
-372
-555
-737
-883
-1086
-1341
-1582
-1825
-2053
-2301
-2565
-2767
-2935
-3074
-3199
-3286
-3326
-3307
-3160
-2982
-2725
-2488
-2253
-1922
-1620
-1250
-928
-654
-311
-18
321
613
808
1095
1364
1643
1832
1957
2177
2379
2540
2569
2517
2499
2455
2356
2165
1922
1653
1372
1123
835
578
310
98
35
-91
-102
-104
-111
3
31
119
203
261
394
423
477
567
600
691
774
850
913
970
1095
1200
1262
1282
1306
1314
1256
1152
1010
894
715
491
285
59
-103
-290
-484
-652
-841
-974
-1133
-1340
-1526
-1745
-1949
-2154
-2391
-2581
-2789
-2957
-3100
-3217
-3283
-3333
-3262
-3126
-3003
-2774
-2523
-2244
-1943
-1660
-1264
-933
-593
-260
28
394
686
929
1202
1470
1765
1958
2112
2310
2465
2583
2576
2558
2537
2471
2344
2142
1940
1679
1391
1135
884
667
424
257
213
127
124
108
132
242
268
330
362
431
546
537
563
621
645
701
733
799
860
895
957
1028
1076
1064
1074
1066
1032
930
780
695
546
369
188
-31
-160
-318
-486
-624
-819
-947
-1106
-1317
-1512
-1751
-1956
-2142
-2338
-2518
-2697
-2866
-2968
-3050
-3139
-3211
-3252
-3209
-3124
-3032
-2831
-2649
-2419
-2137
-1867
-1474
-1110
-719
-335
4
440
798
1098
1459
1780
2080
2258
2401
2586
2715
2776
2738
2698
2653
2539
2385
2226
2050
1827
1597
1390
1189
1008
777
609
553
475
419
307
268
293
259
266
255
273
333
323
348
392
414
473
518
586
629
647
707
766
793
774
771
756
733
664
559
486
367
234
95
-51
-148
-278
-431
-589
-747
-882
-1069
-1257
-1477
-1720
-1953
-2181
-2369
-2582
-2800
-2961
-3099
-3217
-3341
-3473
-3545
-3512
-3448
-3311
-3140
-2956
-2674
-2401
-2000
-1556
-1154
-703
-298
187
662
996
1385
1771
2134
2403
2543
2743
2951
3097
3123
3088
3071
3041
2944
2816
2684
2487
2272
2073
1869
1674
1416
1169
979
838
702
469
300
207
126
28
-94
-162
-180
-170
-168
-196
-160
-90
7
90
146
227
299
423
516
545
594
618
675
687
637
601
552
504
397
278
177
54
-62
-224
-370
-511
-685
-849
-1047
-1278
-1517
-1767
-1954
-2178
-2450
-2704
-2936
-3103
-3283
-3494
-3678
-3795
-3808
-3788
-3774
-3610
-3340
-3069
-2740
-2394
-1915
-1385
-894
-411
35
553
1076
1477
1870
2208
2531
2807
2996
3193
3328
3396
3410
3407
3405
3349
3249
3135
3010
2841
2606
2366
2123
1889
1592
1278
1015
743
500
270
60
-113
-279
-386
-459
-513
-528
-533
-494
-415
-347
-305
-208
-71
22
92
176
296
395
461
543
599
646
670
667
684
649
569
475
360
262
125
-39
-179
-329
-523
-746
-975
-1195
-1454
-1761
-2072
-2360
-2651
-2946
-3244
-3523
-3732
-3931
-4098
-4229
-4307
-4274
-4202
-4035
-3724
-3430
-3061
-2646
-2180
-1568
-1016
-468
65
590
1198
1685
2065
2477
2856
3228
3437
3586
3755
3900
4004
4006
3974
3940
3877
3780
3647
3427
3138
2830
2539
2223
1869
1436
1042
702
353
49
-259
-519
-715
-899
-1004
-1068
-1098
-1054
-1027
-920
-795
-698
-539
-361
-192
-54
76
244
390
493
589
683
762
819
825
819
832
787
730
673
592
512
348
186
20
-203
-436
-754
-1079
-1396
-1767
-2129
-2510
-2851
-3165
-3504
-3767
-4008
-4184
-4317
-4431
-4450
-4422
-4304
-4135
-3892
-3510
-3165
-2735
-2286
-1770
-1135
-572
7
549
1122
1751
2214
2664
3083
3460
3811
3973
4158
4307
4419
4463
4380
4315
4192
4049
3889
3636
3374
3022
2665
2307
1905
1501
1021
642
284
-119
-481
-842
-1087
-1295
-1487
-1595
-1666
-1600
-1494
-1416
-1267
-1079
-845
-604
-372
-164
11
201
381
520
609
690
788
839
862
855
874
916
887
837
748
661
598
439
249
19
-256
-536
-910
-1297
-1714
-2160
-2540
-2915
-3250
-3563
-3841
-4025
-4156
-4213
-4281
-4292
-4209
-4109
-3944
-3789
-3519
-3126
-2779
-2358
-1956
-1433
-793
-214
396
921
1515
2161
2646
3114
3514
3913
4253
4418
4576
4665
4714
4693
4571
4459
4277
4069
3827
3514
3177
2771
2364
1951
1537
1101
616
200
-192
-559
-903
-1232
-1451
-1620
-1728
-1786
-1797
-1701
-1544
-1384
-1196
-968
-695
-421
-172
30
189
346
502
620
683
724
788
838
871
867
851
855
824
767
668
530
382
168
-83
-373
-704
-1039
-1413
-1792
-2179
-2579
-2918
-3218
-3481
-3723
-3921
-4033
-4091
-4098
-4122
-4100
-4000
-3867
-3657
-3438
-3156
-2728
-2337
-1888
-1443
-933
-279
293
868
1406
1957
2578
3055
3459
3842
4165
4472
4605
4691
4745
4745
4684
4534
4372
4162
3901
3608
3278
2896
2439
1969
1509
1051
566
26
-402
-785
-1131
-1433
-1681
-1771
-1846
-1877
-1806
-1680
-1457
-1223
-1034
-808
-585
-338
-135
22
180
284
389
501
598
658
728
818
894
927
923
955
984
909
776
600
421
220
-82
-390
-755
-1104
-1445
-1812
-2129
-2431
-2722
-2979
-3212
-3372
-3514
-3612
-3662
-3701
-3695
-3698
-3641
-3549
-3438
-3308
-3173
-2944
-2672
-2307
-1881
-1461
-953
-442
165
826
1418
2005
2513
3072
3611
3962
4286
4541
4767
4900
4857
4818
4721
4607
4399
4081
3803
3487
3142
2765
2342
1942
1489
1039
630
236
-155
-574
-886
-1137
-1378
-1547
-1652
-1692
-1651
-1592
-1485
-1310
-1065
-852
-716
-500
-266
-85
83
219
333
425
498
592
626
655
701
737
742
705
660
604
520
365
168
-53
-302
-573
-900
-1222
-1515
-1824
-2099
-2370
-2588
-2751
-2927
-3060
-3178
-3214
-3220
-3247
-3240
-3204
-3127
-3069
-3008
-2897
-2799
-2696
-2552
-2325
-2073
-1819
-1430
-1006
-519
-4
522
1156
1778
2389
2919
3381
3880
4257
4477
4608
4672
4713
4572
4337
4124
3902
3648
3304
2969
2672
2369
2090
1806
1526
1236
891
565
271
-35
-420
-790
-1079
-1336
-1560
-1726
-1809
-1802
-1734
-1630
-1466
-1226
-939
-701
-456
-206
4
162
288
398
439
422
412
395
346
290
244
232
215
168
132
115
63
-38
-189
-375
-571
-807
-1074
-1361
-1629
-1880
-2126
-2326
-2479
-2597
-2688
-2760
-2756
-2704
-2653
-2585
-2487
-2385
-2296
-2251
-2200
-2149
-2099
-2045
-1962
-1800
-1601
-1323
-934
-477
39
576
1131
1776
2403
2952
3375
3727
4073
4261
4271
4199
4116
4016
3760
3443
3214
3031
2870
2658
2472
2345
2208
2073
1911
1708
1438
1083
734
367
-49
-529
-974
-1306
-1587
-1804
-1994
-2017
-1910
-1783
-1586
-1371
-1072
-750
-539
-352
-198
-60
4
-32
-72
-171
-257
-314
-381
-406
-423
-378
-270
-163
-69
28
130
181
154
28
-131
-314
-564
-846
-1151
-1412
-1621
-1819
-1948
-2040
-2079
-2048
-2012
-1931
-1840
-1775
-1706
-1658
-1624
-1627
-1684
-1743
-1770
-1828
-1866
-1854
-1755
-1532
-1301
-984
-531
-56
461
937
1408
1957
2416
2790
3024
3203
3399
3457
3400
3305
3235
3195
3065
2926
2868
2844
2828
2758
2698
2626
2499
2303
2071
1777
1389
945
474
25
-428
-910
-1317
-1627
-1839
-1947
-2061
-2028
-1901
-1737
-1513
-1350
-1147
-951
-813
-691
-687
-690
-673
-716
-710
-771
-783
-695
-587
-451
-326
-145
87
254
390
483
546
560
467
343
162
-20
-237
-434
-597
-761
-888
-998
-1050
-1055
-1059
-1061
-1067
-1057
-1046
-1125
-1190
-1268
-1354
-1463
-1609
-1703
-1760
-1778
-1786
-1770
-1688
-1522
-1315
-1066
-738
-332
55
453
836
1243
1670
2010
2288
2483
2702
2912
2998
3046
3085
3129
3173
3111
3078
3068
3029
2959
2788
2594
2391
2141
1837
1446
1008
546
60
-390
-830
-1263
-1692
-2044
-2269
-2434
-2557
-2644
-2649
-2562
-2459
-2358
-2250
-2078
-1864
-1703
-1556
-1424
-1247
-1050
-909
-760
-622
-445
-230
-68
108
286
498
697
840
1002
1140
1257
1322
1318
1294
1216
1113
972
787
622
430
233
39
-145
-319
-525
-707
-865
-1014
-1151
-1303
-1435
-1558
-1686
-1781
-1886
-1943
-1976
-2025
-2054
-2042
-1961
-1852
-1707
-1503
-1234
-877
-475
-65
377
826
1317
1804
2225
2572
2869
3170
3415
3526
3555
3555
3547
3476
3303
3122
2944
2766
2535
2238
1934
1615
1262
859
401
-76
-577
-1080
-1571
-2042
-2477
-2883
-3179
-3377
-3498
-3496
-3452
-3325
-3095
-2845
-2538
-2226
-1905
-1588
-1292
-951
-679
-446
-203
2
241
463
690
949
1183
1470
1755
2004
2237
2423
2606
2711
2697
2625
2485
2289
2001
1651
1272
878
525
171
-202
-547
-851
-1083
-1295
-1521
-1737
-1910
-2025
-2157
-2308
-2442
-2543
-2606
-2672
-2722
-2721
-2670
-2530
-2356
-2162
-1942
-1652
-1247
-822
-368
111
563
1052
1527
1962
2372
2726
3043
3245
3377
3498
3532
3485
3384
3251
3103
2851
2561
2293
2007
1668
1240
817
417
-13
-479
-968
-1424
-1839
-2245
-2617
-2929
-3167
-3358
-3484
-3508
-3441
-3320
-3160
-2921
-2607
-2252
-1890
-1518
-1093
-632
-217
155
543
967
1368
1695
2002
2302
2588
2842
3062
3232
3344
3421
3440
3393
3279
3109
2886
2610
2282
1915
1516
1089
654
216
-222
-618
-965
-1287
-1597
-1881
-2127
-2302
-2460
-2628
-2755
-2847
-2893
-2912
-2881
-2794
-2680
-2498
-2272
-2019
-1730
-1439
-1108
-774
-499
-254
-4
282
558
771
981
1200
1446
1672
1814
1939
2076
2218
2275
2226
2176
2092
1945
1742
1492
1222
925
583
202
-180
-540
-900
-1252
-1589
-1887
-2130
-2334
-2494
-2620
-2696
-2730
-2716
-2618
-2484
-2331
-2140
-1913
-1587
-1205
-847
-471
-54
409
879
1329
1756
2166
2562
2912
3180
3387
3560
3661
3696
3644
3541
3403
3199
2962
2674
2352
2016
1675
1343
992
626
260
-104
-438
-772
-1117
-1431
-1713
-1952
-2165
-2350
-2474
-2564
-2624
-2644
-2620
-2554
-2438
-2282
-2113
-1920
-1691
-1439
-1187
-937
-696
-494
-294
-123
-1
98
160
193
168
125
121
121
114
104
132
209
287
333
352
383
444
458
364
252
149
7
-196
-441
-644
-788
-938
-1099
-1222
-1259
-1231
-1193
-1128
-1010
-849
-688
-539
-374
-214
-79
43
168
317
451
571
724
926
1163
1405
1662
1938
2227
2484
2699
2898
3061
3134
3113
3038
2917
2724
2474
2164
1832
1516
1201
888
587
321
96
-100
-259
-408
-526
-620
-727
-836
-950
-1050
-1158
-1260
-1362
-1441
-1499
-1518
-1502
-1474
-1420
-1329
-1211
-1081
-955
-845
-724
-615
-520
-453
-431
-436
-461
-509
-590
-699
-801
-913
-1020
-1133
-1270
-1398
-1515
-1628
-1732
-1800
-1858
-1906
-1924
-1904
-1854
-1787
-1715
-1593
-1395
-1178
-1008
-843
-613
-334
-85
111
324
577
835
1029
1182
1358
1556
1712
1805
1879
1965
2037
2071
2059
2042
2022
1989
1950
1913
1880
1836
1783
1769
1788
1778
1718
1652
1626
1594
1505
1357
1210
1088
947
766
579
418
282
146
9
-81
-126
-146
-151
-152
-134
-77
-16
37
69
85
100
101
94
58
-10
-82
-154
-220
-301
-398
-484
-547
-606
-678
-751
-828
-898
-974
-1087
-1215
-1346
-1480
-1624
-1811
-2010
-2195
-2359
-2516
-2678
-2807
-2905
-2986
-3028
-3050
-3026
-2948
-2842
-2706
-2536
-2308
-2049
-1773
-1454
-1093
-710
-341
34
441
857
1230
1529
1839
2174
2462
2657
2786
2913
3043
3089
3043
2962
2881
2801
2647
2425
2204
2001
1802
1576
1358
1176
993
834
699
596
530
463
414
386
353
321
277
237
215
170
121
75
48
59
69
79
130
201
291
391
479
587
697
777
834
879
897
858
762
651
513
346
157
-60
-262
-445
-624
-788
-939
-1080
-1201
-1322
-1441
-1554
-1671
-1795
-1953
-2119
-2266
-2424
-2586
-2742
-2869
-2949
-3000
-3019
-2972
-2869
-2725
-2541
-2321
-2072
-1809
-1539
-1289
-1048
-835
-642
-473
-332
-199
-54
92
231
375
560
803
1031
1252
1449
1680
1956
2159
2282
2349
2433
2516
2465
2311
2137
2010
1869
1622
1359
1163
1048
937
799
699
679
695
704
721
746
777
804
844
882
871
826
793
783
775
720
656
636
663
668
651
655
707
782
804
792
772
782
763
676
550
418
285
111
-108
-338
-541
-734
-943
-1138
-1296
-1418
-1514
-1598
-1646
-1653
-1646
-1636
-1622
-1601
-1579
-1560
-1545
-1534
-1533
-1532
-1528
-1501
-1458
-1424
-1365
-1273
-1158
-1038
-917
-787
-643
-489
-348
-236
-149
-76
-23
-8
-25
-74
-138
-209
-286
-366
-444
-489
-480
-442
-401
-350
-256
-105
76
215
320
435
578
723
807
850
912
1015
1104
1133
1158
1237
1379
1499
1551
1608
1723
1858
1932
1937
1923
1915
1880
1787
1650
1485
1317
1156
1004
836
660
504
388
293
187
79
-18
-87
-160
-273
-405
-530
-639
-754
-911
-1057
-1173
-1261
-1334
-1416
-1450
-1424
-1353
-1261
-1161
-1015
-826
-635
-464
-318
-148
16
150
244
318
399
470
527
549
544
528
523
518
479
408
326
249
155
45
-102
-262
-413
-576
-749
-943
-1121
-1279
-1415
-1532
-1643
-1713
-1749
-1748
-1724
-1704
-1661
-1583
-1481
-1380
-1291
-1183
-1057
-914
-755
-594
-399
-189
29
287
576
865
1122
1369
1641
1921
2144
2296
2414
2527
2597
2566
2460
2342
2216
2037
1783
1517
1299
1092
863
611
389
220
68
-92
-265
-413
-542
-666
-769
-861
-946
-1014
-1055
-1071
-1078
-1079
-1052
-977
-874
-771
-662
-518
-319
-117
50
196
379
590
778
906
1011
1128
1246
1328
1358
1366
1382
1383
1340
1265
1186
1098
981
840
677
516
346
160
-49
-282
-516
-746
-974
-1206
-1439
-1661
-1872
-2053
-2212
-2360
-2480
-2559
-2601
-2590
-2552
-2473
-2340
-2175
-1982
-1778
-1540
-1261
-995
-725
-456
-199
71
306
497
667
827
969
1059
1106
1139
1173
1186
1172
1148
1122
1126
1125
1082
1025
972
940
887
796
686
575
482
354
174
-5
-162
-294
-431
-572
-673
-729
-744
-726
-686
-603
-474
-323
-149
28
201
366
538
706
853
967
1070
1184
1266
1321
1356
1389
1444
1483
1484
1478
1490
1503
1475
1417
1353
1288
1210
1090
948
812
664
499
318
147
-15
-153
-290
-434
-560
-680
-788
-901
-1026
-1152
-1285
-1408
-1523
-1635
-1743
-1835
-1885
-1908
-1910
-1883
-1824
-1735
-1624
-1497
-1349
-1183
-1015
-862
-731
-608
-490
-390
-304
-234
-164
-102
-35
37
105
183
260
327
377
394
405
396
356
277
173
70
-41
-167
-300
-420
-515
-586
-630
-650
-645
-610
-555
-473
-370
-255
-135
-17
99
206
300
370
432
481
511
554
611
680
769
866
963
1080
1216
1363
1503
1626
1751
1852
1933
1979
1983
1988
1965
1914
1839
1742
1639
1508
1383
1249
1115
982
842
699
547
389
217
50
-124
-301
-482
-668
-837
-1008
-1159
-1295
-1418
-1519
-1593
-1640
-1669
-1681
-1687
-1670
-1628
-1559
-1489
-1404
-1310
-1208
-1097
-990
-874
-767
-668
-563
-477
-403
-333
-253
-172
-96
-28
26
84
139
171
186
180
175
168
146
108
33
-53
-141
-230
-311
-410
-512
-613
-706
-784
-859
-925
-977
-1014
-1040
-1042
-1022
-986
-925
-844
-739
-624
-495
-344
-192
-32
128
291
453
615
767
919
1073
1230
1384
1525
1676
1829
1974
2107
2232
2341
2437
2510
2549
2560
2539
2480
2382
2255
2089
1890
1668
1427
1172
899
617
338
63
-213
-479
-731
-966
-1170
-1354
-1516
-1648
-1749
-1807
-1850
-1854
-1825
-1765
-1678
-1579
-1461
-1311
-1130
-942
-761
-575
-380
-188
-16
135
260
377
471
544
596
608
601
577
530
456
358
248
132
10
-125
-270
-404
-523
-647
-768
-880
-976
-1065
-1153
-1231
-1310
-1379
-1442
-1497
-1543
-1578
-1600
-1599
-1575
-1532
-1455
-1353
-1232
-1081
-920
-732
-529
-312
-99
99
305
481
621
755
878
990
1080
1157
1230
1301
1379
1458
1545
1642
1723
1798
1855
1900
1923
1909
1870
1803
1704
1578
1432
1261
1083
902
713
541
388
257
138
35
-45
-111
-155
-183
-218
-251
-270
-291
-320
-351
-360
-364
-366
-359
-335
-284
-211
-120
-27
69
182
291
384
469
535
593
632
642
630
594
531
433
333
217
80
-62
-217
-374
-536
-686
-833
-976
-1119
-1258
-1382
-1486
-1565
-1635
-1689
-1725
-1744
-1735
-1709
-1658
-1593
-1522
-1426
-1316
-1204
-1092
-969
-842
-710
-576
-446
-324
-203
-91
26
138
231
321
386
432
461
478
492
479
447
404
353
295
230
167
97
25
-40
-93
-134
-168
-192
-194
-185
-156
-114
-68
-12
49
120
197
290
390
485
589
691
806
933
1064
1193
1314
1440
1555
1653
1732
1796
1840
1858
1853
1811
1753
1673
1566
1444
1308
1176
1034
881
732
574
428
292
167
60
-41
-132
-221
-298
-368
-438
-497
-545
-584
-623
-663
-695
-714
-724
-732
-731
-732
-734
-745
-752
-743
-720
-702
-699
-702
-707
-692
-669
-645
-622
-606
-588
-561
-536
-512
-493
-485
-478
-482
-484
-493
-517
-557
-606
-645
-688
-735
-778
-829
-872
-909
-932
-946
-969
-980
-990
-986
-971
-955
-926
-885
-820
-741
-646
-541
-432
-300
-165
-37
92
226
365
488
605
717
821
916
1006
1087
1147
1194
1224
1245
1260
1254
1242
1212
1164
1100
1022
935
843
748
650
554
471
394
328
293
270
283
306
336
390
462
548
631
718
801
872
938
989
1034
1063
1065
1049
1016
983
941
884
826
751
670
573
473
379
266
137
0
-137
-273
-402
-539
-669
-787
-898
-1003
-1092
-1165
-1223
-1269
-1302
-1325
-1335
-1338
-1342
-1337
-1334
-1327
-1321
-1305
-1281
-1251
-1210
-1164
-1113
-1053
-971
-889
-802
-705
-622
-541
-455
-376
-312
-262
-213
-187
-164
-133
-124
-122
-121
-114
-99
-82
-54
-26
24
78
123
182
232
276
311
338
363
371
382
380
380
380
376
379
373
367
373
388
414
453
492
534
579
647
722
794
867
927
988
1035
1078
1114
1142
1158
1144
1123
1094
1057
1006
931
850
761
672
575
474
377
281
190
105
31
-39
-101
-163
-218
-270
-312
-340
-377
-425
-475
-525
-562
-596
-631
-661
-678
-685
-679
-647
-599
-542
-485
-422
-368
-318
-273
-243
-235
-244
-264
-294
-343
-402
-473
-538
-600
-655
-704
-753
-787
-806
-815
-823
-822
-824
-826
-829
-835
-845
-855
-868
-882
-887
-890
-876
-835
-789
-716
-621
-505
-360
-210
-47
119
281
437
582
723
853
964
1064
1151
1238
1306
1359
1407
1444
1465
1483
1480
1478
1457
1417
1360
1284
1205
1098
981
848
721
592
456
339
229
122
29
-46
-107
-154
-187
-217
-243
-254
-267
-292
-304
-317
-333
-344
-344
-332
-317
-292
-274
-243
-186
-130
-65
-12
53
113
160
199
208
199
164
112
46
-29
-113
-207
-307
-394
-470
-537
-588
-640
-688
-730
-763
-790
-819
-846
-884
-921
-949
-980
-1016
-1050
-1070
-1090
-1086
-1066
-1040
-993
-929
-851
-776
-684
-582
-470
-367
-279
-190
-92
4
91
175
249
338
424
498
573
655
732
807
870
925
975
1012
1039
1054
1058
1052
1029
996
948
892
825
761
700
624
547
477
413
360
303
263
230
206
184
155
147
139
143
160
166
182
202
225
235
247
267
284
297
294
290
293
287
264
231
208
186
158
137
111
87
69
63
45
15
-8
-24
-52
-97
-142
-190
-232
-280
-341
-405
-478
-540
-610
-677
-744
-808
-851
-884
-914
-937
-953
-947
-945
-928
-886
-852
-799
-751
-708
-661
-612
-558
-515
-476
-426
-372
-321
-272
-220
-165
-105
-50
-1
37
79
109
127
141
149
160
167
169
168
178
200
234
272
313
353
395
425
454
480
498
505
499
486
458
436
415
381
346
301
271
244
220
200
175
161
149
140
135
122
102
80
73
75
68
63
63
71
99
131
159
196
230
271
308
343
369
386
394
402
411
399
376
361
352
335
322
305
294
287
274
253
234
216
188
142
95
58
11
-46
-109
-180
-238
-285
-336
-386
-429
-456
-481
-497
-500
-500
-498
-499
-510
-512
-506
-504
-510
-518
-516
-510
-495
-489
-478
-460
-431
-391
-355
-313
-272
-223
-186
-154
-108
-61
-22
5
30
55
64
73
78
73
70
69
78
71
68
60
42
24
-12
-51
-99
-144
-185
-233
-283
-328
-355
-377
-399
-406
-401
-373
-352
-319
-266
-209
-140
-80
-10
68
152
237
311
387
451
512
583
636
676
704
733
760
784
796
786
777
765
743
719
683
649
616
575
520
467
414
355
277
205
143
85
34
-17
-59
-102
-124
-133
-144
-142
-146
-144
-134
-118
-102
-90
-74
-72
-81
-91
-98
-105
-109
-107
-97
-83
-63
-32
-6
16
46
73
95
111
113
103
85
52
3
-58
-131
-201
-269
-344
-418
-484
-540
-589
-630
-671
-703
-726
-739
-740
-743
-736
-741
-741
-735
-723
-700
-668
-616
-570
-511
-440
-359
-269
-178
-85
15
121
221
312
398
481
551
615
664
700
724
741
757
756
752
739
709
673
630
579
514
445
361
261
165
60
-39
-142
-233
-311
-393
-449
-498
-528
-527
-500
-458
-399
-313
-221
-123
-12
96
208
305
397
485
564
630
681
721
744
754
753
741
730
709
685
657
619
572
518
458
393
325
253
158
65
-39
-148
-256
-375
-489
-595
-698
-789
-884
-961
-1020
-1062
-1085
-1100
-1093
-1074
-1031
-981
-917
-836
-754
-670
-579
-482
-379
-278
-175
-82
14
118
216
317
416
511
600
680
748
792
827
848
855
850
822
778
709
629
544
450
353
263
168
81
-6
-93
-179
-247
-305
-368
-427
-472
-505
-535
-548
-564
-570
-558
-539
-510
-465
-414
-354
-277
-188
-87
23
137
249
360
470
579
683
778
857
908
943
965
983
975
948
897
829
756
659
555
434
316
193
58
-79
-210
-343
-468
-591
-701
-794
-890
-977
-1053
-1107
-1138
-1160
-1172
-1169
-1143
-1110
-1064
-997
-908
-821
-729
-625
-510
-392
-268
-143
-23
89
188
281
363
440
509
565
605
640
663
678
678
670
654
625
583
535
482
420
351
270
184
101
13
-73
-149
-218
-284
-340
-391
-425
-437
-442
-433
-419
-394
-355
-306
-238
-163
-87
-9
62
135
204
280
361
437
510
573
627
680
733
792
847
888
916
936
947
942
921
892
847
790
726
648
569
482
391
300
205
110
11
-82
-170
-236
-300
-367
-417
-466
-498
-528
-558
-578
-600
-615
-633
-649
-653
-655
-651
-642
-628
-603
-565
-520
-465
-411
-364
-304
-257
-215
-177
-154
-141
-136
-148
-176
-210
-248
-296
-338
-390
-440
-474
-516
-539
-556
-564
-561
-548
-523
-505
-481
-446
-420
-390
-359
-335
-292
-253
-213
-176
-135
-83
-25
33
94
164
233
303
375
442
495
532
557
576
591
601
599
586
568
545
530
517
496
476
451
432
421
406
399
390
378
363
348
340
333
332
329
331
329
342
359
371
388
394
423
450
481
502
507
525
531
545
538
525
510
486
465
434
401
359
314
273
226
171
121
62
4
-52
-119
-177
-238
-298
-358
-420
-482
-534
-580
-635
-691
-737
-780
-824
-859
-901
-931
-946
-955
-953
-944
-919
-891
-856
-814
-770
-716
-671
-621
-573
-521
-472
-420
-369
-326
-283
-242
-199
-150
-101
-54
-22
17
56
86
115
126
138
137
136
128
107
96
82
58
26
2
-13
-16
-16
-9
7
31
57
82
110
138
168
198
229
258
291
319
344
374
404
441
479
519
563
607
636
669
698
716
728
720
713
701
682
647
606
568
513
451
396
340
295
242
190
143
90
53
8
-31
-74
-118
-157
-202
-240
-277
-313
-354
-391
-412
-438
-455
-450
-449
-443
-437
-427
-410
-399
-384
-371
-358
-346
-334
-320
-309
-299
-291
-294
-304
-303
-300
-287
-278
-272
-262
-257
-248
-235
-221
-213
-198
-182
-160
-130
-109
-85
-66
-50
-21
4
29
55
81
101
114
125
140
154
167
175
176
181
193
206
213
224
224
239
248
256
274
286
297
288
288
275
261
244
222
206
188
172
158
152
135
115
92
75
63
53
43
26
22
11
3
-5
-15
-12
-16
-23
-26
-32
-37
-45
-58
-81
-100
-128
-155
-175
-202
-227
-254
-279
-298
-310
-312
-303
-302
-298
-281
-266
-252
-239
-230
-224
-214
-208
-197
-185
-171
-160
-155
-127
-103
-72
-35
-2
34
76
122
165
203
239
268
289
303
311
313
300
291
284
280
271
263
257
255
264
277
286
300
314
320
324
322
319
306
283
254
223
199
166
131
102
79
63
46
42
43
50
58
73
97
126
153
173
191
202
212
214
204
196
179
148
106
70
31
-4
-34
-69
-103
-145
-171
-198
-232
-267
-309
-351
-401
-454
-498
-547
-593
-637
-672
-706
-729
-748
-760
-754
-743
-715
-683
-640
-603
-562
-515
-456
-388
-322
-262
-196
-143
-92
-33
28
94
160
219
275
322
366
408
442
475
491
498
500
499
476
440
404
362
315
269
223
176
128
88
47
7
-25
-47
-70
-85
-90
-89
-89
-92
-90
-96
-90
-81
-75
-67
-59
-49
-32
-12
15
51
87
129
174
222
270
310
346
375
402
422
433
440
449
430
401
373
346
313
272
233
186
138
88
32
-18
-67
-125
-181
-246
-300
-356
-409
-464
-523
-562
-588
-607
-623
-633
-631
-616
-582
-538
-486
-431
-377
-317
-252
-178
-109
-44
14
64
113
159
213
257
300
335
367
398
422
441
446
455
469
474
460
438
398
351
304
254
204
144
81
9
-56
-110
-155
-194
-229
-252
-274
-286
-284
-275
-266
-250
-226
-204
-178
-165
-155
-136
-119
-97
-77
-55
-38
-30
-24
-6
22
48
73
92
110
119
127
136
132
119
99
75
55
27
-2
-32
-65
-84
-100
-111
-122
-128
-135
-141
-139
-137
-140
-138
-133
-133
-135
-135
-138
-136
-129
-127
-121
-109
-104
-95
-76
-42
0
42
83
119
154
195
222
254
280
290
290
295
301
294
281
270
258
238
227
224
229
222
223
231
242
254
253
258
270
276
279
285
282
270
255
236
219
207
191
177
165
154
148
139
140
138
136
128
115
97
72
44
9
-31
-76
-127
-177
-228
-280
-325
-357
-386
-407
-418
-424
-413
-390
-359
-331
-309
-283
-256
-238
-215
-201
-192
-192
-200
-205
-212
-210
-212
-209
-204
-189
-170
-155
-130
-108
-85
-62
-45
-29
-22
-15
-18
-24
-36
-62
-79
-104
-120
-136
-152
-169
-187
-207
-214
-214
-217
-214
-212
-219
-220
-219
-221
-213
-210
-208
-205
-194
-176
-155
-130
-105
-79
-38
6
59
115
163
225
285
351
411
457
498
518
538
559
562
557
541
526
498
461
427
390
355
310
272
229
184
143
96
55
11
-37
-83
-130
-173
-214
-244
-265
-279
-287
-293
-298
-290
-277
-253
-223
-183
-138
-102
-59
-21
16
51
88
126
155
174
197
218
226
238
249
252
251
240
227
214
193
177
147
112
74
36
6
-30
-68
-104
-148
-191
-233
-276
-311
-350
-375
-400
-410
-409
-403
-390
-376
-356
-344
-315
-296
-269
-239
-215
-186
-173
-154
-137
-113
-85
-55
-24
4
36
67
102
142
177
213
245
272
287
295
301
305
304
288
260
229
201
177
156
134
114
89
72
57
38
23
13
4
-4
-18
-39
-59
-79
-96
-113
-128
-141
-155
-155
-147
-132
-107
-74
-21
24
76
124
169
212
248
278
295
303
305
306
301
295
283
272
255
238
227
213
196
181
163
141
124
100
80
63
43
23
-6
-40
-71
-94
-112
-124
-132
-141
-148
-148
-150
-147
-138
-129
-119
-113
-109
-113
-117
-117
-115
-112
-112
-113
-120
-127
-131
-127
-122
-117
-110
-98
-96
-87
-76
-67
-57
-41
-27
-20
-11
-3
13
32
47
63
73
78
81
84
91
93
98
98
89
88
79
71
59
47
36
20
15
9
5
-2
-12
-16
-23
-24
-27
-32
-36
-37
-43
-51
-54
-51
-44
-38
-29
-19
-19
-22
-23
-24
-22
-18
-17
-14
-10
-6
-4
0
6
16
31
44
55
62
68
74
85
95
95
93
85
74
70
65
59
44
27
13
2
-11
-16
-21
-14
-6
1
11
13
16
15
12
4
-6
-19
-31
-44
-55
-67
-84
-96
-108
-111
-119
-121
-117
-122
-120
-121
-115
-109
-99
-88
-76
-58
-39
-18
5
26
58
84
110
138
160
179
201
226
245
258
259
255
252
239
227
210
201
188
161
140
112
84
58
38
17
4
-7
-26
-44
-63
-85
-98
-110
-118
-129
-145
-150
-155
-154
-155
-148
-136
-129
-115
-102
-84
-65
-48
-33
-14
-2
12
24
35
53
61
78
89
97
101
102
100
97
100
91
83
73
62
47
33
23
13
12
1
-11
-21
-34
-48
-62
-78
-90
-96
-108
-123
-130
-135
-142
-139
-135
-132
-120
-107
-85
-72
-51
-38
-20
-3
14
30
44
64
70
84
105
125
144
164
181
208
226
239
262
276
287
293
289
277
262
243
227
198
163
132
92
59
20
-19
-49
-79
-102
-125
-145
-156
-173
-185
-194
-208
-210
-211
-212
-209
-199
-186
-170
-149
-127
-105
-81
-43
-14
16
42
63
89
109
132
142
145
150
147
144
142
133
123
112
98
82
66
50
29
11
-8
-26
-46
-69
-91
-115
-133
-150
-164
-175
-184
-190
-195
-197
-203
-201
-200
-187
-179
-172
-159
-145
-137
-127
-110
-96
-83
-73
-68
-66
-52
-44
-37
-26
-11
-5
6
18
29
46
60
69
76
81
75
62
48
34
16
-5
-27
-54
-75
-96
-113
-123
-133
-137
-131
-128
-123
-122
-119
-109
-100
-98
-98
-98
-91
-85
-77
-67
-65
-61
-53
-40
-22
3
27
49
76
103
124
144
162
173
177
177
177
169
157
148
131
116
115
111
114
120
127
138
150
165
171
174
176
169
158
150
142
125
105
84
63
47
31
20
9
8
7
2
-2
-6
1
2
-4
-7
-17
-23
-34
-44
-55
-66
-70
-77
-78
-74
-73
-68
-55
-42
-39
-30
-26
-25
-27
-40
-47
-66
-88
-108
-133
-153
-182
-194
-199
-200
-199
-201
-194
-187
-175
-164
-150
-147
-143
-136
-127
-128
-130
-129
-126
-125
-117
-111
-104
-92
-82
-76
-61
-46
-35
-26
-15
-13
-14
-15
-12
-8
-13
-9
-10
-7
0
15
33
46
67
92
111
130
145
163
176
193
207
219
232
244
256
269
287
295
303
316
321
318
319
319
311
300
288
264
236
211
181
147
109
69
28
-13
-43
-76
-107
-129
-147
-160
-169
-174
-179
-175
-173
-166
-157
-148
-139
-140
-137
-127
-115
-102
-92
-76
-58
-41
-28
-11
1
10
19
17
15
10
2
-8
-22
-41
-59
-71
-79
-89
-93
-97
-96
-98
-99
-99
-101
-107
-116
-115
-122
-131
-136
-142
-147
-149
-146
-137
-128
-114
-100
-80
-57
-37
-7
17
37
59
79
96
111
127
140
154
167
180
188
205
220
229
238
242
244
243
237
230
221
205
179
149
117
82
49
20
-8
-43
-72
-91
-114
-140
-163
-179
-186
-190
-186
-192
-196
-200
-203
-205
-209
-210
-208
-210
-203
-194
-183
-163
-138
-110
-85
-53
-24
6
34
58
76
85
97
101
105
100
86
76
67
55
47
38
35
36
36
41
41
41
39
33
24
12
-6
-23
-34
-51
-64
-72
-78
-83
-85
-77
-67
-55
-40
-19
3
17
32
46
65
82
89
102
110
114
125
130
132
135
143
150
154
159
158
164
169
177
183
179
176
164
149
132
111
82
60
39
14
-11
-29
-47
-64
-78
-89
-101
-112
-119
-125
-121
-130
-136
-135
-134
-132
-128
-130
-130
-134
-134
-128
-127
-117
-117
-121
-119
-114
-107
-104
-98
-95
-91
-90
-82
-76
-76
-75
-78
-76
-69
-61
-54
-48
-41
-40
-41
-37
-41
-41
-45
-51
-60
-62
-59
-58
-61
-57
-53
-47
-35
-23
-3
12
29
45
61
70
73
80
88
94
95
95
99
103
103
101
108
113
114
124
129
129
127
131
130
133
138
135
132
127
122
115
112
106
105
104
99
100
101
106
118
128
126
127
131
134
134
134
121
107
96
81
59
40
21
3
-12
-26
-49
-76
-94
-115
-131
-150
-163
-177
-197
-206
-209
-213
-218
-221
-221
-216
-214
-210
-205
-189
-171
-158
-143
-121
-96
-74
-45
-26
-1
27
47
67
76
90
104
120
133
143
146
140
141
140
135
131
120
103
89
69
51
36
20
1
-25
-48
-70
-87
-105
-123
-135
-146
-156
-164
-169
-173
-166
-163
-162
-150
-137
-125
-107
-93
-76
-65
-53
-31
-14
2
17
37
54
63
77
90
105
121
131
143
154
170
185
190
192
184
178
173
162
141
114
88
62
33
9
-18
-49
-76
-100
-124
-141
-156
-166
-170
-180
-184
-183
-183
-178
-170
-166
-157
-143
-124
-104
-81
-54
-31
3
33
58
85
110
136
159
181
195
205
216
220
215
207
202
191
176
162
147
127
114
96
74
48
28
9
-11
-30
-49
-61
-74
-92
-112
-121
-127
-136
-140
-136
-131
-133
-132
-121
-111
-98
-80
-67
-52
-37
-30
-19
-7
9
24
41
56
73
84
96
101
101
105
104
97
92
82
72
64
49
34
15
0
-13
-29
-38
-43
-46
-55
-64
-72
-80
-83
-84
-86
-89
-91
-91
-91
-90
-84
-79
-69
-63
-60
-47
-32
-24
-7
12
24
36
45
53
63
69
73
72
72
70
66
56
50
39
24
13
2
-11
-24
-34
-46
-55
-60
-63
-69
-64
-57
-55
-46
-41
-25
-8
10
26
45
60
74
88
102
116
128
140
151
165
172
173
173
174
180
187
194
195
195
186
170
154
129
110
89
64
39
12
-17
-44
-68
-88
-104
-115
-119
-120
-122
-120
-119
-118
-108
-97
-89
-82
-75
-66
-60
-50
-40
-34
-25
-9
12
29
49
67
79
95
104
111
118
123
124
116
109
95
76
59
37
13
-10
-32
-53
-72
-91
-108
-121
-140
-151
-158
-169
-178
-184
-186
-189
-190
-192
-192
-191
-187
-176
-167
-146
-120
-101
-80
-55
-33
-12
9
34
60
81
108
125
136
150
159
168
182
194
201
213
222
224
221
212
199
186
174
159
140
117
93
69
39
17
-1
-24
-45
-64
-83
-90
-92
-99
-100
-106
-112
-113
-113
-114
-111
-103
-91
-77
-59
-42
-27
-7
9
25
42
58
72
86
94
104
113
117
119
114
103
94
80
57
40
20
-4
-27
-50
-71
-97
-117
-134
-145
-159
-170
-180
-186
-186
-192
-193
-189
-187
-185
-176
-163
-152
-139
-130
-115
-98
-79
-55
-34
-10
12
32
49
64
77
83
93
95
100
104
109
110
104
102
97
88
81
73
65
56
52
49
44
40
36
38
36
37
32
34
40
39
36
37
46
43
46
45
43
47
41
45
52
57
63
71
77
85
98
109
116
119
115
117
117
117
109
103
100
90
77
60
41
17
-3
-18
-29
-46
-61
-72
-89
-103
-109
-113
-115
-119
-121
-122
-125
-129
-131
-129
-123
-117
-111
-104
-97
-91
-78
-62
-47
-34
-19
-6
6
22
30
27
28
26
27
26
21
15
6
1
-4
-9
-13
-20
-31
-35
-33
-37
-37
-39
-48
-52
-53
-56
-55
-53
-46
-35
-27
-19
-4
7
22
40
53
74
89
103
113
124
132
137
141
145
152
153
155
153
151
147
145
149
148
146
132
123
118
108
89
72
49
23
-4
-29
-55
-76
-88
-100
-113
-119
-125
-129
-133
-130
-123
-121
-116
-113
-111
-108
-107
-108
-109
-110
-114
-116
-112
-106
-98
-91
-80
-65
-56
-44
-38
-28
-22
-10
-2
0
-1
-6
-13
-18
-28
-47
-60
-76
-86
-96
-109
-119
-120
-123
-123
-120
-119
-107
-96
-86
-74
-59
-44
-34
-22
-8
4
19
38
53
63
79
97
112
129
145
157
172
190
199
206
210
211
213
210
203
188
175
165
153
135
118
98
77
62
41
21
-1
-20
-40
-53
-59
-67
-74
-79
-84
-92
-96
-92
-83
-76
-73
-67
-60
-52
-41
-29
-18
-7
-1
3
9
20
23
24
24
27
27
22
17
10
5
-2
-10
-22
-29
-38
-49
-55
-67
-78
-86
-93
-104
-108
-117
-128
-134
-138
-140
-143
-141
-146
-155
-154
-145
-137
-129
-121
-112
-101
-84
-65
-54
-37
-25
-16
-4
10
21
31
42
50
61
69
79
87
91
96
98
94
91
92
87
85
79
68
54
41
31
22
9
1
-11
-17
-14
-13
-9
1
9
17
27
39
53
64
73
80
87
98
105
111
110
115
116
110
106
105
103
103
95
92
94
90
89
78
65
54
40
24
12
1
-13
-26
-42
-56
-66
-75
-88
-95
-105
-109
-114
-112
-112
-108
-102
-98
-94
-94
-91
-86
-81
-80
-78
-74
-68
-63
-59
-60
-61
-58
-51
-49
-41
-33
-29
-22
-15
-18
-20
-22
-20
-20
-22
-25
-33
-34
-35
-31
-38
-43
-46
-51
-56
-57
-56
-55
-56
-57
-58
-57
-54
-48
-38
-28
-20
-11
-2
10
25
39
51
64
76
81
88
91
96
99
101
101
99
95
93
85
75
61
50
41
35
32
25
14
3
-1
-8
-11
-12
-16
-21
-22
-18
-19
-16
-6
-2
2
5
10
14
23
25
30
36
40
40
45
49
50
53
55
59
60
58
54
52
46
40
41
40
31
27
15
7
1
-2
-11
-20
-27
-37
-44
-48
-50
-54
-55
-57
-58
-58
-53
-51
-52
-46
-43
-39
-34
-27
-19
-12
-3
7
18
28
36
48
55
66
68
68
68
69
67
60
49
39
33
28
17
8
0
-14
-28
-41
-51
-66
-76
-79
-85
-89
-94
-93
-99
-98
-97
-98
-92
-91
-90
-85
-78
-70
-62
-46
-26
-12
3
18
34
46
63
73
75
80
83
86
86
85
81
74
72
67
63
59
52
42
30
18
8
-6
-14
-26
-43
-56
-66
-70
-76
-76
-77
-77
-78
-75
-68
-64
-50
-43
-47
-42
-38
-32
-28
-16
-9
-5
7
12
20
30
41
53
62
71
80
83
87
91
95
95
94
88
78
74
65
55
44
32
21
6
-10
-24
-33
-44
-52
-58
-62
-64
-65
-69
-67
-65
-60
-55
-47
-37
-25
-10
2
16
30
45
62
75
91
101
109
114
121
125
125
124
121
114
108
102
93
82
72
61
51
40
25
14
3
-10
-22
-38
-51
-63
-75
-85
-94
-102
-107
-108
-108
-105
-102
-96
-89
-78
-69
-58
-49
-40
-28
-16
-5
4
14
22
32
40
45
51
54
56
57
57
53
48
42
35
26
14
3
-7
-16
-28
-39
-52
-62
-71
-77
-85
-90
-95
-97
-94
-92
-85
-79
-72
-66
-60
-47
-36
-22
-6
5
19
32
47
60
74
90
101
112
122
133
141
146
151
148
147
146
137
131
124
114
99
84
67
50
34
14
-7
-25
-43
-58
-73
-88
-100
-110
-120
-124
-129
-133
-129
-127
-120
-108
-97
-86
-71
-54
-37
-20
-3
12
33
51
65
79
88
98
111
123
131
136
140
142
139
133
125
122
111
101
87
63
42
24
6
-11
-28
-43
-60
-76
-90
-103
-111
-117
-122
-123
-124
-126
-127
-126
-119
-111
-106
-98
-91
-81
-66
-50
-33
-18
0
15
28
43
56
66
75
83
81
78
76
68
61
57
48
38
29
21
9
-2
-11
-21
-31
-39
-48
-58
-68
-75
-85
-93
-99
-102
-108
-112
-110
-110
-103
-97
-92
-83
-71
-59
-50
-38
-26
-18
-6
7
18
27
38
51
59
67
78
85
90
95
102
105
106
107
105
107
104
99
91
80
74
61
49
33
18
7
-2
-6
-14
-21
-27
-29
-30
-31
-31
-34
-39
-38
-37
-36
-36
-33
-34
-34
-27
-21
-12
-2
6
16
24
34
42
48
52
50
49
47
44
41
37
32
25
18
13
3
-4
-11
-19
-29
-34
-39
-42
-47
-50
-56
-63
-65
-65
-70
-70
-73
-71
-71
-66
-59
-54
-45
-41
-34
-26
-16
-7
-3
3
4
4
5
8
15
16
14
13
16
20
20
21
19
16
15
16
15
9
1
-5
-11
-16
-20
-25
-28
-33
-37
-40
-42
-39
-37
-31
-25
-17
-12
-9
-5
1
8
14
19
23
28
34
40
50
56
61
64
65
69
71
71
68
64
59
54
43
33
26
18
12
3
-9
-18
-23
-30
-33
-34
-35
-39
-43
-45
-48
-49
-50
-49
-50
-53
-52
-51
-46
-41
-35
-27
-21
-15
-8
0
7
11
13
15
20
24
27
27
27
24
18
13
7
7
8
6
7
7
5
0
-3
-5
-10
-17
-24
-30
-37
-40
-45
-49
-53
-53
-49
-44
-37
-29
-22
-13
-5
5
14
23
30
34
36
37
39
38
41
41
41
41
41
40
40
41
41
38
37
38
33
31
27
23
18
12
5
-4
-9
-14
-20
-22
-25
-27
-29
-28
-27
-24
-22
-21
-20
-19
-18
-15
-14
-14
-13
-13
-15
-13
-12
-7
-7
-4
-2
3
6
10
13
14
16
15
11
7
3
1
-3
-9
-14
-21
-25
-28
-30
-31
-31
-31
-30
-30
-29
-26
-25
-22
-21
-19
-19
-17
-16
-14
-11
-8
-4
1
6
11
16
19
24
29
32
34
35
38
39
36
35
33
29
26
22
17
12
6
2
-3
-5
-7
-13
-15
-17
-19
-21
-22
-23
-25
-25
-24
-24
-23
-20
-17
-13
-8
-3
2
7
13
19
24
30
34
37
39
41
43
45
46
45
44
42
41
39
37
34
30
25
18
12
5
-1
-10
-18
-26
-34
-41
-47
-53
-59
-62
-65
-67
-64
-62
-59
-57
-55
-51
-46
-41
-36
-30
-24
-17
-11
-4
3
12
19
25
32
39
44
49
52
55
56
55
55
51
44
39
33
25
18
11
3
-6
-12
-19
-23
-29
-33
-38
-43
-45
-48
-51
-53
-54
-53
-54
-54
-49
-44
-39
-31
-23
-15
-6
3
12
22
31
37
44
49
53
56
58
59
57
58
57
55
55
53
51
52
48
44
41
38
35
28
22
15
7
-1
-8
-17
-25
-32
-40
-46
-49
-52
-54
-55
-55
-56
-53
-49
-46
-41
-36
-33
-29
-24
-19
-13
-7
1
5
12
20
26
32
40
45
50
53
54
55
56
53
50
46
41
33
25
18
9
1
-8
-15
-24
-29
-36
-43
-48
-53
-56
-59
-62
-65
-68
-67
-66
-64
-60
-56
-50
-44
-37
-30
-22
-14
-5
4
14
23
29
35
42
48
53
56
60
61
60
59
57
54
51
48
43
39
35
28
24
18
12
6
0
-7
-13
-19
-23
-28
-31
-35
-39
-41
-42
-43
-41
-39
-37
-35
-30
-27
-23
-17
-13
-6
-1
5
9
14
20
25
29
33
37
40
42
45
46
46
47
47
45
42
40
36
31
27
21
15
10
5
-2
-9
-14
-20
-25
-28
-33
-36
-37
-40
-42
-42
-41
-41
-39
-39
-36
-34
-31
-28
-24
-19
-17
-13
-8
-4
1
6
10
11
14
17
19
19
21
20
19
17
16
13
11
10
7
5
3
0
-3
-6
-7
-10
-11
-13
-14
-14
-16
-16
-17
-17
-16
-16
-14
-11
-10
-7
-4
-2
2
5
8
9
13
14
16
16
18
18
19
20
17
17
16
15
15
14
14
12
12
11
10
10
9
9
8
6
6
5
5
5
6
5
6
5
5
6
6
8
10
10
11
12
12
12
13
14
13
11
9
8
6
5
2
1
0
-2
-5
-6
-7
-8
-9
-11
-11
-11
-12
-13
-16
-15
-17
-19
-21
-20
-21
-20
-20
-19
-18
-15
-13
-12
-9
-7
-4
-1
1
4
6
7
9
7
11
11
12
13
14
16
17
18
19
19
19
19
17
16
15
13
11
6
3
-2
-5
-11
-14
-18
-20
-24
-27
-28
-30
-30
-29
-29
-27
-25
-23
-20
-19
-15
-13
-10
-6
-2
0
5
10
14
19
24
28
33
37
40
43
46
48
48
46
43
42
37
33
28
25
19
13
7
2
-3
-7
-13
-16
-19
-22
-26
-30
-32
-35
-37
-40
-41
-42
-41
-40
-39
-36
-32
-28
-24
-19
-14
-8
0
5
11
16
22
27
29
32
33
36
37
37
37
39
37
35
34
33
31
28
24
22
18
13
8
2
-2
-8
-13
-20
-26
-30
-34
-39
-41
-42
-44
-44
-44
-42
-38
-34
-30
-27
-22
-16
-10
-5
0
5
10
15
20
25
30
33
38
42
46
50
54
54
55
54
51
48
44
40
32
27
19
11
4
-4
-11
-18
-23
-28
-35
-38
-42
-44
-46
-48
-47
-48
-49
-49
-48
-46
-43
-41
-38
-34
-31
-23
-17
-12
-5
2
7
13
17
23
25
28
28
27
26
24
23
19
17
13
8
5
2
-2
-5
-6
-9
-11
-14
-19
-21
-24
-26
-29
-32
-35
-36
-37
-39
-38
-37
-35
-32
-28
-23
-16
-11
-4
2
8
13
19
23
26
31
33
37
38
40
41
41
43
45
46
46
47
45
44
40
37
34
30
26
20
14
9
2
-3
-8
-12
-15
-17
-18
-19
-18
-17
-15
-13
-10
-8
-6
-3
0
2
5
7
9
13
16
20
21
24
27
29
32
32
33
32
32
27
24
20
14
9
1
-4
-10
-16
-22
-27
-31
-34
-37
-40
-43
-46
-47
-48
-49
-50
-50
-50
-51
-51
-51
-48
-45
-43
-39
-32
-28
-22
-15
-9
-4
2
8
13
15
17
18
18
19
17
15
14
11
9
6
4
1
-2
-3
-4
-6
-9
-11
-14
-17
-20
-23
-25
-29
-32
-34
-34
-34
-33
-30
-28
-23
-17
-10
-4
4
12
19
25
32
35
42
46
50
54
56
58
59
59
60
60
58
58
57
56
53
49
46
41
36
30
24
17
10
3
-3
-10
-16
-21
-25
-29
-30
-32
-32
-33
-32
-30
-28
-24
-22
-18
-14
-10
-6
-3
1
5
9
12
16
21
24
26
27
30
30
30
29
28
27
25
22
17
12
6
-1
-7
-13
-20
-24
-30
-36
-41
-47
-51
-54
-57
-60
-61
-62
-63
-62
-61
-60
-58
-57
-52
-47
-43
-36
-29
-23
-16
-9
-3
2
10
18
22
27
32
34
35
38
38
38
40
39
38
36
33
28
25
21
17
13
10
5
0
-5
-10
-17
-21
-27
-31
-33
-35
-35
-36
-35
-34
-32
-29
-25
-19
-14
-7
-1
5
10
14
18
22
27
30
34
38
39
41
41
42
43
43
45
44
44
41
38
35
29
23
18
11
5
-1
-9
-14
-21
-27
-33
-37
-40
-42
-42
-42
-41
-39
-38
-37
-34
-32
-28
-24
-21
-17
-13
-10
-8
-4
0
4
10
15
19
24
27
29
32
32
33
33
32
31
29
25
20
14
7
2
-2
-6
-9
-13
-15
-19
-21
-23
-26
-28
-26
-25
-24
-24
-23
-22
-21
-20
-18
-15
-11
-8
-3
3
7
11
14
18
22
25
29
32
34
35
34
32
30
27
25
23
20
16
13
10
5
0
-4
-8
-10
-13
-15
-18
-20
-23
-25
-27
-28
-28
-27
-27
-24
-23
-20
-19
-17
-14
-10
-6
-2
1
5
8
10
12
12
14
14
15
17
17
17
17
15
14
12
10
8
7
4
1
-3
-7
-12
-15
-18
-22
-24
-25
-25
-27
-28
-27
-26
-27
-24
-21
-17
-13
-11
-8
-6
-4
-2
1
4
8
10
14
17
19
22
25
27
28
28
29
29
30
29
27
24
20
16
13
8
4
1
-3
-7
-11
-13
-15
-15
-17
-15
-15
-16
-16
-16
-15
-17
-15
-14
-13
-10
-9
-7
-5
-2
1
5
8
13
16
19
22
26
27
28
28
28
27
27
25
24
21
18
14
10
7
3
0
-2
-5
-8
-10
-14
-16
-18
-21
-23
-23
-25
-28
-29
-30
-30
-31
-29
-28
-25
-22
-19
-15
-11
-7
-3
1
5
9
13
15
18
20
21
22
21
24
22
22
21
19
19
16
14
12
11
8
3
1
-3
-7
-10
-15
-18
-20
-22
-25
-26
-26
-26
-26
-26
-25
-23
-20
-17
-14
-10
-7
-4
0
4
8
11
15
19
21
23
27
29
30
31
33
33
33
33
33
31
28
26
22
17
13
8
4
0
-3
-7
-11
-14
-17
-18
-19
-21
-22
-23
-24
-23
-23
-23
-22
-20
-18
-14
-11
-7
-4
0
4
9
12
16
20
22
25
27
29
29
29
29
28
27
24
22
20
15
13
9
5
2
-2
-4
-10
-12
-15
-18
-21
-24
-27
-28
-29
-30
-30
-30
-29
-28
-26
-23
-20
-16
-11
-7
-2
3
8
11
15
19
23
26
29
30
31
32
32
32
31
30
29
27
24
20
17
14
10
7
3
-2
-6
-10
-14
-19
-21
-24
-27
-29
-30
-31
-30
-29
-28
-26
-23
-20
-16
-13
-9
-6
-2
2
6
10
13
15
19
21
24
26
27
28
29
28
28
27
25
25
21
18
15
11
7
2
-3
-7
-11
-15
-19
-21
-25
-28
-29
-30
-30
-31
-31
-29
-29
-26
-25
-23
-20
-17
-15
-11
-6
-3
1
5
8
13
15
19
22
25
26
28
28
28
27
27
26
25
22
19
16
13
8
6
3
0
-4
-6
-10
-13
-13
-16
-18
-21
-22
-23
-23
-23
-23
-22
-19
-18
-15
-13
-9
-6
-1
2
6
9
14
17
21
23
26
27
28
29
30
28
27
27
25
23
22
18
16
13
11
8
4
1
-3
-7
-11
-15
-18
-22
-24
-27
-28
-29
-29
-30
-30
-28
-27
-26
-22
-20
-16
-14
-11
-7
-5
-1
1
4
7
8
11
12
14
16
16
18
18
17
18
17
17
15
13
10
7
5
2
-1
-5
-8
-11
-14
-15
-18
-19
-20
-22
-21
-22
-21
-19
-19
-16
-15
-15
-11
-9
-7
-4
-2
1
3
6
9
12
14
18
20
22
24
25
26
25
24
23
21
19
16
13
11
9
6
2
-1
-4
-7
-9
-11
-13
-14
-17
-19
-20
-21
-21
-22
-22
-23
-21
-20
-18
-16
-12
-10
-8
-5
-2
2
5
8
11
13
16
16
18
17
18
18
17
15
14
12
11
9
8
7
4
2
-1
-4
-6
-9
-11
-13
-14
-18
-18
-19
-21
-22
-22
-21
-21
-20
-19
-18
-16
-13
-11
-7
-5
-3
-2
1
4
6
8
10
11
11
13
13
14
16
16
15
15
15
14
14
13
11
10
8
5
3
2
0
-3
-4
-6
-8
-10
-12
-13
-15
-15
-16
-16
-17
-15
-16
-15
-14
-12
-11
-10
-8
-5
-3
-1
0
3
6
8
11
14
15
18
19
20
21
21
19
19
16
15
13
11
9
6
2
0
-2
-5
-7
-9
-12
-15
-16
-17
-18
-19
-19
-20
-20
-19
-18
-16
-15
-12
-10
-8
-6
-4
-1
3
6
8
10
12
16
16
17
19
20
19
19
19
19
17
14
13
11
9
8
5
4
1
-2
-5
-6
-7
-8
-9
-9
-11
-12
-12
-12
-12
-12
-10
-10
-9
-8
-7
-6
-4
-3
-2
0
2
5
6
10
11
13
15
17
18
19
18
19
20
20
19
18
19
17
15
13
10
8
5
2
0
-2
-6
-7
-11
-14
-15
-17
-18
-19
-21
-20
-20
-20
-19
-18
-17
-16
-13
-12
-9
-7
-4
-1
1
7
9
11
14
16
16
17
18
19
19
19
17
15
13
10
8
6
4
1
-3
-6
-9
-12
-14
-16
-17
-19
-21
-22
-23
-23
-23
-21
-21
-19
-17
-16
-13
-10
-8
-5
-3
0
3
5
7
9
12
13
15
16
18
17
19
19
19
18
17
16
15
12
11
10
8
8
5
3
2
1
-2
-4
-6
-8
-10
-12
-13
-14
-16
-15
-15
-16
-15
-14
-12
-10
-8
-4
-3
-1
2
5
7
9
11
14
16
18
20
21
22
23
23
23
24
23
21
20
17
14
11
9
6
3
1
-2
-5
-8
-11
-13
-15
-17
-19
-20
-21
-22
-22
-22
-20
-18
-17
-16
-13
-12
-8
-7
-4
-1
2
3
5
7
10
11
12
14
14
16
17
16
16
15
13
11
11
8
7
5
1
-1
-4
-6
-8
-9
-10
-13
-14
-15
-16
-17
-16
-16
-15
-15
-14
-13
-12
-11
-9
-6
-4
-2
-1
0
2
4
6
7
8
9
10
12
13
14
15
15
15
15
13
13
10
8
6
4
1
-1
-5
-6
-10
-12
-15
-17
-19
-21
-23
-23
-24
-24
-24
-24
-23
-20
-18
-15
-13
-10
-8
-4
-1
4
7
9
14
15
16
17
20
21
22
22
22
21
20
19
18
17
14
12
10
6
3
1
-1
-5
-6
-9
-11
-12
-13
-14
-15
-13
-13
-14
-13
-12
-12
-9
-7
-5
-4
-3
1
3
8
10
12
15
16
17
19
20
21
21
20
19
17
16
15
12
12
8
6
4
1
-1
-3
-7
-10
-12
-14
-17
-19
-20
-21
-21
-22
-21
-22
-21
-20
-18
-16
-14
-12
-10
-8
-5
-1
1
4
5
8
11
14
17
20
20
21
22
22
22
21
21
19
17
15
12
11
8
5
2
0
-3
-5
-8
-11
-14
-14
-17
-17
-19
-21
-21
-21
-21
-19
-18
-15
-14
-11
-9
-6
-2
0
3
4
8
10
13
15
17
19
19
20
20
20
20
19
17
15
13
12
10
7
4
2
-1
-3
-4
-7
-9
-11
-13
-15
-16
-17
-18
-19
-19
-18
-15
-15
-12
-10
-10
-7
-4
-2
-1
1
4
6
9
12
13
13
14
15
15
16
16
16
15
13
12
12
10
7
6
5
2
0
-4
-5
-7
-8
-10
-12
-13
-12
-13
-13
-13
-13
-13
-11
-11
-10
-9
