7
8
9
9
10
10
12
13
13
14
14
14
14
15
15
16
15
15
15
14
16
16
17
16
15
15
14
13
14
13
12
9
9
7
7
8
8
7
7
7
6
5
5
3
2
0
-1
-2
-3
-2
-3
-3
-5
-6
-6
-7
-7
-8
-8
-10
-11
-12
-12
-12
-13
-13
-14
-14
-13
-14
-14
-14
-15
-14
-14
-15
-15
-14
-14
-14
-13
-12
-12
-11
-12
-10
-9
-8
-8
-7
-6
-5
-4
-4
-4
-3
-3
-1
-1
0
2
2
3
6
7
8
11
10
11
11
13
14
14
15
16
17
16
17
18
17
19
20
19
19
19
19
17
17
18
17
16
17
15
15
16
16
16
15
14
12
11
10
9
6
5
4
3
2
1
0
-1
-2
-3
-4
-4
-5
-7
-8
-9
-10
-12
-14
-13
-15
-17
-18
-18
-18
-18
-19
-19
-21
-20
-21
-22
-23
-22
-24
-24
-23
-23
-24
-23
-23
-23
-22
-21
-20
-19
-19
-19
-18
-16
-17
-15
-14
-13
-11
-10
-9
-7
-6
-5
-3
-1
-1
1
2
2
6
5
6
7
8
9
11
12
14
16
17
18
19
19
20
20
21
22
21
21
21
21
21
20
21
21
20
20
20
20
19
18
18
17
17
15
14
14
14
13
13
12
11
10
10
9
7
6
4
3
2
0
-1
-1
-2
-4
-3
-5
-6
-5
-6
-7
-8
-8
-9
-10
-10
-12
-13
-13
-14
-14
-15
-14
-15
-15
-15
-15
-17
-17
-17
-18
-19
-18
-19
-18
-19
-18
-18
-17
-14
-14
-13
-12
-12
-11
-10
-7
-8
-8
-8
-8
-6
-6
-6
-4
-3
-1
0
1
2
3
4
4
5
6
5
6
6
7
7
7
7
8
10
10
10
11
10
10
10
11
10
8
9
8
7
7
7
10
10
10
8
9
8
8
7
5
3
3
2
3
2
2
2
1
1
0
0
1
-1
-1
-2
-3
-3
-4
-5
-4
-5
-4
-5
-6
-5
-5
-5
-5
-5
-5
-5
-6
-6
-6
-7
-7
-6
-6
-6
-6
-6
-5
-4
-5
-4
-4
-4
-3
-4
-4
-3
-4
-4
-3
-2
-1
-1
-1
0
1
1
1
1
2
2
1
2
2
3
4
4
5
5
6
6
7
7
9
10
9
8
8
7
7
7
7
8
7
8
8
7
7
6
6
5
5
3
4
3
1
1
1
2
2
2
2
1
1
1
0
-1
-2
-2
-4
-5
-5
-6
-6
-6
-6
-6
-6
-6
-6
-6
-6
-7
-8
-7
-9
-8
-8
-7
-7
-6
-6
-6
-5
-6
-6
-6
-6
-6
-6
-6
-7
-7
-7
-7
-5
-6
-4
-3
-3
-2
-1
-2
-1
-2
0
1
0
1
1
0
1
1
3
3
3
4
3
3
3
2
4
4
4
3
3
4
4
4
5
5
4
4
4
3
3
3
3
2
2
3
3
3
2
2
2
2
3
3
3
2
0
1
1
1
1
1
2
3
1
1
2
3
3
4
4
4
4
3
4
4
3
3
2
2
2
2
3
4
3
4
5
5
4
4
3
3
4
3
4
4
4
4
4
5
5
4
4
4
4
4
3
3
2
3
2
3
3
3
1
1
1
0
0
0
0
-2
-3
-3
-3
-3
-4
-4
-4
-4
-4
-3
-3
-5
-4
-4
-5
-6
-7
-6
-6
-6
-6
-6
-6
-7
-6
-6
-7
-7
-7
-7
-8
-6
-7
-8
-8
-8
-8
-8
-8
-7
-7
-6
-6
-6
-6
-5
-5
-5
-4
-3
-4
-3
-2
-1
0
1
2
2
2
2
2
3
3
4
4
5
6
7
7
8
8
9
10
10
10
11
11
11
12
11
11
11
12
10
11
12
10
11
11
11
11
10
10
9
8
8
7
6
5
6
5
4
4
3
4
3
2
1
-1
0
0
-2
-2
-2
-2
-4
-5
-4
-5
-6
-7
-6
-7
-8
-9
-9
-8
-8
-9
-10
-9
-10
-10
-10
-9
-10
-10
-9
-9
-9
-9
-9
-9
-8
-7
-7
-7
-6
-6
-5
-4
-3
-3
-1
-2
-2
-1
0
0
1
2
3
4
4
5
5
6
7
8
8
10
10
9
9
9
9
9
10
11
10
11
10
10
10
10
11
11
10
8
8
8
8
7
9
9
7
7
6
6
6
6
6
5
4
4
3
2
2
1
1
-1
-1
-1
-2
-2
-2
-3
-4
-5
-4
-5
-5
-5
-5
-5
-5
-5
-5
-6
-6
-6
-6
-6
-7
-7
-6
-8
-7
-7
-8
-9
-7
-7
-8
-8
-7
-7
-7
-7
-7
-6
-4
-4
-4
-4
-4
-4
-4
-3
-3
-2
-2
0
0
1
1
3
3
4
6
6
7
7
8
9
9
9
10
10
11
10
11
12
12
13
12
13
13
13
13
12
12
13
12
12
11
11
11
11
11
10
9
9
8
8
6
6
6
4
5
5
3
4
3
2
1
0
-1
-2
-4
-4
-5
-5
-6
-6
-7
-8
-10
-11
-11
-11
-12
-12
-14
-14
-13
-15
-15
-15
-15
-16
-15
-16
-17
-16
-16
-17
-17
-16
-17
-16
-16
-15
-15
-14
-14
-13
-13
-11
-11
-10
-9
-9
-8
-8
-7
-7
-7
-4
-5
-4
-3
-2
-1
1
2
3
4
6
7
9
8
9
10
12
12
13
15
16
17
18
18
19
21
20
21
20
21
20
21
21
20
21
20
20
20
20
19
18
17
16
15
15
14
13
12
12
10
9
8
7
7
5
3
1
1
0
-2
-2
-2
-3
-4
-6
-6
-6
-8
-9
-10
-11
-12
-13
-12
-14
-13
-13
-14
-15
-15
-15
-17
-17
-17
-17
-16
-17
-16
-15
-15
-16
-14
-13
-13
-13
-13
-13
-12
-10
-10
-10
-9
-7
-7
-6
-4
-4
-3
-2
-2
0
0
0
0
3
5
4
5
6
6
7
9
8
8
9
10
12
12
12
12
13
13
13
14
14
13
14
15
15
15
15
14
14
14
14
14
13
13
13
11
12
10
9
8
7
7
7
5
5
3
3
1
2
2
0
-2
-3
-5
-6
-6
-8
-7
-9
-9
-11
-10
-12
-13
-13
-14
-16
-15
-15
-16
-16
-15
-16
-17
-17
-17
-16
-16
-15
-15
-15
-14
-16
-15
-14
-13
-12
-11
-11
-11
-9
-9
-7
-6
-5
-4
-3
-2
-2
-1
1
1
3
4
4
5
7
7
8
10
11
10
12
13
13
15
17
17
19
18
18
19
19
20
18
19
18
18
18
17
17
17
15
14
13
12
11
11
10
9
8
8
7
5
4
4
2
2
1
0
-3
-4
-5
-5
-5
-6
-7
-7
-9
-9
-10
-11
-12
-13
-14
-15
-16
-16
-17
-18
-18
-20
-19
-20
-21
-21
-20
-22
-21
-21
-21
-21
-22
-21
-21
-19
-19
-19
-18
-17
-15
-15
-16
-15
-15
-12
-12
-12
-10
-9
-8
-5
-4
-3
-1
-1
0
0
2
3
4
4
4
5
6
8
7
7
10
11
11
10
11
11
12
12
13
13
13
13
14
13
14
14
15
14
13
14
14
14
14
14
15
14
14
12
12
13
12
12
11
11
10
8
7
6
6
6
5
5
4
3
4
2
1
1
1
0
0
-2
-3
-2
-3
-3
-4
-3
-4
-5
-5
-5
-6
-6
-6
-6
-7
-7
-7
-7
-8
-8
-7
-7
-8
-8
-7
-7
-7
-6
-6
-5
-4
-3
-4
-3
-2
-1
-1
1
1
1
3
4
5
6
7
7
7
7
9
11
10
11
11
11
12
12
12
12
13
14
13
11
11
12
12
12
13
12
11
10
9
9
9
8
8
7
7
6
5
4
3
2
2
1
0
-2
-2
-2
-3
-5
-5
-6
-6
-7
-8
-9
-10
-11
-10
-12
-12
-12
-12
-12
-11
-12
-14
-14
-14
-14
-14
-13
-13
-13
-12
-12
-13
-12
-13
-12
-11
-11
-9
-9
-9
-9
-7
-6
-6
-4
-4
-3
-1
-1
-1
-1
0
2
2
3
3
3
4
4
5
6
6
6
6
7
7
8
8
9
9
9
9
9
10
11
11
11
9
10
8
8
9
9
8
9
9
8
7
6
7
7
6
7
7
5
5
4
4
3
3
3
1
0
0
-1
-1
-1
-2
-4
-3
-3
-4
-5
-5
-5
-6
-6
-6
-6
-6
-6
-7
-7
-7
-6
-6
-7
-8
-7
-8
-8
-8
-7
-8
-7
-7
-8
-7
-7
-6
-6
-7
-7
-6
-4
-4
-3
-3
-2
-3
-3
-3
-1
-1
0
0
1
1
0
0
1
1
1
2
2
3
4
3
3
4
3
4
4
3
3
2
3
5
4
4
3
3
4
4
4
4
4
3
2
4
3
3
4
4
3
3
2
3
3
2
1
2
3
3
1
1
0
-1
0
0
1
1
0
-1
-1
-2
-3
-1
-2
-1
-1
-2
-3
-2
-3
-3
-3
-2
-1
-2
-2
-3
-2
-3
-1
-1
-1
-1
-2
-2
-1
0
0
0
-1
1
2
2
4
3
3
3
4
3
3
3
4
5
5
5
4
5
5
6
7
8
7
8
7
6
5
5
5
6
5
6
4
3
3
2
1
3
2
1
1
1
1
1
0
0
0
-1
-1
-1
-2
-3
-4
-5
-5
-5
-7
-7
-6
-6
-8
-6
-7
-7
-8
-7
-6
-7
-6
-8
-8
-8
-8
-8
-8
-7
-8
-8
-8
-8
-9
-6
-7
-5
-5
-6
-5
-4
-4
-4
-4
-3
-3
-2
-2
-1
-3
-1
-1
-1
-1
0
0
1
2
1
1
2
4
2
2
2
3
2
2
2
4
2
1
2
4
4
5
4
5
5
5
5
6
6
6
5
5
5
4
4
2
2
1
2
2
2
1
1
1
2
2
1
0
1
0
-2
-2
-1
-2
-3
-4
-5
-4
-5
-5
-6
-6
-6
-6
-6
-4
-3
-4
-3
-3
-3
-3
-4
-2
-2
-2
-3
-3
-4
-3
-3
-3
-3
-2
-3
-2
-1
-1
0
0
1
1
2
1
3
2
3
3
2
3
2
1
1
1
2
2
2
3
2
2
2
2
2
2
1
1
0
-1
-1
-1
-1
-2
-1
0
-1
0
0
0
0
1
1
1
2
2
2
1
0
1
1
0
1
1
0
-1
-1
0
0
0
0
0
-1
0
0
0
0
1
0
1
-1
-2
-2
-1
-2
-2
-3
-3
-3
-3
-2
-2
-2
-3
-3
-2
-2
-2
-3
-2
-3
-4
-5
-6
-5
-6
-5
-5
-4
-4
-5
-4
-4
-1
-1
1
1
2
2
0
1
2
1
1
2
1
2
3
1
3
3
3
4
5
6
4
7
6
6
6
6
6
5
7
6
6
6
5
5
5
5
5
5
6
5
5
4
4
5
5
5
5
4
4
3
3
3
2
1
2
0
2
1
1
1
0
1
0
1
-2
-1
-2
-2
-2
-3
-4
-4
-5
-5
-5
-6
-6
-8
-8
-7
-8
-6
-7
-6
-6
-6
-6
-5
-5
-4
-4
-3
-4
-5
-5
-6
-6
-6
-5
-6
-6
-4
-3
-3
-2
-2
-1
-1
0
1
0
1
1
0
0
0
0
1
0
0
1
1
0
0
0
1
2
1
1
2
2
2
2
4
3
3
4
4
4
4
4
4
4
4
4
5
6
6
5
6
6
5
5
5
5
4
3
2
2
1
1
0
0
1
0
0
-1
1
0
0
0
0
0
1
1
2
2
0
-1
-1
-2
-2
-3
-2
-2
-4
-4
-4
-3
-2
-1
-1
0
-1
-1
-1
0
-1
0
0
0
-1
-1
0
0
1
0
0
0
0
0
0
1
1
0
0
-1
0
1
1
2
2
2
2
3
3
4
5
4
4
4
3
4
3
2
1
1
1
-1
-1
0
-1
-1
-1
-1
-1
-1
-1
0
-1
0
0
-1
-2
-1
-1
-1
-2
-1
0
-2
-2
-2
-3
-2
-2
-3
-2
-2
-2
-2
-2
-1
-1
-1
-1
1
0
-1
-2
-2
-2
-3
-2
-1
-1
0
1
2
0
0
1
2
2
2
1
1
0
0
0
1
0
0
0
1
1
1
3
3
4
4
4
5
4
5
4
2
3
3
3
3
2
2
3
2
1
1
2
2
3
2
3
3
2
2
2
1
1
2
1
2
3
2
3
3
3
2
2
1
0
0
-1
0
1
0
-1
-2
-2
-2
-2
-2
-2
-1
-1
0
0
-2
-1
-2
-3
-2
-1
-1
-2
0
1
1
-1
-1
-2
-2
-3
-3
-3
-4
-3
-3
-4
-4
-3
-3
-3
-3
-2
-2
-2
-2
-2
-3
-3
-2
-4
-4
-4
-4
-3
-3
-2
-1
-1
-1
-1
-1
-2
-2
-2
-2
-2
-2
-2
-2
-2
-3
-1
-1
1
0
1
1
1
0
0
0
0
0
-1
-2
-2
-1
0
0
0
0
-1
-2
-1
0
0
-1
-2
-1
0
0
-1
-1
-1
0
-1
-1
0
0
1
2
2
1
1
0
0
0
0
0
-1
0
1
2
1
1
1
0
0
0
0
0
1
1
1
1
0
-1
0
1
0
1
1
3
2
2
2
1
1
1
0
1
1
2
1
2
2
2
4
3
3
3
2
3
2
2
1
1
1
1
2
1
2
1
2
2
2
2
2
1
1
0
-1
-1
-1
-1
0
0
0
-1
-1
-1
-2
-1
-2
0
-1
-1
-1
-2
-2
-3
-3
-3
-2
-2
-3
-3
-3
-3
-4
-5
-5
-4
-5
-6
-4
-4
-3
-2
-3
-3
-3
-2
-2
-2
-1
-1
-1
-1
-2
-2
-2
-2
-2
-2
-1
-2
-2
0
0
-1
0
1
1
0
1
2
3
2
2
2
3
1
2
2
1
1
2
2
3
3
4
3
4
2
2
1
1
1
1
2
1
1
2
2
1
1
1
1
0
0
0
1
0
0
1
0
0
0
1
2
1
1
2
3
2
1
1
0
-1
-1
-1
-2
0
0
0
0
1
1
2
2
2
3
4
4
3
5
5
5
5
6
6
6
7
7
8
8
8
9
8
10
10
10
10
8
9
8
10
10
10
10
9
8
8
9
11
11
11
10
7
7
6
5
6
5
6
4
5
6
5
4
4
3
2
-2
-3
-5
-6
-4
-3
-4
-6
-8
-10
-9
-10
-11
-12
-11
-10
-12
-15
-16
-12
-10
-11
-13
-12
-13
-15
-14
-12
-10
-11
-12
-13
-14
-14
-13
-13
-9
-9
-6
-1
-5
-10
-6
-4
-6
-9
-12
-12
-10
-6
-5
-2
-2
-5
-6
-5
-7
-10
-8
-9
-8
-6
-6
-5
-8
-10
-11
-8
-9
-10
-11
-13
-7
1
4
-4
-8
-11
-14
-17
-13
-14
-12
-12
-10
-14
-20
-18
-19
-16
-15
-12
-12
-14
-13
-15
-8
1
5
4
2
2
5
10
18
15
16
21
27
31
30
35
36
33
35
41
46
39
36
38
35
32
24
22
19
13
11
11
19
16
8
9
8
9
8
11
0
-11
-4
-6
-7
-5
1
0
-2
0
1
1
0
-1
-5
-4
-4
1
4
6
0
-5
-11
-13
-7
-3
-8
-13
-18
-29
-31
-24
-22
-23
-13
-18
-26
-32
-29
-28
-20
-12
-16
-18
-27
-35
-41
-33
-25
-18
-9
-13
-19
-20
-16
-9
-12
-8
-5
-1
-4
-8
-6
-1
5
5
5
12
18
16
18
21
24
20
25
28
14
5
-6
-8
-9
-6
-12
-30
-42
-50
-46
-44
-57
-62
-70
-70
-75
-82
-77
-74
-58
-52
-44
-43
-49
-48
-41
-25
-16
-18
-19
-21
-21
-15
1
11
4
0
-4
-3
2
12
19
25
31
35
35
36
41
54
75
97
104
100
105
110
127
155
241
314
228
-9
-117
102
352
312
102
54
133
40
-147
-110
159
271
15
-239
-225
-101
-100
-144
-54
44
32
-97
-219
-206
-92
30
79
70
42
3
-24
-64
-27
120
239
207
66
-14
-18
13
64
104
133
104
24
-55
-89
-53
-11
8
-19
-65
-85
-116
-167
-189
-155
-107
-127
-174
-249
-318
-337
-304
-240
-250
-310
-389
-439
-442
-436
-412
-379
-380
-434
-476
-444
-405
-399
-397
-360
-278
-223
-214
-167
-46
52
13
-17
118
303
356
282
317
468
531
444
402
567
714
668
540
513
586
597
541
539
592
606
500
385
374
405
420
392
342
290
254
226
175
121
109
99
71
10
-54
-111
-153
-165
-216
-258
-284
-324
-371
-432
-455
-465
-468
-512
-577
-589
-595
-616
-653
-696
-697
-719
-745
-772
-784
-721
-702
-687
-656
-582
-475
-393
-271
-211
-227
-252
-169
107
317
361
354
424
551
545
586
812
1059
1058
836
770
892
970
904
868
965
964
819
662
641
671
597
545
526
488
344
183
125
72
-7
-29
-17
-64
-257
-389
-276
-178
-212
-365
-365
-264
-299
-330
-280
-129
-128
-288
-284
-163
13
1
-85
-40
-35
-4
-37
-4
69
31
48
-27
-65
-61
-117
-134
-176
-168
-247
-354
-434
-594
-630
-642
-632
-674
-759
-823
-979
-1041
-1067
-1049
-950
-867
-708
-683
-766
-778
-625
-334
-278
-258
-2
355
448
169
171
624
1037
994
832
1090
1320
1112
788
919
1368
1389
1083
921
999
957
641
534
669
704
479
237
195
49
-191
-262
-168
-186
-414
-540
-524
-583
-752
-771
-540
-366
-416
-452
-309
-161
-188
-262
-78
265
461
403
323
468
611
680
740
830
972
926
775
635
597
662
614
532
388
229
85
-108
-227
-320
-382
-513
-692
-844
-1042
-1133
-1178
-1243
-1320
-1434
-1480
-1571
-1615
-1618
-1547
-1317
-1100
-1014
-1148
-1187
-931
-589
-448
-411
-110
298
373
180
239
782
1225
1201
1069
1288
1622
1479
1173
1259
1666
1787
1486
1298
1314
1249
969
825
947
941
649
330
182
17
-233
-331
-284
-309
-562
-794
-851
-923
-1069
-1100
-885
-551
-446
-625
-847
-770
-334
-17
25
13
214
442
386
298
506
970
1201
939
720
766
942
870
655
664
677
558
214
-82
-108
-91
-210
-487
-689
-809
-977
-1159
-1339
-1393
-1417
-1509
-1693
-1865
-1897
-1901
-1877
-1725
-1508
-1267
-1242
-1379
-1399
-1147
-662
-359
-187
23
273
404
298
446
1044
1614
1746
1531
1596
1790
1744
1640
1805
2235
2274
1908
1582
1498
1501
1289
1191
1268
1208
803
299
107
-33
-217
-337
-335
-406
-786
-1147
-1264
-1216
-1206
-1168
-903
-749
-796
-952
-971
-816
-640
-254
95
283
194
55
209
460
778
982
1150
1201
941
749
699
894
1017
927
781
452
239
85
52
67
-94
-354
-658
-821
-971
-1125
-1228
-1379
-1509
-1684
-1807
-1932
-1993
-1991
-1927
-1650
-1360
-1298
-1553
-1725
-1486
-934
-511
-347
-147
48
75
0
256
973
1504
1670
1498
1479
1638
1642
1708
1820
2153
2285
2057
1782
1487
1387
1278
1341
1425
1265
927
416
81
-165
-246
-187
-216
-378
-859
-1248
-1418
-1374
-1197
-1004
-803
-869
-1052
-1198
-1106
-854
-614
-247
45
153
-7
-79
210
561
896
995
1094
1073
901
770
763
1034
1119
972
689
442
419
348
200
-1
-104
-252
-540
-796
-1003
-1054
-1158
-1384
-1659
-1823
-1829
-1948
-2076
-1990
-1730
-1428
-1478
-1793
-1943
-1698
-1140
-731
-540
-402
-249
-120
-187
31
727
1448
1739
1484
1401
1541
1745
1895
1980
2351
2557
2405
2025
1738
1718
1702
1733
1733
1656
1345
795
363
109
99
149
93
-171
-711
-1157
-1380
-1166
-800
-797
-1048
-1316
-1201
-1020
-1065
-1072
-826
-360
-291
-504
-504
-217
124
121
144
355
627
640
341
297
457
613
563
398
391
411
278
-40
-122
-13
-82
-349
-659
-762
-777
-878
-1141
-1375
-1402
-1492
-1689
-1705
-1506
-1240
-1275
-1614
-1789
-1641
-1212
-855
-658
-547
-539
-423
-384
-286
197
835
1263
1119
937
1014
1272
1542
1621
1910
2201
2179
1844
1544
1666
1845
1922
1833
1731
1590
1174
781
565
568
543
424
264
-127
-494
-687
-713
-645
-720
-725
-642
-772
-1090
-1277
-959
-542
-476
-606
-692
-502
-405
-481
-429
-169
133
89
-85
-197
-174
7
31
29
92
119
8
-222
-260
-167
-27
-143
-461
-592
-591
-597
-788
-922
-967
-982
-1035
-1207
-1118
-859
-584
-691
-1104
-1311
-1058
-381
-104
-198
-243
-62
81
-183
-78
563
1379
1458
811
637
961
1371
1316
1287
1688
1908
1711
1183
1096
1369
1490
1426
1335
1386
1147
706
375
274
380
377
358
155
-282
-627
-586
-238
-169
-428
-550
-388
-317
-553
-655
-300
67
-48
-337
-267
76
201
-18
-152
73
347
251
-46
-221
-180
-63
-61
-131
-252
-385
-542
-683
-606
-535
-618
-838
-1071
-1157
-1148
-1095
-1211
-1336
-1393
-1434
-1479
-1407
-1128
-748
-534
-822
-1258
-1270
-598
133
264
56
51
429
434
152
435
1329
2014
1571
952
972
1479
1683
1331
1453
1929
2028
1387
766
938
1249
1197
942
976
997
507
-62
-286
-121
-42
-80
-91
-259
-652
-1089
-966
-447
-105
-209
-405
-401
-417
-381
-244
185
531
469
212
66
289
463
567
619
620
584
290
35
-29
220
425
260
-119
-581
-696
-605
-532
-607
-845
-1053
-1361
-1590
-1654
-1592
-1460
-1624
-1851
-2039
-1962
-1658
-1340
-964
-1081
-1452
-1640
-1176
-289
-29
-177
-188
369
664
305
364
1181
2186
2047
1276
1189
1808
2209
1797
1686
2258
2609
2105
1319
1321
1721
1689
1268
1163
1343
1032
325
-108
-58
61
-72
-258
-424
-736
-1105
-1161
-933
-727
-761
-745
-713
-813
-866
-772
-373
-88
-41
-102
-79
108
138
227
374
516
521
286
145
127
322
426
278
26
-237
-326
-347
-386
-509
-646
-836
-1162
-1469
-1515
-1343
-1306
-1587
-1935
-2070
-1935
-1679
-1443
-1161
-1207
-1571
-1875
-1510
-521
-15
-136
-373
19
467
288
246
886
1988
2100
1371
1059
1523
2074
1827
1668
2186
2662
2298
1402
1244
1708
1882
1538
1298
1423
1201
548
60
39
160
-3
-140
-209
-457
-879
-1258
-1075
-737
-580
-523
-646
-671
-812
-762
-444
-67
217
66
13
37
156
271
279
416
423
380
229
111
241
282
174
-50
-206
-209
-269
-453
-622
-716
-792
-1081
-1360
-1366
-1292
-1288
-1583
-1857
-1954
-1770
-1405
-1039
-910
-1338
-1826
-1695
-768
45
119
-144
-20
371
333
216
739
1879
2298
1569
952
1237
1937
1962
1635
1908
2494
2424
1520
992
1368
1784
1598
1233
1245
1100
443
-202
-240
100
30
-264
-457
-672
-1098
-1520
-1302
-759
-518
-718
-1004
-1000
-940
-795
-506
-79
214
85
-138
-147
135
436
577
595
482
360
262
279
487
584
344
-44
-221
-187
-189
-330
-525
-738
-957
-1233
-1471
-1514
-1501
-1554
-1731
-1909
-2016
-1972
-1512
-1103
-1224
-1845
-2197
-1379
-349
-72
-451
-382
390
539
139
190
1355
2371
1924
1091
1141
2014
2217
1631
1669
2456
2818
1990
1062
1247
1858
1860
1370
1268
1400
926
67
-316
-15
156
-171
-527
-804
-977
-1219
-1288
-1152
-1251
-1176
-978
-750
-809
-1108
-1001
-613
-128
19
93
360
411
316
192
464
929
1068
868
517
522
747
734
502
219
115
182
110
-160
-470
-685
-891
-1127
-1193
-1197
-1254
-1525
-1949
-2222
-2187
-1801
-1305
-1122
-1585
-2311
-2370
-1390
-407
-226
-509
-379
199
276
39
403
1618
2344
1768
1109
1383
2263
2347
1776
1870
2703
3074
2218
1299
1419
1966
1973
1560
1465
1448
858
11
-276
52
126
-272
-650
-837
-1108
-1541
-1698
-1478
-1326
-1423
-1473
-1390
-1316
-1446
-1402
-1017
-585
-336
-405
-340
-207
-57
87
212
428
471
463
393
474
663
615
425
179
154
159
47
-98
-323
-502
-732
-994
-1141
-1207
-1223
-1404
-1711
-1845
-1710
-1121
-933
-1403
-2071
-2078
-908
-95
-166
-608
-283
550
482
68
495
2027
2740
1813
971
1457
2612
2633
1983
2202
3045
3184
2129
1424
1936
2511
2187
1520
1533
1672
1033
72
-239
174
259
-258
-776
-961
-1206
-1650
-1841
-1718
-1567
-1616
-1715
-1740
-1666
-1700
-1652
-1337
-958
-703
-639
-500
-377
-302
-238
-18
373
588
486
335
478
676
731
598
433
422
388
250
30
-167
-400
-668
-865
-992
-1063
-1190
-1422
-1752
-1933
-1779
-1240
-955
-1456
-2311
-2436
-1273
-187
-105
-671
-611
170
390
147
514
1931
2741
2022
1192
1593
2740
2902
2286
2413
3320
3605
2607
1760
2199
2928
2763
2029
1791
1843
1263
329
-51
206
200
-348
-983
-1353
-1576
-1878
-2046
-2192
-2375
-2462
-2411
-2375
-2536
-2587
-2340
-1959
-1777
-1753
-1563
-1141
-830
-791
-730
-363
95
296
258
292
654
1024
1111
979
937
982
1025
993
894
854
647
292
-140
-309
-257
-301
-552
-1036
-1366
-1359
-890
-752
-1274
-2163
-2391
-1406
-637
-695
-1227
-917
-279
-418
-790
-276
1428
2142
1231
375
993
2294
2364
1802
2155
3212
3475
2475
1843
2514
3275
3062
2510
2595
2694
1977
995
768
1233
1231
627
4
-359
-779
-1297
-1465
-1469
-1606
-1921
-2144
-2286
-2486
-2678
-2629
-2331
-2133
-2128
-2159
-2043
-1881
-1758
-1577
-1253
-916
-702
-698
-667
-373
34
348
404
388
461
597
636
616
671
703
619
354
81
-10
24
-43
-311
-571
-573
-171
-92
-673
-1665
-1889
-780
109
-63
-972
-971
-275
-215
-634
-400
1081
1748
806
-124
427
1805
1907
1208
1404
2541
3072
2119
1303
1853
2802
2869
2401
2476
2647
2053
1138
998
1636
1780
1192
564
250
-26
-432
-533
-511
-745
-1168
-1430
-1451
-1637
-1974
-2075
-1812
-1642
-1877
-2140
-2041
-1806
-1814
-1978
-1835
-1438
-1233
-1411
-1577
-1283
-811
-572
-619
-613
-425
-300
-331
-308
-62
146
15
-307
-372
-185
-1
-139
-351
-366
-77
391
236
-368
-1124
-842
285
845
556
-95
191
501
236
-27
719
2171
2080
791
141
1087
2129
1686
1112
1685
2690
2498
1247
994
1957
2565
2113
1702
2064
2107
1300
483
722
1446
1395
722
174
-164
-495
-519
-193
-41
-656
-1348
-1458
-1185
-1088
-1356
-1274
-1178
-1283
-1646
-1733
-1287
-1088
-1276
-1653
-1602
-1292
-1228
-1418
-1488
-1227
-946
-998
-1294
-1224
-961
-867
-950
-986
-810
-768
-900
-1159
-1040
-720
-679
-876
-1078
-897
-423
86
-15
-722
-1362
-905
326
1021
670
100
460
862
598
336
1274
2675
2503
1132
555
1665
2666
2086
1382
1995
3022
2769
1522
1239
2077
2569
2101
1734
2069
2010
1104
290
509
1181
1117
530
76
-194
-589
-955
-752
-455
-572
-980
-1341
-1333
-1363
-1413
-1300
-1097
-982
-1245
-1361
-1287
-1187
-1149
-1246
-1121
-966
-996
-1251
-1320
-1010
-766
-775
-1032
-1137
-1018
-937
-991
-1091
-1034
-1002
-1173
-1399
-1458
-1256
-1162
-1329
-1495
-1264
-555
-308
-806
-1616
-1568
-369
529
485
-17
251
813
699
314
848
2458
2967
1808
785
1411
2782
2802
1992
2112
3055
3300
2228
1552
2235
2996
2731
2105
2200
2377
1791
821
606
1189
1383
856
227
-146
-532
-832
-855
-604
-727
-1132
-1420
-1527
-1482
-1660
-1546
-1305
-1215
-1431
-1658
-1376
-1163
-1142
-1320
-1279
-909
-782
-1016
-1278
-1025
-551
-416
-734
-1009
-851
-642
-660
-884
-856
-735
-872
-1236
-1448
-1171
-926
-1114
-1536
-1650
-966
-351
-595
-1491
-2075
-1219
-55
322
-190
-365
272
426
60
9
1423
2754
2173
798
582
2043
2939
2295
1794
2490
3356
2907
1856
1984
2919
3146
2566
2430
2862
2640
1631
921
1317
1882
1654
997
460
98
-360
-435
-178
-139
-724
-1356
-1411
-1240
-1264
-1549
-1465
-1343
-1464
-1751
-1705
-1274
-1205
-1484
-1753
-1495
-1079
-1118
-1503
-1558
-1075
-618
-725
-1257
-1344
-985
-671
-725
-910
-889
-905
-1114
-1380
-1252
-833
-775
-1189
-1646
-1526
-645
-189
-625
-1673
-1975
-838
159
314
-393
-370
288
355
22
206
1724
2424
1433
256
657
2302
2657
1732
1434
2352
3005
2262
1493
2067
2966
2875
2203
2269
2738
2377
1439
1096
1727
2039
1559
967
635
414
-10
-44
248
172
-400
-978
-959
-785
-912
-1130
-1112
-983
-1199
-1535
-1489
-1207
-1199
-1590
-1778
-1480
-1148
-1300
-1822
-1851
-1350
-893
-1015
-1549
-1682
-1394
-1060
-1083
-1222
-1149
-1156
-1387
-1682
-1529
-1009
-841
-1219
-1768
-1411
-435
-198
-929
-1923
-1443
-69
532
60
-461
183
591
241
-49
954
2582
2323
749
-7
1257
2674
2263
1434
1719
2655
2568
1491
1353
2354
2863
2243
1825
2344
2554
1755
871
1065
1855
1896
1270
715
521
278
65
250
419
163
-362
-673
-612
-507
-627
-730
-731
-783
-989
-1049
-873
-837
-1089
-1464
-1443
-1089
-914
-1213
-1657
-1587
-1207
-955
-1160
-1553
-1536
-1272
-1178
-1343
-1392
-1235
-1269
-1586
-1759
-1435
-1017
-1167
-1602
-1699
-909
-175
-448
-1366
-1923
-914
320
587
7
-145
483
468
84
222
1762
2868
1887
407
323
1905
2682
1878
1328
1982
2757
2199
1174
1405
2398
2525
1820
1705
2261
2162
1173
511
989
1623
1444
913
544
348
-1
-162
168
358
80
-429
-608
-468
-459
-593
-609
-472
-526
-757
-788
-642
-639
-978
-1236
-1023
-724
-756
-1232
-1546
-1329
-947
-838
-1172
-1450
-1437
-1293
-1318
-1428
-1305
-1216
-1445
-1849
-1882
-1466
-1178
-1388
-1718
-1682
-929
-348
-643
-1488
-1909
-810
407
660
42
-119
558
544
163
363
1927
2977
1825
275
315
2038
2738
1745
1214
1981
2731
1961
872
1289
2397
2463
1625
1503
2084
1880
869
355
1023
1679
1362
693
357
241
-79
-115
319
567
191
-366
-495
-272
-183
-265
-165
-77
-237
-569
-537
-288
-338
-691
-953
-732
-508
-665
-1156
-1398
-1138
-867
-841
-1204
-1538
-1593
-1523
-1457
-1466
-1425
-1518
-1887
-2200
-2154
-1619
-1351
-1617
-1948
-1773
-808
-422
-875
-1749
-1697
-270
711
734
129
391
938
738
510
1172
2916
3198
1660
464
1162
2820
2826
1744
1560
2416
2718
1597
849
1554
2321
1897
1121
1362
1829
1226
100
-130
711
1133
618
-9
-229
-352
-591
-533
-145
-12
-339
-724
-771
-472
-328
-313
-289
-285
-318
-369
-161
-77
-247
-565
-655
-364
-207
-377
-823
-1024
-850
-653
-642
-975
-1297
-1403
-1466
-1480
-1518
-1491
-1659
-2111
-2364
-2332
-1938
-1891
-2139
-2295
-1998
-1137
-997
-1473
-2232
-1912
-407
483
456
-113
316
847
684
629
1475
3221
3265
1738
804
1739
3297
3055
2086
2157
3037
3086
1847
1299
2110
2734
2119
1384
1681
1927
1149
90
30
800
941
331
-191
-360
-646
-1037
-941
-387
-233
-608
-1070
-1136
-835
-703
-542
-433
-332
-429
-525
-297
-216
-221
-408
-353
-70
-26
-221
-602
-644
-427
-243
-254
-578
-888
-1098
-1182
-1172
-1173
-1205
-1520
-1979
-2255
-2234
-1941
-1952
-2191
-2408
-2142
-1376
-1208
-1725
-2569
-2198
-715
209
62
-440
135
662
456
276
1324
3159
3089
1536
756
1938
3359
2895
1997
2373
3390
3247
1883
1458
2378
2907
2206
1623
2032
2149
1178
84
205
984
952
258
-201
-250
-607
-1155
-1120
-575
-310
-693
-1197
-1282
-969
-816
-814
-687
-494
-422
-514
-552
-517
-427
-383
-292
-168
-178
-363
-631
-602
-346
-66
-103
-574
-993
-1097
-958
-883
-954
-1182
-1572
-1965
-2158
-2065
-1863
-2002
-2292
-2444
-2076
-1406
-1411
-1962
-2698
-2209
-756
49
-118
-588
-57
438
388
427
1476
3053
2818
1540
1038
2219
3441
2947
2268
2685
3603
3420
2191
1879
2686
3104
2500
2085
2417
2292
1262
366
634
1306
1101
391
-21
-178
-679
-1225
-1084
-486
-338
-872
-1458
-1505
-1186
-1069
-1016
-860
-644
-649
-850
-884
-779
-546
-457
-393
-267
-306
-441
-675
-627
-321
36
112
-380
-888
-1044
-803
-574
-724
-1104
-1511
-1696
-1805
-1959
-1928
-2011
-2088
-2275
-2255
-1584
-1335
-1739
-2768
-2778
-1219
-32
-59
-934
-707
137
383
237
732
2368
2718
1625
824
1611
3027
2841
2055
2267
3324
3555
2364
1671
2333
3063
2757
2210
2340
2349
1546
631
689
1363
1280
622
126
-50
-403
-863
-754
-414
-413
-853
-1216
-1200
-1043
-1032
-1052
-889
-745
-768
-891
-887
-823
-695
-626
-568
-449
-504
-586
-730
-708
-461
-218
-72
-379
-881
-1068
-875
-561
-674
-1119
-1528
-1635
-1616
-1811
-1936
-2032
-2013
-2054
-2203
-1702
-1223
-1349
-2272
-2847
-1559
26
421
-498
-805
134
650
510
528
1968
3040
2339
1202
1254
2731
3191
2459
2236
3084
3790
2947
1764
1938
2957
3203
2576
2279
2364
1886
937
587
1164
1593
1167
378
-195
-549
-773
-648
-311
-308
-745
-1170
-1350
-1269
-1140
-990
-747
-685
-802
-1101
-1165
-953
-684
-492
-507
-500
-593
-660
-727
-722
-465
-223
-55
-341
-914
-1136
-877
-478
-656
-1203
-1519
-1546
-1598
-1910
-2092
-2010
-1935
-2036
-2334
-1973
-1319
-1327
-2144
-2954
-1984
-280
304
-502
-1071
-88
701
505
199
1276
2844
2675
1469
983
2158
3170
2678
2216
2814
3711
3290
1944
1755
2806
3427
2821
2140
2196
2083
1391
761
969
1406
1192
522
-172
-440
-546
-535
-467
-618
-827
-972
-1063
-1213
-1239
-1068
-812
-733
-884
-1053
-1018
-809
-682
-609
-559
-449
-439
-502
-523
-522
-394
-296
-161
-93
-426
-834
-889
-599
-527
-955
-1346
-1453
-1425
-1640
-2031
-2118
-2028
-2016
-2246
-2382
-1859
-1287
-1472
-2362
-2862
-1731
-245
40
-647
-752
329
800
326
116
1414
3109
2869
1581
1085
2257
3236
2710
2343
3026
3930
3309
1883
1857
3044
3549
2606
1907
2203
2278
1460
610
810
1279
973
222
-238
-226
-495
-908
-924
-639
-582
-1023
-1431
-1427
-1124
-935
-901
-884
-923
-1042
-1085
-840
-522
-357
-472
-600
-546
-329
-171
-273
-362
-326
-81
-39
-340
-683
-779
-637
-777
-1076
-1323
-1351
-1505
-1992
-2367
-2428
-2146
-2160
-2423
-2597
-2160
-1571
-1796
-2535
-2930
-1822
-473
-199
-753
-785
179
416
-10
105
1788
3358
2729
1214
932
2476
3503
3011
2674
3317
3961
3217
2115
2460
3560
3649
2627
2184
2632
2501
1513
778
1092
1454
1002
261
-95
-127
-575
-991
-967
-716
-694
-1102
-1467
-1542
-1301
-1157
-1160
-1222
-1297
-1256
-1127
-901
-742
-673
-705
-639
-436
-148
-34
-125
-235
-291
-21
219
116
-240
-494
-568
-577
-667
-920
-1140
-1469
-1809
-2016
-2051
-2030
-2184
-2384
-2515
-2253
-1722
-1662
-2262
-2902
-2376
-1030
-267
-499
-923
-433
87
16
167
1289
2747
2673
1453
943
2071
3410
3243
2658
2995
3864
3780
2724
2450
3203
3641
3005
2409
2686
2779
1962
961
846
1307
1376
771
56
-314
-600
-881
-1030
-863
-813
-1082
-1511
-1787
-1641
-1487
-1444
-1552
-1546
-1472
-1444
-1249
-1093
-919
-846
-774
-545
-339
-188
-256
-236
-104
58
142
41
14
-109
-198
-288
-408
-536
-873
-1170
-1355
-1387
-1442
-1736
-2056
-2333
-2347
-2206
-2003
-1628
-1668
-2058
-2624
-2565
-1422
-492
-421
-949
-803
-118
118
81
443
1758
2462
1896
1216
1547
2670
2879
2528
2858
3691
3881
2875
2066
2540
3333
3241
2706
2649
2631
1932
986
868
1452
1552
876
179
0
-259
-824
-1093
-724
-370
-700
-1328
-1768
-1636
-1472
-1511
-1418
-1294
-1182
-1449
-1595
-1324
-897
-588
-668
-670
-529
-346
-278
-235
-128
-121
-23
14
114
2
-305
-468
-563
-495
-704
-970
-1198
-1316
-1323
-1651
-1919
-2100
-2056
-1999
-2072
-1592
-1269
-1494
-2369
-2909
-1798
-466
-73
-735
-925
-97
219
-46
-80
1318
2742
2300
1147
995
2336
3053
2576
2530
3356
3951
3049
1861
2105
3224
3510
2741
2301
2432
2228
1443
843
1068
1451
1196
517
-33
-286
-539
-785
-787
-715
-743
-1047
-1483
-1697
-1660
-1469
-1310
-1251
-1299
-1390
-1312
-1107
-903
-847
-848
-634
-326
-112
-207
-438
-465
-326
-30
131
72
-86
-323
-508
-586
-604
-574
-685
-898
-1163
-1353
-1470
-1696
-1908
-2043
-1988
-1746
-1705
-1764
-1688
-1696
-1871
-2261
-1903
-826
-172
-297
-760
-357
237
280
256
996
2464
2713
1811
1180
1834
2969
3010
2713
2951
3470
3220
2223
2026
2759
3214
2702
2071
2121
2123
1581
878
828
1129
915
378
-110
-247
-566
-958
-1022
-827
-703
-1114
-1586
-1734
-1411
-1108
-1146
-1195
-1214
-1127
-1172
-1101
-817
-528
-402
-490
-482
-360
-200
-155
-159
-128
-124
-66
-78
-119
-212
-421
-478
-473
-512
-741
-1039
-1152
-1241
-1323
-1620
-1748
-1767
-1853
-1992
-2210
-2021
-1539
-1120
-1379
-2086
-2308
-1365
-149
46
-418
-433
415
787
434
570
1926
3197
2683
1566
1561
2839
3432
2729
2463
3231
3884
3139
2003
2111
2907
2950
2220
1946
2271
1994
977
303
595
1009
617
-117
-612
-788
-1024
-1217
-1125
-1104
-1302
-1602
-1704
-1509
-1331
-1300
-1374
-1500
-1474
-1291
-953
-684
-724
-874
-936
-651
-252
-92
-183
-331
-241
-177
-191
-258
-190
29
75
-111
-463
-622
-660
-719
-851
-883
-856
-1125
-1592
-2027
-1994
-1760
-1681
-1812
-1933
-1798
-1392
-1062
-1245
-1680
-1773
-894
75
338
125
201
748
806
690
1162
2523
3434
2752
1737
1696
2750
3324
2964
2828
3210
3379
2624
1767
1947
2600
2639
2024
1654
1575
1078
338
-37
322
584
115
-643
-1197
-1168
-1094
-1106
-1158
-1249
-1202
-1307
-1527
-1666
-1427
-1038
-930
-1057
-1187
-1084
-831
-739
-711
-528
-312
-256
-427
-483
-281
-15
122
-31
-191
-179
-94
2
-14
-144
-361
-540
-620
-761
-825
-934
-1100
-1276
-1541
-1640
-1656
-1568
-1546
-1738
-1735
-1514
-865
-411
-789
-1479
-1680
-582
624
902
496
296
915
1137
1035
1377
2468
3373
2767
1869
1870
2732
3103
2490
2378
2993
3276
2383
1268
1341
1995
2035
1348
1024
1116
645
-277
-662
-104
310
-223
-1055
-1400
-1138
-1019
-1234
-1367
-1333
-1299
-1438
-1541
-1372
-1037
-924
-1149
-1329
-1142
-782
-568
-529
-559
-485
-395
-341
-229
50
314
232
41
-52
10
28
-101
-18
235
297
-192
-830
-938
-737
-553
-651
-880
-1086
-1370
-1602
-1666
-1357
-1087
-1183
-1471
-1565
-1241
-736
-321
-446
-824
-1033
-504
518
1061
959
635
984
1374
1345
1484
2168
3115
2938
2043
1678
2246
2802
2386
1980
2264
2584
2039
962
644
1141
1415
1051
649
599
276
-484
-899
-513
12
-263
-1048
-1544
-1449
-1315
-1352
-1270
-1110
-1170
-1517
-1629
-1262
-720
-668
-1010
-1144
-845
-440
-388
-368
-255
-49
9
-62
104
344
429
175
69
304
532
377
-101
-226
144
467
179
-415
-658
-490
-389
-563
-667
-606
-687
-1123
-1414
-1154
-637
-636
-1198
-1599
-1368
-686
-264
-67
-261
-588
-815
-503
491
1095
1059
554
607
1012
1122
1295
1616
2264
2213
1576
1247
1434
1745
1426
1157
1513
1877
1462
513
125
505
844
668
343
282
-37
-736
-1081
-714
-115
-247
-905
-1428
-1439
-1135
-962
-892
-930
-1005
-1097
-1081
-947
-723
-475
-377
-402
-483
-417
-274
-84
25
69
149
201
253
182
211
361
505
501
254
109
113
265
365
303
162
-52
-192
-262
-200
-120
-160
-291
-507
-575
-539
-567
-622
-663
-643
-681
-725
-741
-564
-378
-125
-42
-394
-660
-712
-106
465
516
289
162
484
467
429
569
1082
1556
1170
703
513
838
965
687
781
1061
1050
487
-44
90
492
524
183
50
124
-32
-335
-500
-317
-118
-192
-406
-609
-658
-644
-495
-280
-144
-245
-417
-504
-462
-171
83
278
171
-98
-266
-98
370
564
497
226
195
381
470
506
484
590
540
356
265
386
497
350
197
253
487
410
22
-209
-67
238
267
49
-157
-285
-359
-437
-417
-376
-509
-817
-1085
-1136
-1033
-878
-941
-944
-970
-1097
-1288
-1505
-1160
-672
-372
-594
-871
-689
-561
-452
-450
25
543
407
7
-269
155
527
518
552
692
862
695
494
579
781
839
746
837
871
638
365
314
502
564
432
269
143
16
-87
-25
211
310
96
-140
-196
22
196
169
35
-98
-30
12
165
322
376
379
219
246
425
717
865
750
701
697
737
731
818
1015
1094
1005
815
829
924
789
600
504
559
464
96
-242
-407
-364
-527
-895
-1201
-1418
-1565
-1802
-1993
-2115
-2276
-2386
-2453
-2466
-2339
-2345
-2378
-2551
-2744
-2440
-1860
-1286
-1339
-1488
-1289
-996
-606
-341
363
999
1009
616
413
1090
1791
2041
2001
1916
1922
1760
1632
1757
2016
2053
1731
1488
1357
1204
1058
903
857
788
670
419
58
-168
-247
-121
1
-109
-411
-656
-632
-385
-120
-28
-110
-205
-193
-99
218
580
815
827
687
728
950
1301
1458
1394
1353
1378
1438
1401
1373
1366
1283
1052
801
704
685
517
104
-370
-631
-675
-783
-1198
-1780
-2168
-2340
-2494
-2762
-3026
-3172
-3285
-3457
-3628
-3716
-3700
-3596
-3373
-3063
-2817
-2565
-2494
-2425
-2273
-1887
-1008
-220
153
-46
-54
518
1222
1798
2038
2477
2781
2657
2386
2424
3022
3237
2996
2782
2771
2774
2374
1972
1931
2028
1829
1370
1083
863
568
266
92
117
42
-211
-491
-620
-548
-571
-530
-307
-173
-195
-336
-210
198
501
610
643
893
1076
1073
1216
1416
1667
1672
1528
1551
1631
1763
1551
1238
1065
895
824
605
347
17
-392
-745
-1045
-1148
-1339
-1640
-2042
-2523
-2810
-2916
-2926
-3049
-3210
-3300
-3425
-3557
-3617
-3460
-3105
-2828
-2785
-2820
-2768
-2557
-2172
-1770
-1468
-1261
-1019
-774
-384
116
477
663
666
950
1497
1988
2148
2024
2182
2390
2531
2554
2617
2787
2657
2369
2061
2098
2158
1864
1599
1438
1401
1202
862
667
582
524
368
313
331
142
-79
-109
26
135
133
169
198
278
362
474
644
657
603
679
904
1064
1051
932
842
809
734
623
516
542
457
204
-102
-374
-509
-588
-678
-837
-985
-1186
-1436
-1638
-1762
-1780
-1757
-1741
-1858
-2098
-2318
-2313
-2074
-1851
-1826
-1965
-1988
-1890
-1714
-1524
-1328
-1125
-1042
-988
-855
-573
-317
-207
-148
-103
-19
63
194
322
381
352
333
500
710
914
912
851
830
827
928
1014
1218
1284
1232
1186
1139
1219
1196
1323
1514
1561
1412
1111
1112
1195
1159
1105
1129
1273
1135
776
555
645
883
836
623
469
387
277
65
-6
46
117
13
-257
-452
-556
-552
-565
-563
-503
-508
-632
-880
-963
-775
-558
-582
-777
-880
-822
-714
-644
-581
-543
-523
-589
-607
-482
-338
-239
-311
-419
-448
-319
-105
-26
-50
-191
-341
-381
-312
-161
-16
6
-153
-362
-410
-332
-239
-198
-213
-219
-274
-368
-433
-346
-112
27
20
-76
-179
-204
-148
1
180
300
261
102
101
261
475
536
553
676
742
696
443
487
757
955
877
633
657
625
514
240
229
474
437
130
-375
-488
-448
-477
-499
-564
-573
-757
-1017
-1031
-799
-560
-535
-694
-776
-654
-378
-192
-135
-132
-94
54
191
383
517
607
598
580
706
854
967
991
970
915
891
834
768
695
615
576
495
436
271
121
39
-8
-8
-58
-99
-194
-229
-244
-230
-201
-273
-285
-215
-97
-86
-152
-126
-19
101
106
83
122
206
259
257
283
291
264
211
209
281
310
177
-65
-243
-318
-304
-338
-525
-801
-1078
-1173
-1177
-1250
-1448
-1661
-1737
-1811
-1882
-1892
-1803
-1764
-1905
-1993
-1865
-1569
-1431
-1479
-1389
-1105
-772
-615
-507
-265
43
345
519
717
945
1111
1282
1460
1693
1835
1898
1915
1913
2030
2146
2176
2030
1805
1748
1822
1810
1633
1406
1276
1174
1025
923
859
809
666
448
272
192
182
120
54
11
-23
-67
-149
-159
-70
67
138
113
90
81
149
271
412
516
460
347
280
350
457
445
371
243
140
22
-77
-133
-270
-444
-630
-756
-930
-1174
-1345
-1434
-1501
-1715
-1942
-2033
-2062
-2124
-2265
-2349
-2312
-2244
-2207
-2216
-2199
-2125
-2033
-1883
-1683
-1454
-1312
-1253
-1136
-927
-633
-382
-201
-46
123
317
470
638
840
1153
1441
1510
1372
1280
1506
1820
2022
1962
1861
1849
1763
1694
1687
1799
1851
1720
1502
1297
1243
1252
1269
1250
1169
1070
940
836
779
787
832
763
613
474
441
484
447
358
276
288
293
208
159
148
143
74
1
-31
-52
-86
-186
-241
-252
-238
-295
-423
-547
-616
-586
-574
-600
-691
-850
-1007
-1082
-1035
-961
-955
-1088
-1301
-1427
-1386
-1259
-1218
-1323
-1493
-1568
-1532
-1446
-1386
-1395
-1386
-1360
-1331
-1291
-1202
-1101
-1044
-988
-872
-712
-620
-586
-580
-447
-199
-40
20
74
211
396
521
592
707
874
988
1008
1097
1283
1431
1482
1503
1527
1536
1537
1528
1568
1614
1554
1424
1311
1261
1217
1142
1075
968
800
608
482
462
476
397
259
141
2
-122
-187
-118
-37
-94
-269
-401
-366
-274
-222
-228
-193
-159
-191
-180
-92
81
190
156
77
53
136
228
279
308
293
215
94
37
58
81
34
-74
-141
-208
-320
-453
-548
-550
-575
-665
-824
-956
-1026
-1082
-1144
-1176
-1171
-1198
-1260
-1326
-1326
-1238
-1124
-1048
-1026
-969
-807
-620
-459
-334
-207
-35
133
292
442
598
723
832
943
1057
1146
1164
1186
1257
1350
1354
1238
1075
985
946
897
799
637
445
254
113
24
-41
-181
-380
-604
-746
-736
-739
-811
-942
-1074
-1137
-1099
-981
-879
-861
-910
-930
-790
-561
-358
-234
-175
-94
12
189
364
507
631
715
813
879
910
924
949
1026
1080
1087
1027
889
748
665
695
734
660
487
289
186
160
130
41
-89
-171
-207
-237
-268
-288
-323
-359
-364
-317
-251
-230
-248
-263
-196
-95
-14
8
-3
11
46
108
142
152
150
127
113
115
102
72
28
-10
-23
-51
-102
-161
-243
-325
-367
-362
-369
-412
-462
-521
-557
-591
-595
-530
-489
-539
-616
-658
-584
-461
-398
-363
-346
-347
-351
-267
-163
-146
-172
-195
-110
-11
-17
-66
-87
-70
-90
-123
-68
-31
-92
-161
-183
-156
-142
-172
-192
-146
-109
-156
-201
-183
-100
-32
-40
-9
67
138
169
216
352
490
546
566
612
656
692
783
912
1019
1031
956
912
944
994
1020
982
882
761
697
681
610
478
309
177
88
19
-105
-288
-419
-503
-579
-662
-725
-778
-845
-917
-939
-873
-828
-868
-893
-813
-666
-551
-510
-463
-360
-218
-62
91
226
309
346
406
510
622
693
729
723
688
644
602
587
553
452
332
243
153
-4
-154
-250
-341
-488
-688
-849
-931
-1000
-1115
-1229
-1280
-1298
-1345
-1391
-1397
-1342
-1252
-1177
-1120
-1019
-843
-685
-550
-410
-241
-14
190
351
530
751
961
1106
1226
1341
1453
1548
1606
1662
1709
1718
1632
1501
1394
1322
1260
1136
929
668
443
254
96
-58
-258
-466
-674
-812
-916
-998
-1093
-1195
-1232
-1226
-1189
-1146
-1057
-953
-886
-802
-633
-412
-216
-75
86
309
507
632
736
899
1112
1278
1334
1332
1339
1364
1387
1399
1386
1328
1207
1028
874
763
660
522
312
70
-145
-328
-520
-710
-915
-1079
-1217
-1332
-1426
-1529
-1628
-1750
-1793
-1747
-1649
-1597
-1595
-1611
-1553
-1404
-1218
-1025
-905
-756
-628
-460
-303
-133
88
257
427
569
699
777
865
970
1044
1109
1119
1125
1088
1005
913
871
852
769
638
483
346
242
148
50
-29
-140
-275
-393
-471
-498
-486
-465
-496
-535
-538
-493
-390
-263
-155
-78
-6
87
222
382
514
612
722
839
950
1066
1160
1235
1276
1297
1349
1378
1367
1288
1225
1180
1111
1034
895
738
563
441
343
163
-18
-200
-353
-505
-686
-828
-930
-1030
-1187
-1334
-1405
-1435
-1450
-1492
-1536
-1523
-1503
-1475
-1418
-1301
-1163
-1093
-1040
-972
-848
-698
-590
-509
-426
-337
-263
-193
-97
4
82
122
109
121
187
252
284
268
277
299
303
274
223
216
224
254
251
220
169
129
133
177
258
289
261
220
203
226
293
373
401
401
403
417
443
452
461
502
559
570
563
580
606
607
611
634
666
682
658
627
614
614
570
550
544
527
482
397
327
271
240
192
142
87
6
-55
-105
-149
-200
-290
-378
-411
-398
-431
-493
-512
-530
-559
-609
-656
-673
-672
-652
-628
-609
-621
-646
-623
-590
-572
-548
-494
-426
-389
-356
-320
-266
-204
-152
-102
-71
-53
-4
82
163
197
207
225
257
290
300
321
367
378
330
266
241
257
280
281
247
193
120
47
13
47
93
73
-14
-94
-103
-58
-28
-47
-68
-54
-38
-63
-84
-52
4
31
17
-3
-1
36
51
47
70
109
145
135
108
106
132
149
134
129
131
126
106
82
83
106
91
35
-26
-52
-43
-40
-40
-69
-130
-194
-211
-165
-106
-102
-167
-244
-244
-190
-118
-56
-49
-59
-63
-16
40
97
170
232
274
294
305
321
359
432
513
573
577
515
476
499
566
633
617
528
425
369
381
387
359
275
171
103
41
-6
-55
-109
-183
-278
-369
-423
-423
-448
-511
-585
-630
-633
-647
-670
-666
-647
-624
-601
-574
-546
-527
-496
-442
-352
-264
-224
-247
-270
-223
-124
-59
-66
-105
-113
-80
-62
-55
-37
-27
-76
-159
-163
-100
-61
-95
-152
-164
-136
-141
-169
-140
-84
-76
-110
-106
-23
53
58
58
100
197
271
302
330
372
415
455
503
538
571
596
618
651
662
667
664
658
644
627
619
606
564
499
457
446
430
381
299
231
199
182
158
91
17
-70
-154
-211
-214
-198
-252
-370
-480
-497
-450
-454
-527
-609
-620
-574
-535
-537
-574
-607
-615
-604
-564
-517
-513
-561
-615
-610
-535
-453
-432
-472
-509
-500
-455
-393
-367
-377
-392
-387
-350
-296
-255
-254
-258
-215
-131
-57
-23
5
40
106
216
319
386
383
374
443
570
659
657
610
594
657
746
800
770
697
643
621
672
731
715
619
495
439
453
471
420
307
216
163
154
163
128
43
-62
-97
-69
-33
-46
-119
-183
-186
-137
-97
-94
-112
-148
-172
-145
-79
-28
-49
-114
-130
-79
-28
-56
-138
-190
-181
-159
-178
-217
-247
-288
-346
-379
-373
-370
-416
-500
-551
-535
-524
-559
-610
-615
-587
-570
-576
-572
-527
-474
-443
-422
-378
-314
-247
-194
-132
-55
13
49
72
122
210
288
335
350
374
426
466
490
512
565
612
605
562
545
577
609
608
567
514
465
426
399
382
347
284
222
184
154
121
89
53
18
-7
-3
10
10
-28
-68
-53
-24
-5
-23
-37
-38
-54
-61
-55
-43
-83
-139
-154
-119
-94
-132
-189
-212
-212
-219
-256
-290
-302
-305
-331
-359
-358
-360
-374
-407
-418
-394
-342
-309
-312
-312
-284
-232
-197
-171
-132
-73
-26
-5
25
65
95
112
148
198
219
223
192
181
202
221
225
174
123
109
129
141
98
9
-49
-45
-5
9
-38
-103
-146
-157
-124
-67
-36
-54
-92
-88
-18
37
59
65
94
147
182
203
222
253
281
292
294
303
305
287
269
276
264
232
175
93
27
-11
5
4
-64
-176
-275
-302
-315
-338
-362
-396
-436
-487
-515
-518
-515
-507
-485
-432
-407
-410
-405
-347
-232
-143
-95
-64
10
112
180
249
323
403
470
504
565
640
700
718
708
730
756
774
758
712
680
637
579
511
433
377
318
240
123
-17
-115
-168
-206
-273
-363
-451
-525
-575
-597
-561
-534
-561
-614
-627
-564
-479
-420
-397
-368
-306
-232
-176
-134
-94
-37
22
72
112
145
155
134
133
176
245
251
166
75
31
49
56
-7
-102
-159
-191
-246
-340
-395
-411
-430
-455
-498
-507
-508
-530
-549
-514
-421
-352
-354
-388
-370
-249
-97
8
38
85
169
262
363
473
582
657
663
663
721
825
879
852
819
811
817
791
747
704
660
621
555
469
377
280
197
138
76
7
-78
-174
-255
-308
-322
-314
-327
-380
-429
-429
-365
-310
-285
-261
-222
-179
-145
-100
-28
45
75
79
121
190
238
251
255
269
283
266
254
267
274
229
156
125
111
70
3
-59
-97
-141
-219
-303
-354
-384
-422
-460
-490
-504
-544
-595
-607
-567
-506
-495
-517
-509
-452
-387
-336
-293
-229
-162
-121
-72
-2
76
121
149
191
256
324
359
362
351
353
361
388
395
362
301
234
188
179
183
136
49
-36
-100
-135
-162
-185
-224
-291
-355
-386
-379
-361
-357
-366
-381
-366
-322
-276
-232
-194
-137
-69
11
70
117
171
217
284
377
448
485
490
488
517
580
613
606
581
550
523
483
461
466
444
384
308
270
253
205
131
82
75
56
0
-74
-128
-154
-173
-191
-215
-230
-256
-295
-299
-270
-251
-267
-281
-280
-264
-238
-230
-246
-249
-227
-202
-169
-153
-162
-180
-178
-157
-119
-79
-82
-102
-103
-90
-66
-60
-84
-89
-88
-84
-90
-106
-113
-120
-105
-89
-90
-110
-138
-142
-129
-113
-120
-125
-129
-132
-134
-129
-110
-93
-90
-90
-80
-49
-16
1
4
44
98
139
168
190
205
213
220
252
301
331
344
329
314
298
302
330
355
353
319
272
244
248
287
302
278
228
175
137
101
93
95
67
21
-39
-67
-82
-107
-139
-150
-132
-156
-204
-236
-237
-211
-227
-270
-271
-249
-248
-283
-296
-271
-252
-267
-290
-293
-273
-275
-291
-283
-262
-255
-259
-243
-202
-169
-166
-178
-161
-121
-104
-94
-94
-81
-67
-54
-38
-25
-11
6
45
64
69
77
110
154
176
169
166
189
211
215
219
238
260
249
228
228
250
282
291
290
290
297
304
302
320
345
356
353
343
338
342
352
338
304
276
272
268
255
225
185
174
185
186
166
134
116
93
82
84
77
47
-11
-45
-48
-48
-75
-122
-155
-164
-170
-190
-214
-221
-218
-214
-242
-281
-318
-336
-323
-298
-288
-325
-392
-434
-431
-398
-369
-372
-385
-399
-403
-389
-363
-341
-340
-333
-304
-267
-253
-275
-288
-256
-186
-119
-94
-101
-124
-126
-82
-2
59
51
18
26
74
128
152
151
144
146
160
186
207
193
144
114
140
189
195
148
113
110
132
141
131
122
111
110
123
148
161
147
135
151
193
230
232
222
220
245
284
316
332
312
290
298
324
345
345
335
320
305
290
287
287
263
226
199
182
152
104
53
21
8
-20
-69
-122
-164
-201
-220
-231
-250
-289
-344
-376
-369
-351
-353
-359
-360
-364
-358
-326
-277
-244
-234
-209
-169
-120
-84
-46
1
53
93
97
99
129
166
185
194
203
220
205
154
126
141
148
110
41
4
-10
-30
-65
-90
-109
-151
-209
-250
-238
-217
-241
-303
-338
-321
-299
-306
-320
-307
-272
-246
-229
-204
-169
-127
-90
-55
-17
23
57
71
91
142
197
236
254
254
251
264
286
296
299
292
260
211
167
152
154
129
79
18
-20
-41
-77
-126
-166
-186
-205
-227
-245
-256
-270
-293
-291
-259
-222
-194
-191
-184
-157
-91
-24
29
60
76
90
127
180
231
254
273
298
316
328
317
308
304
305
301
275
233
187
138
102
91
80
38
-30
-85
-112
-132
-168
-218
-259
-292
-308
-331
-350
-367
-374
-369
-359
-329
-295
-270
-249
-224
-161
-91
-51
-48
-36
21
94
143
161
180
212
238
261
292
310
307
278
258
276
314
319
270
209
171
160
159
133
96
63
38
18
4
-12
-37
-54
-76
-80
-68
-58
-70
-79
-64
-26
0
6
0
3
21
47
88
118
122
116
106
107
124
142
149
135
103
62
48
44
30
-6
-61
-117
-158
-192
-218
-253
-287
-305
-321
-352
-390
-402
-407
-418
-427
-432
-424
-403
-378
-360
-325
-283
-259
-241
-214
-161
-115
-83
-35
27
85
106
121
154
198
244
264
270
276
290
296
303
318
332
313
256
219
226
246
241
199
151
116
83
58
55
67
63
28
-11
-21
-17
-1
9
17
36
32
20
33
81
124
127
127
145
167
189
214
242
270
278
262
262
278
298
295
257
212
173
156
132
88
40
-23
-88
-139
-169
-199
-253
-324
-388
-431
-459
-464
-478
-501
-527
-552
-561
-553
-533
-517
-508
-485
-452
-409
-368
-330
-275
-213
-155
-108
-49
6
46
89
139
203
257
280
296
317
340
358
374
387
394
374
346
324
325
329
299
253
201
179
162
140
108
69
32
2
-22
-38
-46
-66
-91
-114
-109
-87
-75
-81
-86
-75
-53
-35
-20
-3
10
34
54
72
85
100
123
137
150
168
176
162
141
129
138
146
137
109
80
65
52
32
-9
-55
-100
-140
-164
-173
-190
-229
-275
-307
-326
-351
-370
-374
-362
-359
-370
-372
-360
-338
-319
-294
-254
-215
-202
-207
-185
-129
-72
-27
14
45
65
82
109
158
204
238
251
257
271
286
292
306
321
315
295
265
247
241
232
222
197
177
148
110
94
91
81
52
9
-22
-38
-44
-51
-69
-95
-124
-131
-124
-116
-131
-153
-150
-140
-127
-110
-104
-103
-102
-80
-50
-25
-4
-4
7
30
54
63
68
83
100
114
124
123
115
93
91
96
106
110
88
69
46
32
28
29
20
-9
-39
-54
-58
-51
-58
-73
-92
-121
-134
-135
-129
-139
-147
-142
-133
-131
-150
-162
-157
-152
-155
-159
-151
-127
-115
-108
-94
-72
-57
-58
-47
-22
3
12
16
25
41
54
72
102
113
114
106
100
106
118
123
115
100
93
94
94
91
72
58
51
50
55
49
30
9
4
14
16
-1
-25
-39
-34
-22
-27
-33
-46
-62
-65
-47
-23
-14
-16
-30
-20
1
23
33
29
32
36
59
73
80
82
92
111
121
130
128
133
124
108
102
116
116
87
53
39
43
35
5
-24
-44
-60
-76
-99
-121
-148
-180
-200
-189
-184
-188
-217
-252
-273
-258
-224
-200
-211
-235
-243
-231
-206
-197
-174
-155
-145
-142
-122
-72
-27
-8
-3
7
32
71
99
120
140
157
182
210
221
224
231
248
265
269
273
275
270
259
261
264
265
239
212
188
178
174
160
136
97
65
37
33
35
18
-1
-20
-40
-56
-67
-57
-48
-54
-62
-55
-38
-33
-36
-29
-5
15
25
28
23
22
20
26
43
50
54
33
25
48
50
36
9
-11
-14
-13
-19
-46
-85
-101
-96
-93
-105
-141
-183
-207
-207
-198
-192
-205
-235
-259
-260
-250
-240
-234
-237
-244
-233
-200
-170
-152
-146
-139
-117
-83
-56
-40
-32
-23
4
40
70
85
91
103
125
152
156
155
156
166
179
192
191
174
167
166
173
184
175
151
124
120
132
137
134
130
121
103
92
87
81
81
76
75
77
77
71
61
55
61
76
84
88
75
59
54
63
87
97
88
51
16
11
25
42
41
17
-9
-28
-31
-39
-49
-50
-64
-88
-109
-106
-97
-105
-124
-135
-115
-95
-98
-116
-125
-106
-95
-78
-62
-49
-50
-52
-46
-29
-10
-12
-13
3
16
20
14
20
35
44
45
38
27
17
14
6
16
33
41
25
4
5
19
30
31
23
26
24
24
24
30
43
57
64
75
87
99
99
104
120
129
136
128
123
122
125
130
122
121
113
98
87
76
61
47
24
-2
-16
-25
-39
-66
-104
-132
-146
-153
-163
-180
-197
-218
-240
-251
-246
-227
-229
-242
-245
-230
-214
-213
-198
-178
-157
-141
-122
-100
-75
-52
-31
-8
11
22
34
45
64
87
100
102
98
99
100
102
106
118
124
112
104
95
88
86
79
68
55
42
33
36
46
58
61
51
46
50
63
79
91
102
108
104
104
121
142
158
175
181
184
175
174
187
194
197
192
189
181
171
154
154
144
120
84
50
39
34
27
7
-21
-53
-98
-127
-141
-158
-187
-213
-231
-250
-266
-278
-283
-279
-272
-271
-277
-285
-282
-273
-248
-219
-205
-202
-203
-194
-166
-126
-87
-64
-50
-42
-35
-11
13
47
65
77
86
86
96
98
99
108
127
138
124
103
86
83
93
87
74
61
52
42
28
32
35
26
6
-15
-17
-15
-16
-19
-14
-10
-17
-27
-35
-23
-17
-13
-6
0
-3
-14
-22
-12
6
10
-1
-10
-20
-24
-20
-7
4
-4
-16
-38
-45
-44
-49
-50
-50
-51
-69
-93
-103
-101
-83
-71
-74
-82
-92
-103
-106
-93
-68
-58
-54
-59
-58
-47
-16
12
22
17
12
16
28
53
75
84
88
93
99
113
129
142
145
149
149
146
144
138
144
157
155
143
131
125
114
104
93
81
71
51
32
21
16
7
-5
-12
-16
-31
-42
-50
-50
-49
-52
-60
-75
-77
-82
-89
-94
-91
-97
-106
-106
-109
-115
-127
-137
-145
-144
-143
-149
-148
-140
-155
-167
-169
-157
-158
-164
-153
-141
-127
-128
-134
-134
-120
-102
-94
-85
-73
-63
-53
-44
-23
0
5
8
17
36
58
60
60
66
76
90
102
107
107
104
101
112
123
126
113
94
89
93
100
98
81
72
64
52
43
40
29
13
9
8
12
4
-14
-36
-43
-40
-42
-48
-58
-66
-81
-82
-69
-60
-56
-60
-71
-71
-50
-30
-16
-10
-4
-3
-6
8
31
45
61
70
71
70
76
86
90
90
81
77
75
73
73
69
62
51
46
43
37
30
20
9
-5
-13
-17
-16
-16
-27
-24
-18
-14
-6
5
18
26
29
41
54
70
80
88
96
108
114
112
116
119
122
117
115
113
103
91
77
56
42
24
5
-11
-25
-40
-66
-87
-106
-118
-126
-137
-158
-176
-180
-183
-181
-176
-176
-181
-187
-181
-164
-144
-134
-129
-105
-88
-75
-62
-48
-26
-1
20
37
58
74
85
107
131
149
155
162
173
176
172
167
166
159
155
144
134
126
107
86
68
56
39
10
-13
-31
-45
-68
-87
-101
-109
-114
-130
-134
-134
-131
-136
-132
-115
-101
-87
-81
-69
-56
-32
-3
20
48
64
79
85
98
115
126
132
133
133
127
125
123
111
103
87
62
42
29
24
12
-7
-34
-62
-87
-107
-110
-114
-123
-140
-156
-159
-155
-151
-151
-154
-150
-140
-130
-111
-97
-90
-78
-59
-39
-20
-3
12
21
35
52
61
62
64
68
82
99
99
97
94
87
82
79
82
83
76
54
36
27
30
26
6
-7
-13
-22
-38
-48
-48
-44
-46
-55
-54
-60
-56
-56
-58
-52
-51
-46
-45
-39
-29
-29
-24
-15
-4
8
7
6
10
19
26
33
28
23
27
27
31
33
27
22
26
30
22
9
-3
-11
-12
-10
-10
-9
-12
-20
-26
-32
-28
-21
-27
-28
-33
-34
-41
-38
-33
-30
-29
-34
-32
-28
-24
-22
-21
-12
-12
-18
-25
-18
-10
-8
-7
-23
-26
-28
-23
-9
1
-1
-18
-28
-20
-12
-1
1
3
11
14
14
18
35
52
65
67
70
80
80
83
93
103
115
116
114
108
111
115
113
115
116
114
106
94
87
80
69
55
46
42
35
24
5
-15
-25
-31
-43
-60
-74
-83
-91
-97
-100
-112
-117
-123
-121
-113
-103
-100
-100
-99
-100
-89
-76
-63
-53
-42
-30
-20
-8
7
17
29
30
35
38
40
45
39
37
40
44
37
28
27
21
19
15
7
3
-13
-26
-40
-41
-41
-47
-53
-55
-50
-49
-51
-50
-44
-39
-43
-37
-30
-21
-15
-9
4
16
23
30
44
59
71
80
93
103
104
106
105
107
113
119
121
123
122
114
112
105
100
93
90
82
66
48
28
17
2
-18
-42
-57
-75
-93
-105
-115
-117
-126
-140
-153
-164
-167
-165
-159
-157
-154
-155
-152
-146
-130
-115
-104
-95
-86
-76
-63
-42
-32
-23
-13
-3
2
8
19
28
35
41
45
50
52
45
41
41
45
46
43
36
25
18
15
14
7
-5
-9
-18
-14
-16
-20
-25
-26
-24
-24
-18
-16
-19
-22
-16
-1
9
13
11
10
19
31
51
60
68
67
63
69
76
87
91
90
89
86
84
81
78
70
65
63
58
51
43
33
29
24
12
-1
-17
-25
-31
-35
-43
-55
-65
-73
-79
-84
-83
-88
-95
-97
-92
-82
-83
-88
-88
-84
-76
-70
-66
-61
-57
-51
-46
-34
-22
-16
-19
-19
-13
-7
4
15
16
12
14
22
19
20
27
32
38
37
30
24
23
19
23
29
29
27
21
24
34
37
37
37
36
34
34
39
44
46
46
49
49
53
54
56
60
64
64
65
62
57
53
58
62
65
65
61
53
51
53
55
52
43
35
35
39
44
43
38
35
33
30
34
43
42
37
31
29
28
26
23
16
13
11
9
2
-1
4
-1
-8
-20
-29
-28
-29
-31
-35
-42
-49
-56
-61
-65
-73
-80
-85
-87
-86
-82
-83
-89
-94
-92
-87
-79
-76
-77
-77
-79
-77
-73
-68
-70
-71
-70
-64
-51
-41
-43
-44
-39
-24
-10
0
1
5
10
27
46
56
60
58
65
79
95
106
109
118
125
131
139
140
142
140
137
146
154
157
148
140
137
133
130
128
123
114
103
91
85
83
72
58
40
27
21
14
1
-15
-26
-35
-40
-56
-66
-74
-83
-88
-100
-103
-110
-118
-126
-131
-128
-130
-131
-136
-140
-132
-133
-135
-142
-141
-135
-139
-140
-142
-132
-125
-125
-127
-128
-124
-118
-114
-107
-92
-75
-73
-72
-66
-56
-43
-30
-20
-11
-6
-3
2
7
18
30
32
34
45
57
66
73
77
90
96
95
96
104
116
121
128
131
135
138
141
149
153
152
152
152
153
149
151
152
142
136
126
114
103
95
86
77
74
72
61
44
27
15
5
1
-1
-13
-29
-46
-54
-57
-63
-68
-77
-87
-93
-91
-95
-99
-102
-103
-106
-104
-99
-100
-102
-106
-104
-101
-96
-90
-86
-82
-83
-82
-76
-70
-64
-59
-51
-45
-38
-29
-21
-19
-17
-15
-11
-5
0
3
4
2
5
7
7
10
11
16
21
26
26
23
24
28
29
33
33
32
31
31
30
29
35
33
31
34
34
30
29
26
17
13
14
11
6
0
-3
-5
-11
-15
-16
-15
-14
-19
-25
-25
-22
-21
-24
-25
-25
-24
-25
-24
-19
-15
-16
-19
-17
-13
-7
-6
-8
-7
-3
1
3
6
5
4
7
9
10
11
14
15
14
16
17
16
16
18
22
15
16
12
3
4
7
13
5
-4
-4
-4
-3
-1
-3
-5
-4
-3
-1
4
3
-3
-1
0
2
-2
-7
-9
-7
-3
-4
-7
-13
-20
-22
-15
-9
-11
-18
-21
-15
-15
-14
-15
-17
-15
-18
-17
-17
-17
-16
-19
-14
-9
-4
-5
-12
-14
-11
-8
-8
-2
3
2
-7
-13
-8
1
4
5
4
2
1
2
5
8
5
3
5
10
12
8
6
7
10
14
17
13
7
6
14
24
24
16
3
4
10
13
17
11
4
2
4
9
10
6
-1
-9
-11
-13
-16
-22
-25
-27
-29
-36
-43
-48
-49
-50
-56
-56
-55
-56
-60
-63
-62
-63
-64
-60
-55
-51
-49
-51
-49
-46
-45
-42
-36
-31
-20
-12
-10
-6
-3
4
9
14
18
22
30
33
39
46
53
58
58
59
60
58
62
67
71
68
65
61
55
57
59
62
60
56
56
52
48
45
45
44
39
36
30
30
32
32
30
29
34
31
28
25
22
20
23
25
24
21
12
10
12
15
15
11
4
-2
-4
-6
-8
-14
-19
-23
-25
-25
-25
-28
-35
-40
-39
-37
-41
-47
-55
-60
-60
-61
-53
-52
-56
-63
-67
-67
-64
-58
-59
-63
-66
-65
-62
-58
-58
-57
-55
-52
-51
-49
-49
-48
-43
-39
-34
-30
-29
-29
-27
-16
-10
-4
-2
-4
-2
1
9
13
13
11
12
16
21
27
29
26
24
27
34
39
37
35
34
35
36
39
39
37
39
37
35
33
30
26
25
28
30
28
24
21
20
25
29
28
23
22
24
28
31
33
31
25
26
33
40
41
38
33
28
31
35
38
38
33
26
21
26
31
30
22
15
12
10
7
3
-4
-8
-12
-14
-19
-23
-28
-30
-37
-38
-37
-42
-49
-54
-54
-51
-51
-53
-55
-55
-50
-47
-46
-45
-45
-43
-41
-32
-28
-25
-24
-25
-20
-14
-6
-3
0
6
10
11
10
17
23
26
28
28
30
32
33
37
41
40
36
31
29
30
32
29
25
19
15
14
17
15
10
4
1
-1
0
-3
-8
-14
-18
-19
-20
-21
-24
-28
-31
-31
-31
-33
-38
-40
-38
-37
-37
-38
-38
-35
-31
-27
-24
-23
-25
-26
-22
-17
-14
-16
-16
-13
-11
-7
-5
-1
4
4
4
7
13
16
17
18
19
21
22
25
27
27
26
26
25
24
23
23
21
20
20
20
17
16
19
22
21
17
15
14
16
19
20
16
13
12
16
20
20
19
19
17
18
22
24
24
21
23
24
27
28
25
25
26
23
19
16
13
12
8
3
-1
-5
-11
-16
-19
-19
-22
-28
-33
-37
-41
-42
-44
-44
-45
-50
-53
-53
-49
-46
-47
-49
-47
-42
-40
-35
-29
-23
-19
-16
-9
-1
6
9
13
18
22
26
27
30
33
34
33
31
33
32
29
26
24
24
19
13
10
8
4
2
-3
-10
-17
-19
-19
-18
-20
-27
-32
-32
-29
-23
-20
-21
-20
-20
-13
-4
1
3
3
7
17
23
27
29
31
33
35
39
42
40
35
33
36
37
32
23
18
18
16
11
4
-4
-12
-15
-17
-19
-23
-32
-38
-40
-37
-35
-34
-38
-39
-37
-32
-27
-22
-18
-14
-10
-4
4
11
15
20
24
30
34
37
39
39
41
42
43
42
38
34
31
28
25
19
12
2
-3
-8
-11
-17
-25
-34
-38
-42
-44
-47
-51
-54
-55
-54
-52
-49
-45
-41
-39
-32
-24
-17
-11
-4
5
13
20
26
33
39
44
49
57
59
60
59
61
63
66
64
58
52
48
44
41
35
27
18
10
4
-1
-6
-15
-23
-29
-34
-38
-41
-45
-48
-51
-51
-49
-49
-49
-49
-44
-41
-37
-35
-33
-28
-23
-17
-13
-10
-6
-6
-2
0
3
5
3
2
0
0
0
-3
-4
-9
-13
-16
-19
-21
-23
-26
-29
-34
-35
-34
-34
-36
-36
-36
-34
-30
-26
-23
-20
-19
-14
-5
4
10
15
21
29
38
46
52
54
59
66
72
75
78
78
77
79
81
82
80
73
67
65
63
60
52
46
37
31
28
23
17
9
1
-5
-7
-9
-14
-21
-26
-26
-25
-26
-29
-31
-33
-32
-32
-29
-26
-27
-30
-29
-24
-20
-20
-22
-24
-22
-19
-18
-21
-26
-28
-27
-29
-30
-32
-35
-40
-43
-43
-43
-45
-50
-52
-51
-49
-47
-48
-49
-47
-43
-39
-36
-33
-29
-25
-19
-12
-6
1
4
10
18
27
35
39
42
48
54
58
61
62
62
63
63
64
62
58
52
48
48
44
37
29
23
20
17
11
6
0
-4
-9
-12
-14
-16
-21
-25
-26
-24
-22
-22
-24
-22
-18
-15
-14
-11
-7
-1
1
2
5
10
15
17
18
19
20
20
20
20
21
19
15
13
13
11
8
4
-1
-4
-5
-6
-9
-14
-18
-22
-21
-21
-24
-26
-28
-27
-24
-24
-23
-23
-22
-17
-14
-12
-9
-7
-4
-1
1
5
7
7
7
7
10
10
9
5
4
4
5
1
-4
-8
-9
-10
-14
-17
-20
-21
-24
-27
-29
-29
-31
-34
-35
-33
-29
-27
-27
-25
-21
-15
-9
-5
-1
2
9
17
22
26
30
35
38
42
46
49
52
52
52
52
54
54
52
49
45
44
44
40
35
29
27
25
22
17
12
9
5
5
0
-3
-4
-6
-8
-10
-7
-7
-8
-10
-10
-8
-4
-4
-6
-6
-4
-4
-4
-7
-11
-11
-12
-13
-17
-20
-21
-22
-25
-29
-32
-34
-36
-41
-43
-46
-49
-52
-54
-55
-53
-53
-54
-55
-53
-51
-46
-43
-40
-37
-31
-25
-20
-15
-10
-2
4
12
16
22
29
33
39
44
48
53
54
56
57
58
59
57
54
53
54
52
50
46
42
40
37
34
30
24
20
16
10
7
4
1
-2
-6
-8
-10
-11
-11
-11
-12
-12
-13
-12
-12
-11
-11
-10
-10
-11
-9
-9
-7
-7
-7
-5
-5
-5
-5
-4
-2
-2
-2
-3
-3
-3
-4
-4
-5
-6
-6
-5
-5
-6
-6
-6
-5
-4
-4
-4
-2
-1
1
0
1
1
2
2
3
4
5
5
4
5
7
8
8
6
6
7
6
5
5
3
3
2
1
1
-2
-3
-5
-6
-7
-10
-12
-15
-16
-16
-17
-19
-22
-24
-23
-21
-21
-23
-24
-23
-21
-19
-17
-16
-16
-14
-12
-10
-7
-5
-3
0
3
8
12
14
16
20
22
26
28
29
30
33
37
40
40
40
40
41
42
42
39
37
36
35
32
31
30
26
23
21
19
17
14
9
4
2
0
-3
-6
-10
-11
-15
-19
-23
-25
-28
-30
-30
-30
-31
-31
-32
-32
-32
-31
-31
-32
-33
-35
-35
-33
-33
-33
-34
-34
-32
-30
-29
-29
-29
-28
-28
-25
-25
-24
-23
-22
-22
-21
-21
-19
-18
-17
-15
-12
-9
-7
-4
0
5
10
11
13
16
20
25
28
29
35
39
42
47
52
55
58
58
60
64
66
66
65
65
66
65
61
59
56
53
49
45
40
35
30
26
21
15
8
-2
-8
-14
-18
-26
-33
-39
-42
-46
-48
-51
-54
-55
-57
-57
-57
-56
-56
-57
-53
-51
-47
-45
-44
-41
-36
-31
-28
-26
-21
-18
-12
-9
-5
-3
-1
-1
1
2
3
2
0
-2
-2
-1
-2
-3
-5
-3
-4
-6
-6
-6
-6
-7
-6
-6
-5
-4
-3
-2
2
4
5
7
9
13
18
22
26
30
32
34
35
39
40
41
40
39
39
39
38
36
33
31
28
23
19
15
9
2
-3
-6
-11
-16
-20
-25
-29
-30
-33
-39
-40
-40
-40
-39
-40
-38
-34
-31
-29
-25
-21
-19
-15
-11
-5
0
5
8
13
18
25
28
30
33
35
37
38
39
39
38
37
36
34
33
29
25
22
20
17
13
9
7
3
2
-2
-6
-8
-10
-12
-14
-14
-15
-16
-16
-15
-14
-13
-13
-12
-10
-9
-10
-10
-9
-8
-6
-6
-8
-7
-8
-9
-10
-11
-14
-16
-19
-21
-23
-23
-27
-29
-32
-35
-36
-37
-39
-40
-40
-42
-41
-41
-38
-36
-34
-33
-31
-26
-21
-16
-12
-7
-3
3
9
14
19
23
27
32
35
38
41
42
46
48
48
47
47
46
45
43
40
36
33
31
28
25
22
18
15
12
9
7
4
0
-2
-3
-3
-5
-5
-5
-6
-4
-4
-4
-2
-1
0
1
3
4
5
5
5
5
6
4
3
1
0
-2
-4
-7
-11
-13
-17
-20
-24
-27
-31
-34
-37
-40
-42
-44
-46
-46
-46
-46
-46
-45
-43
-40
-36
-34
-31
-26
-22
-16
-10
-6
-1
3
8
14
17
22
26
30
34
37
39
39
39
41
39
38
36
33
29
27
24
20
17
12
6
2
0
-4
-7
-9
-13
-15
-16
-18
-19
-20
-19
-20
-18
-16
-14
-12
-10
-7
-2
2
4
7
9
12
15
18
18
18
20
20
22
22
20
18
17
16
13
12
8
4
1
-2
-4
-8
-10
-14
-20
-20
-23
-24
-27
-29
-30
-29
-29
-29
-28
-26
-25
-21
-18
-16
-14
-12
-8
-4
1
3
4
7
9
13
15
17
18
18
18
19
18
17
16
14
12
12
9
7
5
1
-1
-3
-4
-8
-11
-13
-13
-14
-17
-18
-18
-18
-17
-16
-15
-14
-13
-11
-7
-4
-1
1
4
7
11
14
17
20
22
24
28
30
32
32
34
33
36
36
35
35
34
34
33
32
29
29
28
25
24
22
21
18
17
16
14
14
13
10
9
8
9
9
6
5
4
2
1
0
-1
-3
-6
-7
-10
-11
-14
-17
-21
-22
-24
-25
-27
-31
-33
-35
-35
-38
-40
-41
-42
-42
-42
-42
-42
-42
-40
-37
-36
-34
-32
-30
-28
-24
-20
-18
-15
-13
-9
-6
-3
0
3
5
8
8
11
12
14
13
15
18
17
18
18
19
20
19
20
20
20
21
20
20
20
20
20
19
20
20
21
21
22
22
23
24
25
25
26
27
27
28
28
29
29
27
26
25
24
22
20
17
17
13
10
7
4
-1
-4
-7
-11
-14
-18
-21
-24
-27
-29
-31
-34
-35
-37
-38
-40
-41
-40
-42
-41
-40
-39
-38
-37
-35
-34
-31
-28
-26
-23
-20
-17
-15
-12
-9
-7
-4
-2
0
3
5
8
10
11
12
15
16
16
16
17
17
18
19
17
17
16
16
16
15
14
13
14
14
14
14
14
13
13
12
14
14
14
13
13
13
12
13
14
13
14
13
13
13
14
13
12
13
12
12
12
9
8
6
5
5
3
2
2
1
0
-1
-3
-4
-5
-6
-9
-10
-12
-14
-14
-15
-16
-18
-20
-21
-22
-22
-23
-23
-23
-23
-25
-24
-24
-24
-23
-23
-23
-22
-20
-20
-17
-17
-16
-13
-12
-10
-9
-7
-6
-3
-1
1
1
3
5
7
9
10
11
11
13
15
15
15
14
13
13
13
14
12
10
10
9
9
7
5
5
5
5
3
2
-1
-3
-3
-3
-2
-3
-3
-5
-4
-3
-2
-2
0
1
2
5
6
7
8
8
10
12
12
13
11
10
12
13
14
14
12
10
10
9
8
7
4
3
1
0
-2
-4
-6
-8
-8
-8
-9
-10
-13
-14
-14
-14
-14
-14
-14
-14
-15
-12
-12
-11
-10
-9
-7
-4
-2
-1
-1
1
2
3
7
6
7
7
7
9
8
7
7
6
7
6
7
5
3
2
3
4
0
-2
-3
-4
-4
-5
-4
-6
-6
-5
-6
-4
-5
-5
-6
-5
-4
-3
-3
-5
-4
-3
-1
0
-1
0
-1
0
0
0
0
-1
-1
-1
0
-1
-2
-4
-4
-3
-2
-2
-3
-5
-4
-5
-2
-2
-2
-3
-3
-2
-2
-2
-1
-2
0
1
3
3
3
4
3
5
6
7
6
6
7
7
9
8
9
8
7
9
8
8
6
5
3
3
3
1
0
0
-1
0
-1
-1
-2
-2
-2
-3
-2
-3
-1
-2
0
2
2
4
2
3
2
3
6
6
6
6
6
7
6
5
5
5
4
3
2
1
0
-1
-1
-3
-4
-5
-8
-8
-10
-11
-12
-14
-15
-15
-15
-16
-15
-16
-16
-15
-14
-11
-10
-9
-8
-6
-5
-2
1
3
3
6
6
11
10
11
12
14
15
17
17
16
16
14
14
13
12
10
7
6
6
3
3
0
-3
-3
-5
-7
-11
-12
-15
-14
-14
-14
-13
-14
-12
-12
-10
-7
-6
-5
-5
-2
1
5
6
9
11
12
14
17
18
18
18
18
19
21
20
20
19
17
17
16
13
8
6
3
0
-2
-4
-8
-11
-13
-14
-18
-18
-21
-23
-24
-24
-23
-22
-21
-21
-20
-18
-15
-13
-12
-10
-7
-5
0
2
5
7
9
12
14
16
18
18
18
20
20
20
19
18
15
14
12
10
7
5
2
0
-4
-6
-9
-12
-13
-15
-17
-18
-21
-21
-22
-20
-19
-19
-18
-17
-14
-12
-9
-6
-5
-3
0
4
6
9
12
13
16
19
22
22
23
23
24
24
22
21
18
15
14
12
10
8
5
3
0
-1
-4
-6
-11
-13
-14
-15
-15
-17
-19
-19
-19
-18
-17
-15
-15
-13
-11
-8
-5
-5
-2
0
2
5
9
11
10
11
13
16
16
16
14
12
13
12
11
10
7
4
1
0
-1
-3
-7
-10
-13
-13
-14
-17
-20
-23
-24
-22
-22
-22
-22
-23
-21
-18
-16
-14
-14
-12
-10
-6
-2
0
0
2
4
8
12
13
14
14
14
15
17
17
16
14
14
14
14
13
12
8
6
6
6
5
4
1
-2
-3
-1
-2
-2
-4
-5
-4
-3
-2
-1
0
1
3
5
7
9
8
9
10
12
14
14
15
14
15
17
16
16
16
15
15
14
13
13
10
9
9
7
4
2
0
-1
-3
-4
-5
-8
-10
-11
-11
-12
-12
-14
-14
-13
-13
-11
-11
-10
-10
-11
-9
-6
-6
-6
-6
-5
-3
-2
-2
-2
-1
0
1
1
1
0
-1
-1
-1
1
-1
-2
-5
-6
-5
-5
-7
-9
-10
-11
-11
-11
-11
-11
-13
-12
-11
-9
-9
-8
-9
-9
-6
-5
-4
-2
-3
0
2
3
5
5
7
8
12
13
15
15
13
13
14
15
16
16
13
12
13
12
12
10
8
7
8
9
8
7
6
5
6
6
7
6
4
3
2
4
4
4
2
2
2
2
3
3
0
0
0
0
0
0
-1
-1
-2
-2
-2
-3
-5
-5
-6
-6
-5
-6
-8
-9
-10
-10
-10
-12
-11
-12
-13
-13
-12
-13
-15
-14
-15
-15
-13
-13
-13
-14
-14
-13
-11
-10
-8
-7
-8
-6
-4
-3
-1
0
1
3
5
5
6
6
9
9
10
10
9
8
9
10
10
11
11
10
9
10
10
10
11
12
11
11
11
12
12
11
10
12
12
12
11
10
9
9
9
8
8
8
7
6
7
4
3
2
1
2
0
-3
-5
-6
-7
-7
-9
-12
-13
-14
-14
-13
-14
-15
-16
-17
-17
-17
-17
-18
-18
-18
-18
-16
-17
-16
-15
-13
-13
-11
-10
-9
-9
-7
-5
-3
-3
-1
-1
0
2
4
4
5
5
6
7
7
7
8
8
7
8
8
9
7
6
5
5
5
4
3
3
1
2
3
3
2
2
2
2
3
3
5
4
6
6
7
7
8
9
9
11
12
14
15
16
17
17
18
17
18
16
15
14
