-2
-1
0
-1
-1
-1
-1
-2
-1
-1
-2
-1
-1
-2
-3
-2
-1
-1
-1
0
1
0
1
0
0
0
0
-1
-1
-1
-1
-1
-1
-1
-1
-1
-1
0
0
1
0
1
0
0
1
0
-1
-1
0
1
0
1
2
2
2
3
2
2
2
3
1
2
2
2
1
2
3
1
1
2
2
2
1
1
2
1
-2
0
0
0
1
0
1
1
2
2
0
0
1
1
1
2
1
1
1
1
2
0
1
1
2
3
2
1
1
0
0
0
-1
-1
-3
-2
-1
-1
-2
-2
-1
-2
-2
-1
-1
-2
-1
-1
-1
-2
-1
-2
-2
-2
0
0
0
0
-1
-2
-1
-1
-1
-1
-1
0
-1
0
1
0
0
0
1
0
1
0
-1
-1
-2
-1
-3
-2
-2
-2
-2
-1
-2
-3
-2
-2
-2
-2
-2
-2
-2
-1
-1
-2
-2
-2
-1
-2
-2
-1
-1
0
0
0
0
-1
-1
-1
-1
-1
-1
-1
-1
1
0
-1
-1
-1
0
-1
0
1
1
1
1
1
0
1
2
1
3
3
4
4
3
3
3
3
4
3
2
2
1
3
2
2
2
3
3
4
5
5
4
4
4
3
3
3
3
3
2
3
2
2
2
2
2
2
1
1
1
1
0
-1
-1
-2
-3
-2
-2
-1
-1
-1
-1
-2
-2
-2
-2
-3
-2
-3
-3
-3
-2
-2
-3
-3
-3
-3
-3
-2
-3
-2
-2
-3
-3
-2
-2
-2
-1
0
0
1
-1
0
-1
0
-1
-2
-2
-2
-2
-1
-1
-1
-1
-2
-1
-1
0
0
0
-1
-2
-2
-3
-2
-2
-2
-2
-1
-1
-2
-2
-2
-2
-1
-1
-1
-1
-2
-1
-2
-1
-1
0
-1
-1
0
0
0
0
0
0
0
1
1
2
3
2
2
3
3
3
2
3
3
3
3
3
3
3
3
4
3
2
3
3
3
4
3
2
4
3
3
3
5
4
3
4
5
4
3
3
3
2
3
2
3
3
3
3
3
2
1
1
2
0
0
1
1
2
3
2
2
1
2
1
3
2
3
2
2
1
-1
0
0
0
-1
-1
1
-1
1
0
-1
-1
-2
-1
-2
-2
0
-1
-1
-3
-2
-2
-4
-2
-3
-3
-3
-4
-3
-3
-4
-2
-4
-3
-4
-4
-1
-1
-2
0
-2
-2
-1
-1
2
2
3
3
1
-1
-4
-5
-7
-7
-4
-1
0
1
2
1
1
0
-4
-5
-4
0
-1
-4
-4
-5
1
1
2
2
5
9
4
2
-5
-4
-2
-3
-2
-3
1
3
5
5
1
-2
-2
-4
-6
-6
-4
1
6
7
3
-1
-2
-6
-9
-10
-9
-1
6
8
8
3
5
5
4
1
-1
1
-1
1
-5
-8
-3
-1
6
9
11
7
6
3
-4
-9
-13
-13
-6
0
2
3
0
6
5
6
-2
-4
0
-1
2
-5
-2
-1
2
6
0
3
2
7
9
1
0
-6
-4
1
-4
-3
-1
4
4
0
-2
-4
-4
-3
-4
-9
-5
-4
-4
-5
-6
-2
0
6
3
0
-2
-3
-3
-10
-5
-8
5
13
8
10
-1
4
0
-6
1
-12
1
-1
-6
0
-8
2
3
3
5
-2
7
2
-8
-8
-12
-5
-2
-6
-1
-1
10
11
3
3
0
3
2
-3
-7
-5
2
6
-1
0
2
0
5
-2
-3
1
4
7
-3
-4
-9
-12
-12
-14
-11
-3
7
13
18
18
14
9
0
-5
-11
-20
-17
-12
-1
11
11
19
24
29
33
14
8
1
-14
-4
-47
-49
-31
-22
30
8
39
49
49
63
-19
-25
-41
-36
-15
-54
-30
-14
29
52
14
19
28
50
52
3
-24
-31
-18
-19
-50
-55
-24
19
43
29
12
30
41
33
-6
-44
-34
-28
-24
-45
-60
-30
5
22
12
3
26
47
43
16
-22
-21
-13
-26
-42
-55
-29
6
25
32
26
41
56
44
19
-7
-17
-17
-29
-42
-50
-32
-8
11
17
24
38
41
38
9
-10
-17
-23
-23
-41
-41
-31
-14
7
7
13
25
35
36
16
0
-17
-20
-26
-41
-43
-36
-17
-10
-6
0
6
24
24
15
1
-7
-9
-19
-30
-38
-32
-13
1
5
11
18
30
33
25
17
11
12
10
-5
-13
-17
-6
-1
-1
8
14
30
30
18
12
5
9
0
-9
-17
-19
-11
-10
-14
-16
-7
3
14
16
12
12
10
8
-5
-13
-17
-22
-13
-12
-6
1
7
16
14
13
8
8
5
0
-8
-13
-11
-13
-9
-11
-6
4
10
18
12
13
13
12
9
0
-2
-2
3
5
6
6
10
15
14
18
16
16
20
15
11
5
1
-3
-10
-12
-13
-8
-2
-1
0
4
6
7
2
-7
-10
-15
-16
-18
-20
-15
-9
-3
1
4
7
8
5
3
-1
0
-3
-6
-4
-4
0
0
0
2
1
6
4
1
4
0
-2
-5
-8
-4
0
3
1
-2
-1
2
-1
-1
-3
3
9
11
10
4
1
2
1
0
-3
-4
1
3
7
4
1
2
0
0
-2
-6
-7
-7
-9
-6
-6
-4
-1
1
3
-2
-3
-4
-4
-2
-2
2
4
11
10
7
5
2
4
6
6
4
7
11
12
10
4
4
6
8
7
2
0
-4
-2
-2
-6
-4
-4
3
6
6
5
0
1
-2
-5
-3
0
5
8
10
9
8
8
6
4
1
4
5
7
6
1
1
0
4
0
0
0
3
9
4
2
-2
-4
-3
-6
-6
-4
1
5
4
3
1
2
2
-1
-2
-1
2
0
-1
-6
-7
-1
-3
-2
-6
-3
-1
-4
-3
-13
-13
-10
-14
-11
-12
-8
-5
-6
-1
-5
-4
0
-4
-4
-6
-8
-5
-8
-6
-4
-1
6
7
8
7
5
7
6
4
3
-1
0
1
1
3
2
6
9
8
11
5
3
4
2
5
2
1
4
2
6
4
4
8
7
10
7
4
9
6
4
1
-4
1
0
-1
-3
-6
2
3
1
0
-3
0
-1
-3
-6
-10
-6
-9
-9
-8
-6
-5
-3
-4
-4
-4
-5
-7
-7
-7
-6
-7
-7
-7
-7
-2
-3
-4
-6
-8
-7
-8
-8
-9
-9
-5
-8
-6
-8
-5
-1
-5
-5
-6
-3
1
-1
0
-1
4
7
5
3
0
2
5
6
7
7
11
12
11
13
12
10
8
7
6
6
9
9
10
12
13
12
11
6
5
5
3
3
0
0
0
2
7
7
10
8
5
3
-1
-4
-4
-7
-5
-5
-4
-2
-5
-6
-6
-7
-6
-9
-10
-10
-13
-14
-16
-16
-15
-16
-16
-16
-10
-11
-12
-14
-14
-9
-9
-8
-10
-11
-6
-7
-7
-9
-7
-2
0
2
2
3
6
3
1
0
3
3
4
2
1
6
9
10
9
9
11
11
11
8
8
11
10
11
11
10
13
14
15
14
13
14
14
13
11
9
9
8
6
5
5
8
6
5
4
1
4
2
0
-3
-6
-4
-5
-5
-6
-5
-3
-3
-2
-2
-5
-6
-5
-5
-5
-7
-7
-6
-7
-6
-4
-4
-2
-3
-3
-7
-7
-4
-6
-6
-7
-5
0
0
0
-3
-3
0
0
-1
-3
-2
2
1
2
1
1
4
3
6
6
5
6
5
4
2
4
4
3
3
1
1
1
0
0
-1
0
1
0
-1
-2
-2
-2
-3
-2
-3
-2
-3
-6
-5
-5
-2
-2
-2
-3
-2
-3
-2
-5
-6
-3
-3
-4
-6
-7
-5
-5
-3
-4
-5
-3
-2
-1
-3
-5
-5
-4
-3
-3
-4
-2
-2
0
1
-1
1
2
2
2
1
1
3
2
2
1
2
3
3
3
2
3
4
3
4
2
1
1
1
0
-1
-3
-2
-1
0
0
0
3
2
1
-1
-1
-2
-3
-3
-3
-4
-2
-1
1
2
4
4
4
1
0
-1
0
-1
-1
0
1
2
5
5
6
6
4
4
1
3
1
1
1
0
2
4
4
6
4
5
6
6
5
2
3
2
3
4
1
0
1
1
4
1
1
3
3
5
1
1
1
0
2
-2
-3
-2
-2
-1
-2
-1
2
2
1
-2
-3
-3
-3
-5
-6
-6
-4
-2
-3
-1
-1
-1
-1
-3
-2
-4
-4
-4
-6
-3
-3
-2
0
-1
-2
-3
-2
-1
-4
-3
-3
-3
-3
-3
-3
-3
-3
-1
-3
-2
-3
-2
-1
-1
-1
-2
-1
0
-1
-1
-3
-2
0
0
1
0
2
3
2
1
-1
1
1
1
0
-1
0
0
1
1
1
1
3
4
3
1
0
1
1
0
-1
-1
0
1
0
1
0
1
1
1
1
1
1
2
1
0
1
1
1
0
1
0
0
2
2
3
1
0
0
0
0
-1
-1
0
0
2
2
2
2
2
3
3
1
1
0
2
1
1
2
2
3
3
4
4
5
5
2
3
2
2
0
-1
0
0
0
0
-1
0
-1
-1
-3
-3
-3
-2
-3
-5
-5
-5
-3
-4
-5
-5
-5
-3
-3
-4
-7
-7
-6
-5
-6
-7
-7
-5
-4
-4
-3
-6
-4
-2
-3
-4
-5
-5
-2
-2
0
-1
1
2
3
4
3
5
7
8
6
4
3
3
2
2
0
0
1
0
1
-1
0
0
0
2
0
-1
-1
-1
-2
-3
-3
-3
-2
-3
-5
-5
-2
-1
-1
-1
-2
-2
-1
-1
-1
-1
-1
-1
0
-2
-1
0
-1
-3
-3
-2
0
1
0
0
4
7
9
8
9
10
12
14
10
7
7
9
6
3
1
1
3
1
-1
-3
-2
0
2
-1
-4
-3
1
1
-2
-5
-5
-1
1
-2
-5
-3
-1
2
1
-1
-1
4
5
3
1
0
1
2
1
-3
-5
-3
-3
-5
-7
-8
-6
-3
-3
-6
-4
-2
0
2
2
2
6
7
6
5
6
6
6
6
3
5
6
6
5
4
5
5
5
4
2
2
3
2
0
0
-1
0
1
0
-3
-1
0
0
-1
-1
0
2
3
1
1
2
0
-1
-3
-4
-5
-5
-7
-10
-11
-10
-10
-9
-12
-14
-13
-11
-10
-11
-10
-10
-7
-4
-4
-5
-2
1
2
2
1
2
5
6
5
4
5
7
8
6
4
4
6
5
3
1
-3
-4
-3
-6
-9
-8
-7
-5
-3
-5
-4
-2
2
2
1
0
0
1
2
1
-1
0
2
3
4
5
8
11
14
15
14
17
20
21
20
19
20
22
23
21
22
25
28
32
32
34
40
45
47
47
47
50
51
48
42
37
36
33
26
18
12
7
3
-4
-9
-12
-12
-15
-20
-23
-28
-28
-31
-38
-47
-53
-58
-63
-69
-73
-74
-70
-69
-69
-69
-66
-61
-58
-58
-60
-59
-58
-59
-61
-62
-60
-58
-55
-53
-49
-42
-37
-31
-27
-20
-12
-6
0
2
5
8
11
11
11
12
13
14
14
16
18
21
23
23
23
23
26
28
27
25
25
25
23
23
22
22
23
21
21
21
24
23
23
24
27
28
27
23
20
17
14
7
2
-1
1
-1
-5
-7
-2
4
7
11
13
19
24
29
30
32
38
44
47
47
47
50
55
60
59
58
62
66
68
68
66
67
69
68
63
57
57
56
53
47
43
43
42
39
35
32
34
35
34
32
33
36
38
33
30
28
25
19
8
-5
-16
-19
-24
-32
-38
-39
-36
-34
-30
-29
-22
-15
-10
-11
-15
-19
-23
-29
-44
-57
-69
-84
-98
-115
-131
-145
-151
-160
-165
-166
-164
-162
-157
-151
-147
-141
-135
-132
-131
-131
-132
-132
-131
-134
-134
-133
-128
-120
-103
-85
-62
-32
1
30
58
94
130
165
193
219
243
268
291
311
329
346
364
377
384
386
388
389
385
375
359
341
324
301
272
239
208
178
145
117
86
52
27
1
-23
-46
-65
-91
-123
-153
-187
-222
-258
-301
-343
-388
-429
-468
-502
-532
-556
-570
-578
-580
-577
-576
-563
-544
-531
-511
-491
-464
-438
-415
-390
-364
-325
-278
-210
-133
-55
53
173
289
395
508
626
736
811
851
888
918
922
890
840
792
735
658
572
501
431
369
303
238
174
127
91
50
17
-15
-32
-35
-38
-45
-53
-48
-15
17
38
57
90
132
173
206
229
256
285
289
268
253
238
214
186
135
72
16
-43
-108
-164
-229
-285
-319
-352
-382
-404
-434
-465
-492
-527
-572
-606
-636
-665
-702
-730
-754
-773
-781
-791
-797
-793
-788
-799
-818
-827
-806
-764
-709
-624
-539
-435
-313
-136
96
306
480
641
842
1056
1204
1248
1274
1344
1367
1298
1180
1072
995
902
736
534
382
261
135
7
-149
-287
-364
-412
-493
-583
-658
-677
-632
-600
-611
-628
-583
-493
-408
-358
-319
-218
-100
-10
64
158
382
624
754
832
933
1074
1238
1323
1205
1112
1132
1063
911
713
486
369
347
166
-66
-131
-153
-163
-176
-308
-376
-283
-269
-372
-454
-578
-655
-633
-736
-953
-1056
-1064
-1098
-1109
-1188
-1295
-1247
-1157
-1161
-1174
-1128
-1063
-970
-908
-928
-848
-659
-507
-384
-260
-76
178
450
605
708
926
1166
1320
1386
1414
1436
1484
1483
1352
1203
1099
968
797
598
365
162
43
-96
-296
-474
-600
-647
-655
-711
-812
-810
-715
-629
-578
-561
-493
-347
-198
-134
-81
35
160
277
374
456
603
789
938
1027
1072
1156
1275
1311
1231
1106
989
918
842
650
422
292
216
107
-14
-141
-211
-186
-206
-297
-371
-409
-449
-489
-597
-765
-836
-868
-947
-1037
-1137
-1220
-1207
-1172
-1221
-1266
-1245
-1217
-1186
-1184
-1216
-1196
-1133
-1110
-1108
-1070
-960
-788
-618
-460
-260
20
341
633
873
1107
1372
1601
1748
1802
1812
1821
1774
1647
1475
1286
1087
898
671
406
212
50
-122
-282
-445
-591
-674
-717
-794
-882
-937
-929
-866
-826
-797
-722
-590
-434
-287
-148
-11
165
362
525
652
788
978
1152
1293
1392
1435
1478
1559
1558
1442
1343
1224
1111
1014
807
574
456
355
206
105
-9
-118
-117
-167
-301
-355
-411
-521
-576
-692
-886
-973
-1027
-1171
-1256
-1321
-1417
-1407
-1373
-1433
-1453
-1392
-1375
-1370
-1360
-1392
-1391
-1352
-1337
-1351
-1321
-1246
-1129
-975
-822
-640
-375
-42
261
534
818
1123
1441
1703
1819
1879
1990
2039
1952
1820
1669
1498
1325
1100
806
548
331
98
-124
-346
-548
-694
-795
-898
-982
-1051
-1075
-1008
-923
-881
-829
-681
-497
-317
-155
-23
148
356
543
677
812
1018
1206
1327
1472
1576
1630
1721
1756
1660
1584
1516
1326
1177
1030
754
553
441
239
62
-39
-195
-285
-311
-456
-555
-554
-659
-758
-795
-947
-1062
-1054
-1168
-1296
-1278
-1310
-1372
-1318
-1292
-1339
-1288
-1236
-1260
-1262
-1251
-1264
-1255
-1240
-1256
-1259
-1210
-1161
-1087
-970
-846
-660
-379
-85
190
517
833
1104
1441
1726
1852
1968
2106
2120
2066
1978
1771
1571
1398
1104
784
538
274
10
-225
-476
-658
-766
-903
-1015
-1059
-1119
-1129
-1059
-1001
-954
-858
-717
-552
-353
-185
-24
181
399
588
747
993
1258
1480
1620
1721
1836
1962
2013
1908
1796
1654
1485
1283
1001
694
458
271
38
-149
-306
-463
-513
-567
-681
-772
-815
-856
-900
-969
-1107
-1176
-1178
-1216
-1274
-1317
-1316
-1263
-1197
-1186
-1169
-1112
-1059
-1035
-1051
-1072
-1076
-1092
-1129
-1172
-1206
-1236
-1223
-1222
-1205
-1127
-1008
-787
-502
-232
21
347
713
1097
1484
1705
1856
2064
2217
2219
2130
1994
1828
1682
1425
1061
776
540
284
13
-261
-505
-651
-752
-890
-997
-1075
-1124
-1067
-975
-946
-915
-782
-584
-386
-208
-64
134
407
636
816
1040
1355
1647
1813
1918
2031
2176
2248
2197
2032
1835
1682
1464
1162
848
561
334
142
-47
-262
-419
-491
-527
-593
-727
-819
-844
-868
-966
-1097
-1184
-1203
-1182
-1230
-1304
-1300
-1203
-1112
-1078
-1058
-1034
-1017
-1016
-1032
-1099
-1193
-1245
-1307
-1397
-1465
-1525
-1574
-1569
-1548
-1531
-1396
-1150
-824
-491
-222
103
549
1029
1406
1694
1887
2085
2318
2374
2270
2156
2050
1883
1620
1294
995
801
584
291
-6
-276
-434
-537
-687
-870
-1020
-1118
-1136
-1097
-1112
-1131
-1053
-876
-669
-509
-353
-110
217
492
768
1108
1428
1720
1948
2090
2230
2418
2386
2175
2073
1924
1607
1307
998
639
414
192
-155
-364
-436
-579
-676
-741
-867
-923
-920
-1001
-1061
-1122
-1274
-1295
-1212
-1274
-1354
-1281
-1210
-1151
-1047
-1019
-1006
-889
-812
-887
-940
-919
-961
-1043
-1102
-1161
-1185
-1189
-1247
-1295
-1293
-1250
-1130
-893
-602
-331
-24
280
660
1139
1525
1745
1939
2213
2385
2406
2334
2184
2074
1942
1666
1300
1034
837
559
253
-58
-323
-496
-653
-861
-1062
-1225
-1368
-1415
-1408
-1436
-1440
-1330
-1115
-874
-669
-486
-195
203
533
839
1239
1610
1909
2137
2282
2440
2640
2597
2307
2139
2004
1734
1397
1047
708
519
336
8
-221
-324
-430
-521
-629
-828
-950
-976
-1068
-1165
-1302
-1489
-1490
-1352
-1366
-1462
-1396
-1240
-1087
-975
-985
-978
-865
-801
-896
-1033
-1081
-1098
-1171
-1257
-1306
-1329
-1353
-1350
-1372
-1395
-1325
-1171
-900
-580
-339
-98
238
661
1092
1425
1584
1729
2027
2192
2144
2054
1952
1835
1701
1463
1137
920
770
519
223
-83
-335
-483
-641
-874
-1123
-1331
-1488
-1514
-1494
-1537
-1533
-1355
-1054
-769
-502
-224
161
613
1070
1535
1828
2121
2448
2613
2721
2878
2795
2479
2396
2219
1805
1514
1192
841
697
527
128
-92
-105
-245
-382
-595
-867
-952
-1056
-1320
-1482
-1582
-1806
-1801
-1669
-1733
-1699
-1482
-1290
-1151
-948
-865
-875
-777
-710
-847
-1065
-1109
-1166
-1330
-1431
-1493
-1514
-1466
-1425
-1408
-1274
-1087
-913
-586
-238
56
408
725
1021
1449
1825
1907
1960
2152
2207
2146
2041
1865
1730
1627
1405
1109
915
761
548
266
-40
-282
-497
-738
-1006
-1276
-1529
-1754
-1841
-1845
-1880
-1870
-1703
-1386
-1037
-689
-374
37
615
1273
1715
1966
2346
2704
2929
3099
3095
2824
2686
2662
2305
1899
1574
1197
970
851
527
143
38
-15
-160
-397
-809
-1026
-1100
-1364
-1682
-1900
-2108
-2222
-2083
-2090
-2164
-1983
-1712
-1534
-1376
-1204
-1182
-1181
-1080
-1111
-1325
-1491
-1554
-1679
-1799
-1870
-1873
-1767
-1657
-1591
-1428
-1133
-843
-429
29
353
731
1150
1478
1839
2227
2334
2286
2417
2460
2338
2170
1951
1800
1666
1427
1114
955
870
670
385
50
-189
-352
-614
-953
-1274
-1576
-1871
-2013
-2043
-2120
-2176
-2021
-1671
-1269
-865
-452
-7
713
1553
1949
2247
2714
3094
3352
3534
3326
3023
3144
3007
2543
2244
1900
1599
1571
1409
963
751
727
583
448
30
-476
-671
-900
-1381
-1817
-2139
-2472
-2520
-2514
-2699
-2678
-2375
-2107
-1985
-1792
-1597
-1526
-1427
-1372
-1552
-1818
-1882
-1994
-2215
-2348
-2482
-2459
-2243
-2094
-1992
-1661
-1247
-750
-32
485
891
1471
1978
2406
2896
3161
3044
3087
3201
2995
2730
2430
2130
1908
1657
1265
912
844
766
532
166
-180
-363
-563
-889
-1320
-1768
-2212
-2535
-2670
-2826
-3023
-3032
-2743
-2333
-1894
-1401
-872
-183
724
1483
1916
2406
2958
3292
3501
3561
3342
3194
3209
2956
2572
2319
2067
1930
1939
1778
1494
1407
1382
1246
1012
558
99
-217
-682
-1299
-1771
-2185
-2587
-2759
-2869
-3008
-2894
-2588
-2386
-2214
-1972
-1772
-1668
-1551
-1548
-1763
-1963
-2073
-2242
-2453
-2609
-2684
-2625
-2479
-2355
-2119
-1697
-1211
-621
89
725
1337
1966
2468
2942
3457
3705
3666
3637
3616
3386
3086
2752
2386
2084
1760
1400
1094
992
865
599
267
-36
-255
-542
-964
-1446
-1933
-2441
-2885
-3111
-3297
-3489
-3492
-3234
-2833
-2346
-1782
-1185
-469
368
1262
1860
2312
2871
3245
3423
3557
3552
3246
3167
3178
2839
2580
2428
2288
2284
2342
2160
1902
1902
1828
1608
1173
573
116
-375
-989
-1595
-2137
-2682
-3012
-3040
-3187
-3278
-3082
-2782
-2573
-2385
-2165
-2119
-2109
-2040
-2161
-2502
-2722
-2808
-3009
-3192
-3260
-3227
-3077
-2851
-2562
-2127
-1594
-996
-156
661
1253
1852
2466
3015
3524
3873
3840
3745
3804
3665
3357
3033
2755
2481
2153
1828
1530
1402
1304
1038
654
266
-41
-410
-840
-1374
-2011
-2576
-3037
-3301
-3464
-3654
-3730
-3452
-2951
-2496
-1954
-1313
-591
307
1192
1721
2134
2663
3059
3288
3402
3285
3109
3159
3117
2861
2674
2560
2552
2661
2657
2458
2318
2321
2232
1953
1456
872
380
-142
-774
-1413
-1984
-2479
-2777
-2906
-3074
-3146
-2979
-2755
-2631
-2524
-2403
-2391
-2390
-2407
-2644
-2938
-3094
-3228
-3384
-3458
-3454
-3318
-3062
-2782
-2396
-1823
-1224
-482
391
1075
1704
2343
2940
3473
3935
4099
4031
4089
4033
3764
3454
3189
2949
2611
2261
1909
1642
1486
1261
890
400
8
-335
-764
-1304
-1957
-2586
-3158
-3534
-3712
-3931
-4157
-4080
-3671
-3257
-2793
-2196
-1547
-830
109
885
1300
1846
2325
2634
2910
3052
2858
2818
3045
2883
2708
2657
2544
2628
2811
2759
2514
2523
2531
2341
2077
1529
982
529
-24
-657
-1211
-1748
-2276
-2439
-2593
-2877
-2881
-2662
-2575
-2629
-2524
-2514
-2623
-2589
-2753
-3129
-3370
-3443
-3608
-3754
-3782
-3743
-3501
-3199
-2847
-2257
-1614
-855
69
869
1516
2212
2972
3534
4027
4244
4248
4350
4350
4151
3745
3472
3313
2984
2576
2204
1958
1757
1563
1225
666
252
-82
-495
-1001
-1653
-2342
-2912
-3270
-3547
-3748
-3924
-3953
-3595
-3137
-2711
-2148
-1456
-685
63
661
1133
1623
2022
2266
2379
2302
2227
2319
2314
2194
2128
2135
2238
2427
2548
2550
2575
2659
2654
2461
2110
1714
1337
834
198
-414
-910
-1327
-1699
-2006
-2268
-2382
-2322
-2253
-2273
-2311
-2322
-2366
-2421
-2553
-2825
-3106
-3319
-3474
-3644
-3826
-3840
-3743
-3598
-3412
-3036
-2475
-1777
-872
-113
562
1329
2169
2962
3523
3890
4022
4156
4270
4169
3870
3452
3227
3047
2699
2303
1951
1798
1677
1475
1102
670
378
87
-270
-805
-1455
-2057
-2573
-2924
-3255
-3547
-3706
-3598
-3299
-2985
-2559
-2007
-1319
-454
298
732
1171
1655
2020
2235
2295
2057
1875
1971
1844
1582
1473
1463
1606
1875
2022
2020
2203
2487
2594
2489
2169
1860
1625
1206
582
-36
-560
-1038
-1342
-1652
-2045
-2178
-2036
-1930
-1971
-1946
-1913
-1948
-1943
-2094
-2438
-2764
-2957
-3168
-3504
-3817
-3962
-3863
-3702
-3509
-3152
-2638
-1797
-829
-20
668
1428
2307
3088
3649
3863
3951
4054
4045
3895
3506
3134
2932
2677
2324
2010
1829
1691
1597
1412
1010
677
434
125
-302
-915
-1589
-2158
-2563
-2920
-3244
-3478
-3531
-3280
-2878
-2434
-1908
-1159
-249
424
938
1427
1823
2110
2273
2153
1785
1627
1470
1134
866
656
568
709
953
1093
1250
1564
1872
2121
2157
2014
1852
1657
1332
833
289
-239
-624
-945
-1367
-1727
-1844
-1814
-1824
-1836
-1811
-1844
-1793
-1764
-1929
-2197
-2437
-2627
-2881
-3181
-3490
-3675
-3711
-3724
-3536
-3167
-2702
-1935
-1109
-351
416
1292
2186
2908
3456
3720
3925
4072
3965
3761
3439
3113
2803
2441
2113
1798
1666
1591
1449
1211
965
816
588
291
-119
-663
-1251
-1788
-2194
-2601
-3014
-3266
-3264
-3111
-2864
-2385
-1808
-1113
-220
521
1050
1590
2066
2383
2505
2377
2035
1800
1604
1184
787
488
312
336
447
542
636
905
1250
1483
1559
1510
1465
1382
1142
746
324
-78
-446
-713
-1015
-1345
-1505
-1495
-1529
-1625
-1629
-1638
-1645
-1656
-1806
-2028
-2268
-2471
-2675
-2948
-3277
-3480
-3536
-3602
-3509
-3168
-2623
-1872
-1122
-402
369
1300
2230
2957
3435
3668
3940
4106
3987
3709
3299
2973
2702
2328
1897
1542
1431
1378
1294
1072
784
635
494
278
-150
-738
-1307
-1803
-2210
-2644
-3066
-3348
-3351
-3164
-2904
-2499
-1947
-1114
-164
592
1187
1765
2328
2709
2877
2733
2418
2185
1875
1434
928
515
296
207
200
188
273
508
803
1003
1080
1105
1075
1025
825
455
88
-219
-473
-764
-1038
-1273
-1346
-1309
-1350
-1374
-1399
-1414
-1371
-1418
-1616
-1840
-2038
-2285
-2528
-2817
-3157
-3325
-3414
-3494
-3398
-3119
-2618
-1817
-1026
-317
448
1371
2287
3059
3599
3821
4070
4232
4105
3810
3390
3029
2691
2277
1817
1436
1298
1199
1082
852
561
409
259
7
-414
-953
-1520
-2003
-2383
-2795
-3190
-3435
-3394
-3186
-2878
-2431
-1844
-1072
-178
684
1334
1924
2473
2873
3112
3097
2881
2604
2354
1975
1486
1093
764
601
542
473
429
475
670
794
820
745
608
500
284
-17
-366
-706
-1011
-1247
-1389
-1559
-1637
-1582
-1520
-1446
-1390
-1320
-1311
-1333
-1410
-1584
-1781
-2020
-2238
-2497
-2805
-3024
-3158
-3217
-3126
-2827
-2319
-1624
-899
-182
613
1481
2292
2982
3457
3736
3974
4046
3853
3583
3278
2938
2575
2158
1745
1450
1337
1201
985
743
521
371
155
-171
-612
-1165
-1713
-2206
-2649
-3106
-3470
-3617
-3573
-3408
-3090
-2511
-1766
-926
-63
683
1385
2080
2657
2958
3055
3034
2916
2732
2380
1961
1582
1251
1028
852
712
629
663
735
727
712
669
583
438
195
-163
-532
-797
-1073
-1410
-1700
-1859
-1880
-1864
-1834
-1818
-1756
-1614
-1486
-1426
-1484
-1548
-1592
-1709
-1883
-2088
-2280
-2478
-2612
-2713
-2764
-2578
-2157
-1485
-849
-241
468
1301
2228
2989
3506
3761
4040
4320
4254
3982
3602
3283
2983
2528
2073
1629
1416
1332
1164
872
544
411
279
62
-312
-894
-1418
-1831
-2219
-2700
-3193
-3522
-3625
-3502
-3327
-3058
-2578
-1867
-961
-147
533
1239
1903
2447
2831
3003
2910
2807
2756
2440
2001
1643
1347
1159
1039
900
734
706
828
891
807
629
481
325
64
-290
-655
-992
-1302
-1566
-1816
-2055
-2172
-2146
-2149
-2217
-2217
-2122
-2042
-1991
-1989
-2057
-2106
-2110
-2142
-2253
-2409
-2517
-2552
-2510
-2376
-2145
-1647
-1011
-384
294
1000
1846
2632
3294
3709
3937
4218
4286
4145
3837
3424
3064
2616
2161
1685
1327
1161
977
790
532
351
226
38
-191
-574
-1037
-1510
-1905
-2273
-2739
-3116
-3330
-3380
-3348
-3162
-2797
-2266
-1474
-694
-1
706
1434
2079
2518
2767
2823
2862
2836
2574
2226
1855
1572
1385
1202
1025
877
880
968
1042
999
897
854
751
542
192
-217
-573
-869
-1189
-1594
-1936
-2100
-2139
-2190
-2315
-2360
-2308
-2211
-2113
-2090
-2121
-2144
-2095
-2085
-2162
-2264
-2344
-2338
-2353
-2322
-2179
-1862
-1197
-533
61
684
1420
2314
3109
3731
4006
4254
4544
4498
4293
3898
3500
3115
2575
2034
1468
1135
943
714
438
104
-10
-70
-222
-490
-938
-1370
-1755
-2012
-2361
-2853
-3203
-3345
-3294
-3199
-2962
-2605
-2021
-1173
-491
169
852
1521
2128
2500
2651
2614
2714
2676
2336
1975
1572
1350
1246
1134
922
712
756
857
919
826
693
633
500
291
-94
-471
-786
-1070
-1384
-1809
-2133
-2270
-2288
-2403
-2566
-2614
-2613
-2502
-2421
-2463
-2492
-2449
-2332
-2304
-2346
-2410
-2406
-2331
-2263
-2098
-1842
-1299
-613
-17
614
1312
2169
2990
3658
4078
4329
4642
4724
4587
4283
3863
3508
3011
2455
1894
1441
1144
833
562
210
-29
-133
-272
-462
-831
-1241
-1612
-1895
-2157
-2541
-2894
-3074
-3078
-2998
-2823
-2495
-2023
-1286
-594
-6
674
1345
1971
2423
2681
2732
2765
2814
2591
2270
1896
1575
1418
1250
1100
908
843
897
929
902
770
714
638
455
156
-210
-501
-802
-1111
-1499
-1918
-2160
-2292
-2432
-2626
-2769
-2849
-2868
-2799
-2815
-2832
-2795
-2754
-2690
-2668
-2612
-2563
-2500
-2444
-2321
-2018
-1581
-897
-287
300
988
1788
2676
3391
3906
4200
4525
4771
4679
4468
4089
3702
3287
2706
2137
1574
1236
939
548
146
-192
-305
-447
-648
-926
-1336
-1675
-1947
-2159
-2481
-2838
-3023
-3085
-3022
-2914
-2642
-2219
-1560
-851
-348
279
978
1660
2209
2532
2652
2725
2932
2839
2518
2203
1863
1688
1536
1333
1087
951
1018
1006
946
807
700
690
554
274
-128
-423
-671
-938
-1279
-1759
-2048
-2162
-2284
-2523
-2748
-2888
-2982
-2920
-2979
-3091
-3098
-3044
-2956
-2938
-2898
-2853
-2702
-2530
-2481
-2219
-1829
-1209
-435
158
802
1515
2439
3291
3908
4331
4550
4907
5049
4876
4581
4174
3846
3337
2741
2115
1544
1259
917
490
-12
-369
-507
-685
-927
-1370
-1803
-2103
-2302
-2477
-2823
-3135
-3257
-3127
-2917
-2719
-2388
-1873
-1112
-443
140
774
1402
2058
2524
2715
2755
2899
2994
2821
2555
2188
1908
1784
1625
1419
1199
1138
1126
1101
996
824
742
603
401
72
-316
-609
-850
-1107
-1519
-1894
-2049
-2160
-2326
-2566
-2763
-2932
-2991
-3006
-3166
-3295
-3341
-3311
-3266
-3247
-3203
-3107
-2937
-2810
-2637
-2260
-1759
-995
-221
434
1125
1912
2874
3665
4234
4592
4832
5134
5152
4935
4605
4218
3848
3298
2713
2079
1575
1263
864
392
-110
-464
-681
-959
-1311
-1778
-2216
-2553
-2770
-2993
-3289
-3467
-3457
-3302
-3115
-2840
-2433
-1758
-879
-186
385
1052
1735
2373
2824
2976
2949
3082
3218
2974
2608
2300
2081
1996
1900
1670
1439
1459
1550
1470
1275
1076
925
755
441
-19
-472
-817
-1072
-1367
-1796
-2159
-2276
-2290
-2401
-2622
-2777
-2884
-2941
-2981
-3168
-3352
-3424
-3394
-3430
-3530
-3507
-3384
-3168
-2963
-2763
-2408
-1827
-949
-60
649
1334
2134
3082
3890
4470
4780
4967
5230
5282
5040
4620
4252
3951
3435
2821
2193
1703
1398
1062
585
-38
-480
-746
-1093
-1552
-2150
-2718
-3151
-3420
-3651
-3974
-4173
-4109
-3827
-3489
-3100
-2583
-1815
-846
-62
614
1290
1951
2556
2950
3087
3038
3125
3169
2952
2670
2349
2165
2138
2100
1960
1776
1791
1836
1796
1627
1371
1154
903
560
69
-441
-835
-1127
-1450
-1873
-2210
-2343
-2370
-2473
-2624
-2764
-2902
-2929
-2947
-3102
-3292
-3373
-3355
-3376
-3424
-3437
-3366
-3177
-2997
-2852
-2523
-1997
-1263
-356
391
1073
1863
2805
3668
4260
4703
4949
5201
5372
5169
4805
4395
4106
3748
3156
2529
1957
1664
1397
951
391
-150
-506
-864
-1320
-1912
-2531
-3017
-3429
-3753
-4088
-4332
-4336
-4128
-3799
-3441
-2897
-2119
-1159
-282
425
1129
1810
2496
3009
3180
3175
3245
3310
3134
2858
2571
2340
2306
2273
2139
2006
2032
2110
2079
1941
1706
1480
1207
836
344
-231
-668
-1003
-1380
-1837
-2225
-2374
-2453
-2548
-2697
-2853
-2957
-2994
-2995
-3128
-3302
-3382
-3394
-3413
-3481
-3478
-3387
-3200
-3006
-2834
-2593
-2157
-1494
-755
18
723
1484
2311
3083
3759
4268
4670
4911
5081
5078
4772
4456
4129
3783
3370
2770
2195
1750
1506
1186
669
104
-435
-800
-1252
-1850
-2445
-3018
-3521
-4000
-4396
-4668
-4739
-4608
-4374
-4015
-3525
-2836
-1947
-936
-43
680
1416
2113
2736
3197
3375
3367
3396
3427
3216
2945
2761
2565
2498
2423
2286
2210
2271
2314
2176
1964
1722
1472
1169
707
193
-334
-815
-1189
-1561
-1971
-2327
-2461
-2512
-2653
-2829
-2926
-2979
-3045
-3079
-3170
-3313
-3374
-3377
-3412
-3444
-3399
-3255
-3058
-2854
-2642
-2318
-1797
-1170
-478
294
1002
1720
2456
3166
3825
4350
4748
4908
5004
5005
4777
4492
4129
3723
3306
2786
2267
1795
1466
1098
573
1
-547
-970
-1431
-1999
-2583
-3167
-3692
-4125
-4440
-4637
-4705
-4599
-4348
-3933
-3376
-2608
-1671
-758
118
899
1627
2327
2950
3371
3493
3568
3586
3494
3354
3132
2943
2786
2691
2587
2449
2466
2500
2419
2225
2003
1785
1455
1068
606
83
-459
-933
-1307
-1723
-2136
-2407
-2551
-2717
-2878
-2974
-3058
-3102
-3167
-3242
-3297
-3365
-3370
-3367
-3413
-3437
-3324
-3145
-2984
-2765
-2494
-2187
-1729
-1162
-554
208
951
1622
2292
2991
3691
4238
4650
4845
4902
4910
4718
4419
3993
3526
3107
2589
2033
1487
1088
718
218
-312
-845
-1275
-1687
-2183
-2720
-3285
-3775
-4213
-4526
-4747
-4859
-4762
-4486
-4075
-3548
-2844
-2024
-984
92
881
1626
2366
3035
3605
3921
3863
3767
3924
3837
3518
3278
2999
2856
2855
2801
2600
2487
2579
2513
2275
1922
1570
1247
815
276
-394
-1017
-1446
-1771
-2147
-2616
-2918
-2937
-2883
-2934
-2999
-2992
-2981
-2904
-2848
-2955
-3028
-3026
-3051
-3107
-3127
-3068
-2903
-2618
-2386
-2168
-1784
-1243
-589
184
919
1541
2212
2941
3657
4232
4639
4807
4858
4893
4707
4372
3969
3510
3083
2582
2013
1442
1011
683
216
-347
-913
-1351
-1708
-2210
-2789
-3364
-3867
-4294
-4630
-4860
-4969
-4864
-4577
-4151
-3584
-2857
-2055
-1048
53
900
1640
2368
2998
3514
3870
3849
3710
3822
3799
3471
3165
2919
2796
2813
2755
2547
2431
2504
2471
2229
1878
1552
1234
752
167
-497
-1136
-1609
-1961
-2374
-2849
-3120
-3107
-2997
-2991
-3001
-2930
-2805
-2654
-2580
-2650
-2726
-2740
-2761
-2839
-2917
-2889
-2749
-2539
-2367
-2176
-1877
-1433
-827
-217
455
1148
1811
2496
3137
3723
4179
4486
4632
4644
4543
4240
3904
3496
2983
2536
2015
1458
958
616
285
-173
-639
-1117
-1494
-1891
-2388
-2892
-3424
-3895
-4297
-4563
-4670
-4630
-4407
-4038
-3503
-2842
-2085
-1145
-80
888
1651
2327
2930
3437
3876
4014
3873
3830
3814
3575
3270
3053
2860
2787
2789
2653
2499
2548
2560
2368
2073
1753
1402
935
347
-306
-968
-1557
-2010
-2418
-2861
-3195
-3232
-3100
-3015
-2939
-2796
-2597
-2405
-2271
-2259
-2344
-2358
-2365
-2440
-2553
-2647
-2594
-2406
-2249
-2159
-1952
-1604
-1155
-591
-46
559
1245
1908
2503
3040
3525
3882
4159
4216
4079
3932
3672
3322
2884
2387
1974
1545
1107
686
373
79
-291
-681
-1112
-1521
-1957
-2460
-2928
-3408
-3854
-4179
-4366
-4385
-4234
-3933
-3534
-2957
-2227
-1438
-567
402
1293
2006
2583
3077
3507
3867
3948
3725
3575
3529
3331
3046
2812
2599
2532
2585
2507
2343
2348
2349
2178
1867
1481
1072
576
-12
-652
-1307
-1949
-2406
-2674
-2951
-3187
-3194
-3000
-2750
-2515
-2282
-2110
-1963
-1822
-1770
-1822
-1938
-2043
-2168
-2294
-2370
-2342
-2193
-2048
-1917
-1693
-1399
-1008
-496
13
531
1092
1608
2084
2534
2946
3222
3434
3465
3318
3221
3037
2732
2394
2006
1673
1359
1036
673
352
105
-201
-537
-980
-1428
-1815
-2262
-2710
-3121
-3476
-3757
-3895
-3851
-3679
-3373
-2937
-2388
-1734
-1041
-331
356
1229
2018
2452
2862
3209
3470
3643
3690
3437
3212
3320
3152
2850
2709
2544
2529
2556
2470
2192
2020
1970
1736
1371
814
251
-248
-812
-1359
-1958
-2467
-2711
-2762
-2836
-2931
-2775
-2423
-2058
-1856
-1725
-1550
-1405
-1296
-1343
-1561
-1731
-1819
-1897
-1990
-2069
-2066
-1911
-1662
-1515
-1324
-1041
-746
-336
40
326
723
1132
1480
1731
1951
2118
2274
2389
2300
2203
2119
1942
1723
1459
1266
1100
813
477
171
-45
-292
-572
-963
-1402
-1715
-2001
-2292
-2562
-2773
-2911
-2960
-2846
-2599
-2274
-1879
-1383
-808
-249
328
924
1584
2191
2548
2762
2967
3180
3328
3314
3114
2961
2994
2927
2723
2580
2424
2348
2344
2203
1894
1656
1528
1271
841
308
-231
-680
-1096
-1506
-1953
-2355
-2506
-2423
-2353
-2352
-2199
-1863
-1508
-1288
-1166
-1068
-986
-942
-993
-1150
-1354
-1518
-1617
-1693
-1733
-1722
-1596
-1423
-1304
-1133
-929
-751
-545
-295
-124
55
332
559
729
875
1033
1215
1375
1471
1492
1517
1501
1414
1283
1141
1068
902
614
344
135
-31
-242
-530
-878
-1175
-1367
-1562
-1746
-1887
-1980
-2020
-1966
-1790
-1534
-1219
-843
-444
-43
365
738
1155
1651
1970
2100
2239
2416
2595
2727
2728
2612
2623
2682
2586
2458
2304
2170
2107
1974
1706
1382
1177
957
597
147
-305
-652
-978
-1293
-1594
-1899
-2041
-1995
-1871
-1811
-1718
-1475
-1161
-918
-814
-767
-738
-710
-737
-916
-1113
-1245
-1342
-1420
-1508
-1568
-1521
-1349
-1214
-1178
-1114
-1009
-907
-876
-889
-878
-802
-597
-426
-327
-202
11
333
672
901
955
1104
1338
1391
1332
1238
1190
1155
1020
783
481
290
182
30
-275
-642
-806
-860
-977
-1096
-1182
-1196
-1122
-969
-798
-630
-409
-156
98
282
414
571
885
1245
1424
1510
1666
1919
2190
2407
2417
2340
2453
2532
2427
2229
1979
1818
1680
1445
1064
733
523
299
22
-350
-665
-834
-976
-1100
-1255
-1386
-1350
-1189
-1060
-1038
-986
-827
-643
-570
-622
-693
-747
-787
-871
-1049
-1219
-1287
-1299
-1351
-1409
-1440
-1393
-1260
-1246
-1318
-1404
-1481
-1499
-1561
-1635
-1695
-1654
-1440
-1195
-941
-709
-374
81
491
883
1134
1364
1626
1708
1691
1630
1572
1496
1325
1068
759
609
511
357
179
-46
-145
-137
-166
-229
-299
-348
-365
-328
-324
-377
-382
-353
-287
-259
-214
-80
174
570
904
1134
1402
1790
2179
2435
2555
2509
2502
2567
2402
2079
1760
1527
1331
1081
757
432
284
249
157
-11
-198
-214
-172
-242
-363
-494
-579
-602
-618
-757
-901
-892
-833
-806
-839
-865
-831
-779
-760
-850
-955
-1020
-1068
-1166
-1339
-1490
-1609
-1679
-1753
-1939
-2095
-2150
-2164
-2212
-2286
-2305
-2206
-1990
-1674
-1303
-953
-578
-98
397
787
1146
1461
1676
1903
2017
1963
1892
1868
1851
1708
1464
1227
1112
1111
1037
825
560
421
402
274
65
-117
-333
-557
-735
-903
-1035
-1050
-1007
-954
-860
-685
-428
-91
281
681
1051
1346
1651
1938
2115
2210
2226
2149
2093
2008
1782
1540
1353
1153
981
866
773
670
615
570
509
417
287
170
-1
-220
-401
-587
-787
-931
-997
-1049
-1075
-1025
-958
-910
-882
-828
-805
-883
-978
-1103
-1269
-1433
-1593
-1779
-1960
-2079
-2192
-2259
-2288
-2303
-2268
-2214
-2144
-2051
-1937
-1807
-1673
-1505
-1320
-1031
-663
-340
-11
338
766
1200
1576
1887
2103
2316
2458
2477
2411
2300
2219
2027
1736
1423
1156
991
763
460
132
-129
-299
-486
-635
-787
-947
-1061
-1128
-1083
-1013
-902
-754
-619
-431
-212
39
296
551
851
1175
1415
1588
1794
1974
2063
2144
2184
2072
1985
1977
1831
1612
1438
1241
1060
918
722
447
284
253
153
-65
-287
-396
-459
-583
-734
-911
-1081
-1143
-1179
-1286
-1401
-1427
-1386
-1364
-1377
-1414
-1399
-1351
-1331
-1367
-1466
-1564
-1610
-1665
-1726
-1773
-1806
-1783
-1709
-1700
-1701
-1614
-1502
-1436
-1368
-1282
-1186
-1024
-808
-544
-227
70
376
711
1011
1348
1657
1863
1927
1973
2008
1899
1749
1583
1395
1200
930
689
499
379
291
118
-39
-169
-216
-243
-335
-430
-514
-531
-522
-494
-405
-253
-24
208
429
676
926
1178
1428
1613
1725
1847
2007
2098
2101
2037
1953
1919
1856
1699
1496
1364
1264
1151
1019
866
756
698
602
370
85
-96
-234
-494
-836
-1133
-1368
-1559
-1703
-1826
-1939
-1937
-1805
-1619
-1437
-1261
-1029
-783
-593
-490
-448
-451
-516
-632
-829
-1067
-1288
-1465
-1575
-1665
-1718
-1682
-1517
-1292
-1124
-960
-768
-596
-481
-414
-405
-463
-540
-600
-685
-721
-638
-535
-420
-273
-62
229
556
837
1037
1221
1371
1396
1384
1325
1206
1036
765
484
270
144
28
-110
-200
-186
-23
174
343
569
824
1077
1272
1419
1524
1615
1666
1581
1427
1239
1040
861
697
505
328
290
364
490
611
724
874
1037
1174
1181
1084
963
796
542
170
-222
-556
-840
-1121
-1423
-1628
-1663
-1575
-1464
-1372
-1224
-985
-691
-410
-198
-72
42
195
297
286
187
84
-17
-114
-236
-408
-538
-595
-620
-682
-775
-800
-787
-767
-774
-826
-867
-887
-907
-1003
-1139
-1240
-1342
-1443
-1576
-1695
-1769
-1810
-1792
-1766
-1717
-1582
-1335
-1001
-706
-455
-187
131
460
699
863
930
1008
1121
1151
1121
1118
1204
1336
1434
1493
1568
1749
1961
2082
2101
2059
2045
2021
1895
1711
1502
1275
1046
827
592
402
299
200
77
-50
-170
-249
-290
-310
-372
-481
-542
-567
-564
-575
-600
-619
-588
-484
-460
-434
-328
-237
-122
-17
66
163
306
456
518
591
662
734
801
788
795
809
804
788
756
704
634
609
534
381
223
54
-105
-296
-538
-796
-1047
-1279
-1481
-1667
-1861
-1993
-2046
-2079
-2113
-2132
-2110
-2053
-1991
-1957
-1945
-1924
-1906
-1847
-1794
-1760
-1672
-1533
-1354
-1136
-925
-709
-426
-95
253
599
928
1228
1521
1807
2005
2130
2185
2198
2220
2193
2121
2041
1959
1891
1802
1694
1544
1414
1333
1198
1008
787
599
433
238
10
-246
-476
-663
-836
-990
-1129
-1213
-1229
-1219
-1202
-1154
-1082
-972
-800
-625
-442
-200
61
304
561
806
1007
1239
1452
1582
1679
1769
1840
1860
1840
1780
1716
1636
1499
1351
1201
1051
896
724
528
340
190
49
-119
-314
-503
-680
-864
-1047
-1244
-1455
-1663
-1877
-2081
-2305
-2527
-2686
-2794
-2884
-2943
-2912
-2805
-2627
-2364
-2072
-1748
-1392
-1021
-671
-355
-64
215
463
633
761
866
959
1032
1089
1141
1184
1241
1298
1335
1342
1348
1331
1270
1177
1054
887
693
490
264
42
-171
-375
-544
-694
-845
-931
-950
-912
-853
-788
-698
-558
-373
-214
-70
77
224
357
447
496
534
576
605
627
641
662
710
782
856
925
1005
1086
1175
1274
1363
1406
1451
1502
1532
1537
1522
1463
1379
1322
1248
1112
960
797
616
447
274
73
-147
-357
-544
-717
-903
-1093
-1269
-1451
-1642
-1801
-1939
-2066
-2165
-2236
-2279
-2263
-2206
-2105
-1943
-1751
-1547
-1297
-1021
-760
-512
-279
-50
173
390
580
730
867
989
1094
1174
1219
1250
1274
1265
1210
1131
1014
863
693
479
219
-80
-399
-724
-1046
-1362
-1673
-1952
-2190
-2372
-2508
-2586
-2603
-2525
-2364
-2148
-1913
-1655
-1344
-988
-620
-263
65
389
732
1037
1293
1532
1785
2025
2213
2330
2411
2528
2651
2712
2681
2609
2557
2499
2375
2186
1988
1782
1573
1355
1127
907
721
559
412
304
220
128
34
-46
-115
-203
-311
-483
-673
-803
-922
-1086
-1254
-1380
-1483
-1544
-1576
-1573
-1504
-1372
-1233
-1082
-919
-726
-498
-273
-66
110
253
379
539
656
707
745
777
789
797
801
782
789
792
740
654
569
487
374
199
-35
-295
-547
-773
-1011
-1247
-1451
-1596
-1693
-1740
-1735
-1694
-1622
-1553
-1500
-1433
-1370
-1331
-1285
-1254
-1265
-1272
-1259
-1225
-1188
-1150
-1112
-1074
-1022
-951
-860
-764
-640
-486
-307
-70
220
525
837
1171
1505
1801
2099
2387
2623
2794
2903
2955
2951
2934
2883
2761
2570
2340
2099
1830
1533
1194
824
450
80
-287
-632
-947
-1224
-1463
-1662
-1805
-1892
-1917
-1891
-1818
-1693
-1524
-1330
-1092
-817
-525
-222
82
385
700
1008
1269
1496
1702
1875
1988
2035
2029
1990
1925
1819
1655
1448
1209
951
674
389
99
-192
-467
-736
-975
-1173
-1313
-1427
-1512
-1555
-1571
-1568
-1539
-1493
-1464
-1457
-1450
-1423
-1389
-1357
-1327
-1283
-1226
-1152
-1063
-973
-862
-739
-609
-476
-361
-254
-147
-61
-28
-29
-53
-96
-159
-233
-307
-399
-444
-462
-445
-396
-320
-178
4
201
366
528
687
816
892
903
870
792
682
565
414
238
106
35
-16
-62
-58
-21
52
155
270
363
450
561
655
701
722
731
732
727
704
663
656
703
746
792
859
951
1079
1226
1361
1439
1489
1534
1559
1533
1434
1307
1152
963
763
538
319
128
-34
-187
-352
-487
-597
-679
-756
-857
-949
-1016
-1050
-1095
-1154
-1198
-1240
-1255
-1261
-1271
-1280
-1272
-1232
-1191
-1148
-1103
-1047
-959
-870
-778
-692
-598
-484
-381
-291
-218
-141
-87
-73
-60
-74
-107
-143
-183
-237
-298
-335
-371
-384
-375
-375
-384
-384
-369
-355
-335
-339
-352
-350
-345
-336
-340
-333
-311
-277
-219
-174
-110
-29
63
153
226
305
388
471
543
611
674
727
783
843
880
915
950
988
1012
1019
1014
991
985
974
945
916
896
883
884
894
896
920
983
1037
1072
1090
1099
1100
1081
1043
964
867
766
652
512
362
226
83
-58
-197
-339
-459
-553
-617
-677
-745
-795
-827
-847
-867
-883
-901
-904
-888
-869
-860
-829
-769
-704
-639
-577
-499
-416
-350
-293
-253
-239
-243
-270
-334
-426
-516
-618
-720
-822
-940
-1057
-1156
-1234
-1290
-1338
-1382
-1393
-1364
-1317
-1259
-1184
-1082
-963
-831
-688
-545
-375
-197
-22
160
347
530
712
893
1047
1183
1306
1401
1445
1449
1419
1347
1244
1104
919
712
510
334
150
-27
-174
-285
-339
-351
-346
-327
-276
-189
-75
47
159
269
408
551
692
840
970
1069
1153
1234
1297
1329
1345
1345
1307
1259
1217
1152
1048
932
822
686
547
420
282
160
51
-65
-171
-255
-302
-332
-361
-368
-371
-353
-313
-279
-264
-259
-255
-268
-304
-353
-412
-461
-494
-554
-631
-717
-791
-847
-910
-1001
-1097
-1168
-1215
-1269
-1319
-1344
-1355
-1339
-1312
-1282
-1238
-1169
-1073
-973
-876
-776
-669
-547
-423
-299
-183
-66
55
166
267
357
445
515
560
592
599
593
571
518
450
368
274
182
96
-1
-95
-171
-233
-269
-276
-266
-224
-134
-20
102
227
358
499
640
754
830
872
922
963
978
996
999
996
995
1016
1031
1045
1076
1100
1109
1090
1061
1020
955
875
757
621
485
353
248
126
6
-105
-188
-248
-309
-351
-386
-407
-419
-432
-437
-441
-435
-439
-458
-476
-484
-480
-485
-497
-503
-487
-466
-447
-431
-416
-391
-363
-342
-332
-347
-347
-349
-365
-381
-398
-407
-414
-423
-425
-427
-430
-446
-453
-469
-507
-539
-569
-598
-628
-673
-712
-737
-742
-724
-692
-655
-624
-589
-536
-469
-394
-306
-219
-123
2
136
276
416
558
704
844
965
1052
1109
1138
1132
1097
1050
980
899
802
688
580
486
409
347
299
269
258
262
273
279
283
303
321
324
309
287
273
242
202
166
128
96
76
55
33
30
40
55
67
84
112
129
137
128
100
77
39
-11
-72
-114
-159
-185
-201
-229
-239
-228
-198
-173
-151
-129
-109
-88
-80
-96
-136
-187
-261
-355
-462
-573
-677
-785
-877
-977
-1051
-1096
-1120
-1128
-1110
-1076
-1022
-943
-857
-786
-724
-659
-593
-535
-480
-421
-347
-253
-152
-33
91
226
357
493
624
732
828
901
937
952
964
960
929
885
834
783
730
681
633
580
537
498
451
378
290
202
104
-1
-100
-187
-262
-317
-366
-412
-440
-443
-427
-382
-324
-264
-194
-111
-23
69
168
264
369
461
550
622
691
771
837
886
918
939
947
940
925
896
857
811
761
692
610
518
402
292
180
57
-73
-202
-331
-465
-573
-672
-775
-852
-930
-999
-1060
-1091
-1104
-1116
-1108
-1098
-1077
-1056
-1031
-1007
-973
-912
-850
-775
-697
-611
-500
-376
-263
-168
-64
42
127
210
273
327
364
408
445
462
487
501
514
530
553
571
576
567
540
505
442
380
303
220
126
5
-113
-234
-338
-434
-529
-608
-666
-694
-716
-716
-690
-655
-603
-561
-527
-497
-453
-399
-344
-274
-209
-131
-35
87
228
364
515
671
823
967
1086
1181
1256
1316
1332
1314
1279
1222
1157
1086
993
880
772
659
533
401
259
119
-16
-155
-277
-395
-497
-576
-647
-709
-768
-810
-821
-823
-824
-797
-749
-703
-652
-578
-501
-417
-318
-223
-136
-55
27
101
158
204
232
269
296
297
300
301
308
313
329
329
313
310
315
312
291
274
239
187
143
86
6
-79
-170
-264
-370
-472
-579
-666
-741
-809
-848
-879
-882
-866
-825
-763
-704
-634
-569
-507
-447
-374
-310
-256
-200
-149
-95
-24
69
157
263
377
473
579
684
780
861
916
952
959
933
878
784
679
555
434
309
172
54
-54
-131
-202
-262
-306
-345
-379
-403
-419
-433
-451
-466
-474
-471
-453
-425
-372
-294
-202
-103
-1
108
204
306
404
486
542
573
568
542
523
497
460
408
347
281
218
169
131
98
95
100
112
124
136
163
181
187
169
136
90
28
-32
-110
-187
-259
-321
-374
-414
-423
-421
-407
-376
-330
-296
-274
-251
-253
-282
-320
-371
-422
-467
-501
-519
-508
-469
-411
-327
-226
-106
30
171
291
393
486
551
588
595
588
571
531
472
397
310
240
175
106
33
-37
-84
-122
-174
-227
-264
-296
-335
-377
-419
-457
-478
-477
-467
-453
-413
-357
-284
-199
-101
10
136
263
385
500
605
700
791
869
921
945
950
949
913
876
830
774
708
631
546
447
360
267
167
83
-17
-110
-203
-292
-380
-460
-521
-590
-647
-703
-750
-765
-780
-769
-742
-706
-654
-604
-539
-468
-394
-328
-271
-215
-179
-152
-133
-121
-97
-84
-79
-80
-73
-55
-27
3
23
43
68
72
76
75
74
65
51
28
-12
-47
-88
-130
-181
-217
-226
-229
-222
-230
-228
-215
-207
-205
-205
-209
-217
-235
-259
-295
-324
-333
-338
-334
-312
-267
-217
-139
-39
71
196
329
469
603
728
839
924
1002
1055
1080
1103
1111
1090
1061
1024
979
929
889
833
764
696
624
533
437
348
244
153
73
-22
-117
-197
-265
-324
-371
-418
-462
-480
-497
-515
-533
-546
-562
-588
-606
-624
-632
-624
-615
-614
-602
-579
-548
-518
-466
-402
-339
-272
-213
-159
-119
-82
-55
-38
-19
-23
-39
-57
-82
-101
-114
-114
-112
-108
-95
-87
-74
-46
-30
-28
-35
-59
-102
-156
-213
-279
-342
-387
-434
-473
-491
-480
-452
-415
-368
-318
-253
-186
-123
-71
-14
32
73
124
171
219
271
339
406
484
571
663
752
835
906
959
1006
1041
1048
1028
989
934
873
796
709
624
532
452
386
326
276
237
222
208
199
181
156
139
121
84
17
-55
-118
-178
-238
-302
-348
-370
-379
-367
-340
-307
-250
-184
-129
-70
-33
-10
11
3
-25
-79
-139
-211
-290
-380
-462
-523
-570
-606
-634
-641
-630
-604
-559
-519
-482
-439
-398
-369
-345
-336
-335
-316
-311
-318
-338
-336
-313
-292
-248
-195
-149
-86
-20
43
94
140
178
200
221
222
203
180
144
103
67
50
41
31
39
44
69
109
138
165
196
228
260
299
328
343
368
397
416
425
437
441
445
465
483
498
519
540
553
554
555
546
535
511
472
434
389
335
277
230
185
135
98
74
48
16
-10
-29
-40
-60
-85
-108
-129
-148
-180
-203
-237
-271
-294
-313
-323
-334
-343
-359
-374
-384
-401
-418
-437
-463
-496
-518
-538
-559
-573
-591
-590
-577
-551
-518
-474
-423
-377
-322
-278
-245
-211
-175
-146
-108
-60
-23
5
47
91
135
186
234
272
301
334
347
336
316
282
247
211
161
107
52
9
-34
-67
-77
-90
-84
-74
-56
-32
1
40
68
97
118
146
173
198
204
215
249
271
282
304
324
341
365
391
410
426
433
412
386
361
326
282
234
175
111
70
45
8
-28
-38
-35
-20
-10
-10
-21
-25
-22
-28
-49
-85
-114
-146
-177
-214
-242
-261
-278
-295
-307
-321
-318
-303
-281
-259
-241
-210
-174
-145
-131
-114
-103
-84
-70
-75
-75
-68
-53
-41
-27
-14
-3
8
26
30
19
8
-5
-28
-61
-95
-127
-146
-167
-193
-203
-201
-194
-183
-158
-132
-106
-70
-28
-5
23
57
97
128
151
169
189
215
244
266
282
308
320
324
321
318
312
302
282
251
223
185
152
118
86
63
43
29
15
4
0
9
14
27
32
41
47
43
37
29
28
17
-6
-35
-62
-95
-122
-150
-185
-213
-250
-292
-314
-333
-353
-358
-351
-346
-328
-294
-248
-209
-170
-126
-74
-33
2
23
41
63
74
81
88
84
77
79
79
79
79
80
82
88
84
90
97
100
93
81
60
32
-4
-44
-86
-125
-164
-198
-228
-245
-240
-222
-189
-149
-113
-62
-9
40
94
137
171
199
215
216
225
229
237
239
230
224
222
220
220
221
225
237
247
253
255
250
250
256
246
217
189
150
102
50
-1
-50
-99
-133
-166
-191
-208
-213
-214
-215
-213
-218
-227
-240
-263
-287
-310
-340
-367
-396
-417
-418
-404
-375
-339
-291
-238
-176
-114
-56
1
51
95
124
140
149
143
143
137
126
114
112
103
97
106
110
114
132
134
123
112
97
83
67
45
1
-49
-91
-126
-155
-168
-174
-176
-155
-129
-96
-37
29
93
152
205
250
285
311
318
309
290
261
223
178
123
73
34
7
-11
-22
-28
-24
-19
-5
9
17
30
35
21
5
0
-5
-8
-11
-16
-11
10
38
58
83
105
122
143
144
141
122
95
67
19
-32
-86
-145
-195
-240
-276
-316
-344
-366
-376
-369
-358
-335
-312
-291
-271
-248
-219
-184
-156
-118
-86
-46
-1
48
109
157
207
246
285
326
351
370
372
370
357
333
300
259
211
152
111
64
19
-19
-51
-77
-87
-78
-66
-55
-44
-33
-11
2
6
5
-5
-25
-49
-76
-94
-107
-115
-127
-139
-137
-118
-88
-68
-48
-31
-16
-11
-2
-3
-9
-13
-21
-26
-25
-22
-21
-14
2
32
67
101
118
130
143
148
145
140
129
112
88
59
21
-14
-44
-69
-99
-128
-151
-172
-187
-199
-205
-218
-230
-242
-250
-260
-274
-283
-292
-299
-308
-315
-310
-294
-271
-244
-214
-186
-152
-111
-78
-45
-12
21
50
80
106
134
151
169
201
224
253
288
311
344
372
400
417
435
444
433
416
392
351
305
254
195
144
99
58
20
6
0
-11
-24
-26
-22
-19
-21
-37
-64
-92
-123
-156
-184
-208
-222
-228
-219
-192
-140
-74
-3
64
133
200
253
306
342
362
362
341
304
264
221
176
119
79
46
15
-4
-27
-46
-61
-71
-84
-95
-122
-160
-206
-248
-301
-359
-406
-455
-500
-530
-543
-545
-527
-497
-459
-417
-364
-308
-250
-202
-160
-123
-98
-79
-71
-78
-91
-93
-96
-100
-91
-85
-70
-51
-20
26
76
127
172
216
252
284
311
329
342
342
343
339
338
341
342
337
328
321
312
302
280
258
231
206
165
110
52
-6
-70
-130
-184
-234
-268
-286
-295
-298
-293
-285
-250
-214
-172
-129
-81
-38
3
40
86
129
165
209
241
273
308
336
359
381
383
373
353
328
286
242
194
135
80
22
-33
-79
-109
-126
-137
-141
-137
-137
-139
-145
-158
-171
-188
-213
-251
-282
-302
-321
-336
-342
-341
-331
-307
-282
-249
-203
-161
-130
-98
-71
-59
-59
-63
-74
-85
-89
-91
-98
-97
-78
-54
-27
22
75
128
191
254
307
351
384
398
408
399
382
360
326
284
231
175
124
77
37
3
-21
-49
-66
-75
-89
-90
-103
-125
-149
-171
-198
-223
-247
-264
-265
-266
-259
-256
-237
-200
-154
-110
-54
2
54
112
155
189
212
230
234
226
215
199
177
160
135
113
99
85
75
65
66
64
62
63
49
34
16
-10
-38
-73
-108
-139
-162
-169
-168
-164
-150
-134
-115
-91
-67
-49
-33
-18
-16
-25
-40
-53
-65
-83
-95
-116
-139
-139
-129
-110
-91
-66
-37
-6
25
48
77
109
139
152
155
154
152
149
142
135
125
119
111
105
101
113
125
134
136
133
129
120
107
95
75
46
15
-20
-52
-79
-89
-104
-103
-91
-89
-80
-70
-49
-32
-21
-9
-1
6
7
-3
-17
-27
-37
-46
-55
-65
-75
-84
-90
-104
-102
-97
-95
-84
-71
-63
-61
-58
-47
-48
-46
-42
-45
-39
-40
-39
-31
-17
1
21
34
46
53
59
65
63
62
50
33
13
-6
-23
-40
-43
-52
-62
-60
-56
-48
-39
-32
-35
-41
-45
-58
-78
-94
-111
-130
-138
-139
-138
-135
-118
-92
-69
-37
7
45
84
117
143
171
199
216
212
219
225
219
214
202
189
178
180
168
150
139
121
100
77
44
8
-23
-57
-98
-134
-156
-183
-192
-186
-191
-192
-183
-171
-157
-132
-104
-77
-48
-30
-17
-3
15
36
41
47
54
68
92
99
100
112
122
135
134
140
142
134
134
124
108
82
54
24
-2
-26
-45
-68
-79
-90
-102
-95
-78
-57
-35
-2
29
65
92
110
110
98
88
72
53
22
-18
-51
-71
-86
-101
-107
-109
-115
-109
-110
-118
-119
-124
-127
-147
-160
-174
-195
-202
-203
-198
-177
-148
-119
-84
-45
-9
36
91
130
158
189
214
221
223
228
217
199
185
150
112
87
64
41
18
-3
-27
-46
-57
-88
-120
-155
-192
-221
-248
-266
-296
-320
-321
-317
-303
-268
-224
-173
-111
-45
18
81
149
206
252
296
336
352
360
365
348
339
325
293
262
237
210
173
155
138
107
90
68
42
19
2
-20
-49
-65
-88
-108
-123
-140
-155
-162
-158
-153
-146
-128
-113
-89
-61
-36
-7
17
40
63
70
79
81
83
83
83
80
73
67
61
60
63
69
79
78
80
83
83
88
84
79
72
66
55
33
10
-6
-26
-43
-59
-73
-69
-76
-81
-82
-74
-69
-77
-76
-84
-88
-87
-93
-102
-114
-124
-136
-139
-142
-142
-134
-128
-120
-100
-82
-69
-56
-38
-18
-14
-1
2
-4
-8
-12
-12
-18
-11
-20
-20
-4
17
47
72
107
136
164
197
204
202
203
200
180
157
141
105
72
45
6
-23
-38
-47
-55
-64
-61
-58
-46
-40
-43
-50
-58
-56
-63
-69
-74
-90
-87
-79
-67
-54
-26
10
45
89
134
177
214
256
284
300
308
301
287
250
211
162
115
62
5
-48
-94
-129
-159
-171
-183
-199
-213
-224
-229
-236
-237
-234
-240
-246
-248
-246
-233
-213
-189
-163
-128
-81
-39
1
38
72
109
134
145
144
137
121
114
91
63
47
17
-6
-21
-32
-42
-43
-29
-25
-10
10
17
30
41
50
54
65
74
84
99
116
127
139
152
163
173
191
205
205
208
203
187
167
142
114
78
52
21
-14
-44
-71
-99
-121
-130
-147
-158
-150
-140
-133
-118
-98
-89
-75
-65
-65
-56
-45
-44
-45
-45
-42
-40
-38
-34
-37
-33
-31
-27
-26
-30
-34
-32
-38
-49
-64
-74
-81
-87
-85
-86
-78
-68
-56
-43
-33
-18
-4
8
17
16
16
9
-3
-11
-24
-34
-46
-53
-59
-64
-62
-60
-46
-28
-15
-1
13
22
19
19
20
13
13
3
-11
-17
-14
-1
10
34
59
81
109
133
160
175
192
194
186
170
139
107
66
38
5
-27
-50
-70
-86
-97
-105
-104
-102
-88
-77
-63
-41
-25
-16
-10
2
7
7
1
-9
-20
-26
-29
-29
-24
-15
-1
14
28
37
47
49
50
45
36
19
3
-12
-40
-71
-88
-99
-110
-101
-93
-85
-65
-41
-31
-16
6
13
11
1
-16
-40
-55
-75
-101
-118
-133
-147
-152
-153
-152
-143
-125
-105
-87
-71
-60
-52
-48
-54
-62
-63
-65
-68
-70
-63
-61
-46
-27
-2
33
69
113
145
182
222
251
271
280
279
277
272
263
241
215
193
163
136
106
89
67
52
40
19
15
7
0
-12
-24
-42
-54
-63
-79
-92
-101
-115
-129
-129
-131
-127
-116
-98
-96
-89
-66
-51
-36
-12
6
15
32
45
48
56
75
86
90
96
92
76
68
53
39
28
17
-3
-22
-37
-58
-78
-98
-120
-144
-157
-165
-176
-177
-184
-185
-180
-174
-175
-169
-159
-163
-171
-168
-169
-169
-155
-142
-130
-115
-86
-63
-41
-2
30
61
90
112
119
132
144
143
146
142
141
142
149
149
150
155
162
170
173
178
181
184
182
179
166
156
145
121
100
78
55
34
12
-11
-39
-60
-81
-106
-114
-123
-136
-145
-147
-154
-165
-169
-184
-200
-202
-206
-210
-206
-193
-176
-150
-114
-84
-50
-13
22
58
88
110
132
149
163
168
167
170
164
152
145
138
120
105
94
83
65
45
20
-7
-29
-56
-82
-99
-117
-143
-160
-173
-189
-193
-192
-190
-185
-177
-160
-149
-124
-98
-78
-55
-39
-19
-10
6
16
18
26
32
40
43
55
58
63
76
86
97
111
122
120
114
114
103
97
89
71
49
42
33
25
26
32
39
49
65
69
77
87
89
83
77
61
31
7
-17
-42
-64
-77
-90
-105
-106
-108
-102
-84
-66
-53
-44
-33
-30
-27
-17
-16
-19
-25
-31
-40
-36
-23
-25
-19
-9
-4
5
23
44
59
74
84
90
93
94
89
77
69
54
45
36
29
19
2
5
7
13
27
40
45
44
45
41
34
27
12
-13
-39
-63
-88
-101
-107
-112
-112
-112
-104
-100
-93
-81
-69
-52
-40
-31
-21
-16
-15
-9
2
11
18
30
37
52
76
101
121
138
158
165
170
178
181
174
163
151
131
116
111
94
82
80
69
63
57
51
42
40
37
17
0
-18
-32
-47
-61
-67
-76
-77
-74
-76
-72
-69
-70
-66
-54
-54
-55
-54
-58
-62
-62
-64
-75
-86
-92
-99
-106
-110
-117
-123
-122
-116
-106
-88
-68
-53
-34
-7
15
36
51
65
72
79
81
74
73
73
70
76
76
74
81
90
101
109
120
121
120
117
107
94
77
61
34
5
-22
-52
-70
-78
-81
-91
-90
-74
-57
-34
-15
7
24
43
61
81
93
94
98
95
96
101
102
103
105
107
107
112
116
112
111
111
111
102
92
83
72
58
41
24
5
-19
-41
-54
-67
-81
-93
-101
-109
-118
-120
-118
-119
-118
-128
-147
-164
-169
-181
-191
-197
-213
-216
-216
-206
-193
-178
-155
-142
-121
-99
-72
-54
-42
-27
-24
-11
2
10
16
20
26
30
38
44
53
65
79
91
104
114
118
125
128
131
123
112
100
81
65
42
25
16
5
-11
-23
-17
-14
-12
-3
1
6
12
24
23
23
24
16
11
1
-6
-11
-10
-3
4
17
27
40
49
63
81
96
109
111
116
113
109
100
95
84
69
59
48
34
17
0
-14
-17
-22
-31
-47
-68
-87
-104
-113
-126
-135
-141
-159
-161
-156
-151
-143
-139
-131
-127
-118
-101
-86
-74
-66
-54
-47
-37
-25
-22
-13
-10
-2
0
5
11
6
12
20
24
28
30
35
34
30
29
35
36
34
38
45
49
54
59
67
80
90
95
96
105
106
104
107
101
94
85
74
62
44
28
19
11
5
-3
-5
-5
-5
2
8
12
17
28
35
39
48
52
54
53
45
33
25
18
7
-8
-21
-29
-36
-44
-48
-49
-51
-51
-50
-53
-54
-57
-65
-79
-93
-103
-116
-120
-126
-126
-128
-129
-120
-107
-95
-80
-64
-55
-50
-42
-37
-31
-31
-34
-40
-46
-50
-50
-47
-47
-46
-45
-36
-27
-23
-19
-17
-12
-16
-19
-19
-15
-19
-25
-20
-20
-17
-7
4
17
28
47
67
85
104
122
137
146
155
158
159
154
142
130
123
120
107
93
79
69
68
66
68
71
74
78
80
82
79
79
77
69
62
55
50
41
31
21
16
12
9
13
8
1
-5
-11
-15
-24
-37
-53
-67
-84
-105
-122
-134
-142
-153
-160
-162
-160
-152
-144
-131
-120
-105
-90
-80
-73
-67
-60
-50
-45
-42
-43
-43
-42
-40
-42
-34
-31
-24
-22
-23
-31
-43
-45
-47
-54
-59
-67
-77
-84
-88
-91
-87
-82
-73
-61
-48
-32
-14
8
29
47
63
76
85
94
102
104
103
107
99
89
86
82
72
68
69
59
55
61
58
54
56
53
50
43
34
24
19
18
14
17
14
16
21
25
32
38
44
45
44
47
45
45
42
35
27
22
11
-2
-9
-10
-15
-19
-21
-17
-12
-4
7
18
27
29
36
45
46
41
39
39
33
26
22
13
8
6
-2
-13
-24
-36
-52
-64
-75
-91
-108
-120
-130
-137
-144
-144
-145
-144
-136
-126
-117
-103
-84
-63
-42
-19
-2
12
23
34
46
52
56
57
57
53
55
56
55
57
53
49
49
48
45
38
35
25
11
-1
-14
-23
-29
-34
-39
-41
-42
-42
-38
-35
-26
-14
-6
6
12
16
17
18
19
15
12
4
1
-5
-4
1
4
5
9
18
27
42
56
65
74
79
83
82
85
87
83
82
74
64
62
57
48
43
41
39
37
35
29
23
12
2
-13
-30
-47
-67
-87
-105
-122
-136
-140
-139
-141
-134
-117
-103
-88
-64
-44
-31
-11
7
21
37
48
51
54
62
66
66
68
68
64
68
74
76
73
68
63
58
55
54
44
32
16
-5
-20
-34
-46
-51
-57
-68
-71
-69
-69
-62
-57
-53
-49
-49
-50
-51
-56
-60
-66
-68
-72
-73
-71
-70
-64
-53
-43
-35
-21
-12
-5
10
27
43
57
65
70
74
85
91
95
98
101
98
92
94
91
89
87
82
75
65
53
35
20
9
-10
-24
-39
-54
-67
-73
-79
-82
-75
-74
-67
-61
-51
-37
-20
-6
1
7
18
25
34
43
53
56
62
68
73
79
82
85
84
80
75
67
59
49
35
24
11
-3
-15
-26
-38
-46
-49
-51
-50
-43
-40
-33
-26
-23
-23
-21
-27
-37
-42
-52
-62
-70
-77
-88
-92
-98
-105
-103
-97
-94
-93
-87
-80
-73
-62
-54
-46
-36
-31
-27
-21
-12
-8
-1
8
18
26
38
54
68
80
89
91
91
92
85
80
76
61
43
28
8
-9
-24
-34
-42
-51
-53
-58
-60
-56
-50
-40
-30
-17
-9
0
7
15
22
30
37
41
45
52
56
62
66
69
70
70
71
66
63
61
60
54
48
38
26
20
11
8
4
-1
-3
-12
-18
-17
-15
-15
-15
-17
-26
-29
-35
-39
-39
-41
-42
-47
-49
-50
-48
-44
-44
-43
-42
-40
-37
-35
-32
-33
-32
-33
-33
-32
-34
-34
-31
-26
-23
-18
-14
-13
-12
-9
-1
3
1
-1
-4
-9
-15
-19
-23
-28
-34
-43
-52
-56
-62
-62
-60
-52
-45
-40
-29
-20
-10
-2
10
19
29
39
49
53
62
71
79
89
95
96
97
104
107
107
104
99
90
83
77
66
51
39
26
15
5
-3
-10
-11
-7
-7
-5
-1
-2
2
4
9
11
12
13
4
-3
-10
-17
-23
-27
-34
-41
-44
-47
-48
-46
-47
-45
-44
-45
-43
-43
-41
-42
-40
-40
-38
-34
-30
-24
-21
-15
-10
-2
7
12
19
22
27
28
24
17
5
-3
-15
-30
-46
-62
-76
-89
-97
-103
-108
-107
-106
-99
-94
-86
-79
-68
-54
-44
-34
-21
-9
2
19
32
44
60
76
90
105
117
128
138
144
147
150
150
146
136
128
115
102
88
73
57
41
32
25
18
11
7
3
1
1
-4
-10
-14
-21
-27
-32
-38
-45
-49
-52
-58
-56
-52
-46
-36
-29
-18
-8
4
17
24
34
39
44
44
40
37
30
23
16
9
-1
-11
-16
-26
-32
-35
-39
-43
-50
-52
-59
-67
-72
-79
-87
-92
-99
-105
-109
-109
-110
-105
-95
-86
-78
-70
-59
-51
-40
-31
-24
-20
-19
-18
-17
-16
-14
-17
-14
-9
-4
0
7
17
27
40
49
58
63
68
73
73
78
83
84
83
86
88
87
91
92
91
92
92
91
88
85
80
70
60
50
37
22
5
-11
-22
-29
-37
-42
-43
-42
-41
-33
-26
-17
-8
3
11
15
25
28
32
35
40
46
52
55
57
64
67
71
79
82
81
78
74
68
57
48
33
16
-1
-20
-41
-63
-78
-94
-106
-116
-125
-131
-135
-137
-137
-132
-127
-124
-115
-111
-105
-100
-97
-91
-86
-77
-69
-58
-51
-41
-28
-15
1
16
27
35
43
50
54
55
53
48
41
33
26
13
3
-2
-8
-12
-12
-12
-12
-10
-8
-9
-6
-4
-5
-2
-1
-2
-4
-1
0
0
6
10
15
24
35
40
47
57
64
69
78
81
80
80
79
73
68
64
57
51
48
44
42
41
38
34
35
36
36
37
33
28
25
19
13
11
7
2
-2
-3
-4
-3
1
3
5
10
14
14
12
10
4
-4
-13
-24
-34
-46
-57
-68
-76
-84
-86
-81
-79
-74
-65
-59
-50
-39
-30
-20
-10
-3
2
7
12
15
21
28
33
44
51
56
60
67
71
71
70
64
54
42
28
10
-9
-26
-43
-58
-69
-77
-82
-85
-83
-78
-69
-59
-49
-38
-23
-12
-4
5
14
16
26
31
32
37
41
45
52
58
60
61
64
65
63
60
56
50
40
32
21
7
-5
-15
-23
-27
-32
-32
-33
-31
-28
-25
-22
-21
-18
-17
-17
-17
-24
-34
-37
-43
-49
-50
-49
-48
-44
-37
-35
-25
-16
-9
0
8
13
13
12
6
-5
-11
-21
-33
-44
-50
-55
-61
-64
-63
-63
-59
-49
-41
-36
-31
-26
-23
-19
-14
-9
-9
-9
-9
-8
-3
2
8
16
22
29
35
42
47
50
54
53
52
50
46
40
34
27
21
15
12
11
10
9
10
13
12
17
21
24
28
29
32
31
29
30
30
33
38
41
45
49
55
60
67
74
77
78
76
70
62
54
43
31
19
4
-10
-22
-33
-42
-49
-54
-55
-56
-56
-54
-53
-51
-49
-51
-52
-52
-54
-55
-55
-57
-56
-53
-47
-41
-33
-24
-13
-1
9
17
22
25
27
25
21
12
3
-9
-21
-33
-41
-48
-55
-59
-61
-60
-57
-50
-43
-38
-29
-22
-16
-12
-7
-3
-1
2
3
8
11
13
21
27
36
45
54
62
69
75
77
77
75
69
62
53
41
32
22
11
3
-1
-2
-4
1
5
11
20
28
34
42
48
50
52
52
47
40
30
24
15
8
3
-3
-10
-11
-12
-13
-13
-13
-15
-15
-18
-22
-26
-30
-36
-41
-45
-52
-55
-55
-55
-52
-46
-41
-34
-27
-18
-11
-6
-1
1
2
2
0
-2
-5
-9
-13
-15
-15
-17
-17
-17
-14
-13
-11
-10
-11
-11
-14
-16
-17
-21
-25
-29
-34
-37
-37
-36
-32
-28
-21
-12
-3
6
16
25
30
37
43
46
45
46
45
43
41
41
39
38
39
41
42
43
45
45
45
45
43
39
36
29
21
13
5
-1
-9
-14
-20
-22
-23
-23
-22
-18
-15
-10
-6
-5
-2
-2
-3
-6
-8
-12
-15
-19
-22
-25
-29
-29
-28
-26
-21
-18
-14
-8
-1
3
7
12
13
15
15
15
15
13
12
10
6
5
3
2
-1
-1
-3
-5
-8
-9
-12
-16
-18
-22
-25
-27
-30
-32
-34
-32
-31
-29
-26
-22
-17
-12
-7
-3
2
7
10
13
15
17
19
21
22
23
25
25
27
26
26
26
25
25
23
21
18
16
14
11
6
3
1
-1
-3
-3
-5
-5
-3
-3
-2
1
3
4
4
5
4
3
1
-1
-5
-6
-8
-11
-13
-13
-14
-14
-14
-11
-10
-10
-8
-8
-6
-6
-5
-6
-6
-4
-4
-2
-1
1
5
8
12
15
20
23
27
29
30
31
30
28
25
19
14
7
2
-5
-11
-16
-19
-22
-25
-26
-26
-25
-25
-24
-23
-21
-21
-20
-20
-19
-19
-19
-17
-17
-15
-13
-10
-6
-2
3
7
10
13
18
21
24
26
26
25
25
22
21
19
17
14
11
9
8
4
3
2
1
-2
-4
-5
-8
-11
-12
-15
-18
-20
-22
-24
-23
-23
-22
-21
-18
-15
-11
-8
-3
0
4
7
11
12
15
16
17
19
20
21
21
21
19
19
19
16
15
14
11
7
5
2
-1
-2
-4
-7
-9
-9
-8
-7
-7
-4
-2
0
4
7
10
12
11
12
10
9
6
4
-1
-6
-10
-13
-16
-19
-20
-22
-22
-21
-21
-20
-17
-16
-15
-13
-11
-10
-8
-5
-5
-3
0
2
2
4
4
3
3
5
6
5
5
3
1
0
-1
-4
-4
-6
-6
-9
-9
-7
-7
-5
-6
-5
-4
-5
-4
-5
-6
-7
-8
-8
-9
-10
-10
-10
-9
-7
-4
-2
2
5
8
10
14
16
17
18
18
19
19
18
17
16
15
14
14
14
13
12
15
14
13
13
12
10
9
8
4
1
-2
-5
-8
-10
-12
-12
-14
-13
-12
-10
-8
-7
-3
-4
-2
-1
-2
-2
-2
-2
-3
-3
-4
-6
-6
-7
-7
-7
-5
-4
-3
-1
1
2
3
3
4
5
5
3
2
1
-1
-3
-2
-3
-3
-4
-6
-6
-7
-7
-7
-8
-9
-11
-11
-12
-13
-14
-13
-14
-13
-12
-9
-8
-5
-2
1
3
7
10
13
15
16
15
16
15
15
13
11
9
6
5
3
0
1
-1
-2
-1
-2
-2
-2
-2
-3
-3
-3
-2
-2
0
-1
2
2
2
5
6
7
8
8
8
7
7
5
4
1
-1
-4
-6
-9
-11
-12
-13
-15
-14
-14
-13
-10
-9
-6
-3
-1
2
3
4
3
4
4
3
2
1
1
1
1
0
1
1
3
4
3
3
3
2
0
0
-1
-5
-8
-9
-10
-13
-14
-15
-16
-14
-13
-12
-9
-8
-5
-2
1
3
4
6
6
6
6
5
4
5
4
4
5
5
5
7
8
9
10
10
10
9
7
6
3
1
0
-4
-6
-7
-8
-8
-6
-5
-3
-1
2
4
6
7
9
10
10
10
9
9
8
7
6
5
4
4
4
4
6
6
4
4
3
2
-1
-3
-6
-9
-11
-13
-16
-17
-19
-18
-17
-15
-12
-9
-6
-1
1
4
9
12
13
14
12
13
12
10
8
6
4
2
1
0
0
1
2
3
3
2
4
2
2
-1
-1
-3
-7
-8
-10
-11
-12
-13
-11
-12
-9
-6
-3
-1
2
4
7
8
9
10
9
9
7
5
3
0
-2
-3
-3
-2
0
1
0
4
6
8
9
10
9
8
7
6
3
1
0
-2
-3
-3
-3
-4
-2
-1
-1
1
2
3
3
3
3
1
0
-3
-6
-9
-10
-11
-13
-15
-14
-15
-13
-11
-9
-4
-1
1
4
5
6
7
7
7
7
5
5
3
2
-1
-1
0
1
1
3
4
5
6
6
6
5
4
3
0
-1
0
-3
-4
-6
-6
-5
-5
-3
-2
0
2
3
5
6
7
5
4
2
-1
-2
-5
-8
-9
-12
-13
-14
-15
-13
-12
-9
-8
-6
-4
-1
0
1
2
4
3
4
4
3
5
5
5
6
7
9
9
10
11
10
10
9
6
5
3
1
-2
-4
-8
-11
-14
-15
-16
-17
-16
-16
-15
-12
-10
-8
-6
-4
-3
1
3
5
6
7
7
7
8
7
7
7
7
7
6
7
5
4
4
4
2
0
0
-2
-3
-5
-7
-8
-8
-6
-6
-6
-4
-3
-2
0
1
2
3
4
4
3
2
0
0
-1
-2
-2
-3
-2
-3
-3
-3
-3
-2
-2
-3
-1
-1
-2
-2
-3
-3
-2
0
-1
0
2
4
7
10
10
12
14
15
16
15
14
13
11
9
6
5
3
1
-1
-1
-2
-2
-1
-1
0
0
1
1
2
2
1
1
1
0
-2
-2
-1
-2
-1
0
2
1
2
4
5
4
4
3
1
1
-1
-2
-5
-8
-9
-12
-13
-13
-13
-12
-10
-8
-5
-2
0
2
5
7
7
8
8
6
6
5
4
3
0
0
0
1
0
0
1
1
1
1
-1
0
-1
-2
-3
-5
-5
-7
-8
-7
-7
-6
-4
-1
0
3
5
7
9
10
10
11
10
10
8
6
4
3
0
-1
-4
-5
-5
-7
-5
-6
-7
-6
-5
-4
-4
-4
-4
-5
-4
-7
-6
-6
-5
-6
-5
-2
-1
0
3
4
3
5
6
5
7
6
4
3
2
0
-2
-2
-4
-5
-4
-5
-4
-5
-5
-4
-3
-1
0
0
2
1
0
1
1
1
1
2
4
3
5
5
5
7
8
7
9
9
8
7
7
6
5
4
3
1
2
2
1
1
3
2
3
3
1
2
3
2
3
3
3
2
1
1
2
1
2
2
3
5
5
6
7
7
7
7
7
4
2
2
-1
-2
-3
-4
-5
-6
-6
-6
-4
-5
-5
-5
-5
-5
-6
-4
-5
-6
-7
-8
-9
-10
-9
-10
-11
-9
-8
-8
-5
-3
-1
0
1
1
3
4
3
3
1
-1
-3
-5
-5
-6
-8
-7
-7
-7
-5
-3
-3
-2
-1
-2
-1
1
1
-1
0
-2
-3
-2
-3
-2
-2
2
3
5
9
10
13
15
18
17
17
17
16
13
12
10
6
4
2
1
1
0
0
-1
0
1
1
3
3
4
4
3
2
1
0
-1
-3
-2
-2
-2
0
1
2
3
5
6
7
8
8
8
6
5
4
2
-1
-4
-7
-9
-11
-12
-12
-13
-13
-13
-12
-11
-11
-8
-9
-6
-5
-5
-4
-3
-4
-4
-3
-2
0
2
2
3
5
6
6
7
9
9
7
8
6
4
2
-1
-2
-4
-5
-7
-9
-9
-8
-8
-8
-6
-6
-4
-3
0
2
5
6
6
8
8
8
9
10
11
11
10
10
9
9
8
7
6
4
3
1
-1
-4
-5
-8
-9
-9
-10
-9
-12
-10
-10
-10
-10
-10
-9
-7
-6
-3
-4
-2
-3
-2
-1
0
0
0
1
3
3
4
3
1
1
0
-2
-4
-6
-8
-10
-13
-14
-15
-15
-15
-16
-15
-13
-10
-6
-4
-1
0
1
3
3
4
4
3
1
0
-2
-2
-3
-2
0
0
3
4
7
7
8
10
8
8
8
7
4
3
2
1
-1
-2
-2
-2
-1
1
2
5
7
9
9
7
7
6
6
3
1
-2
-5
-7
-7
-8
-6
-6
-5
0
3
5
9
12
13
13
13
13
13
10
8
3
-1
-6
-7
-9
-11
-11
-10
-9
-5
-3
-1
0
2
2
1
0
-1
-3
-5
-7
-9
-10
-10
-10
-8
-5
-2
2
7
10
13
16
17
19
18
16
12
8
4
0
-4
-7
-10
-11
-12
-12
-11
-9
-5
-5
-2
-1
1
3
5
5
4
3
1
-1
-3
-3
-3
-1
-1
3
7
10
15
17
19
19
19
19
18
15
11
7
2
-2
-6
-9
-12
-15
-14
-13
-11
-8
-5
-1
2
4
6
7
8
7
6
4
1
0
-1
-2
-1
0
3
4
5
9
9
11
11
11
12
9
9
6
4
1
-2
-5
-8
-9
-11
-10
-9
-7
-4
-3
-1
0
2
2
2
3
3
2
0
-1
-1
-2
-2
-2
-4
-2
0
2
4
5
6
7
7
7
7
6
2
0
-3
-7
-9
-9
-9
-11
-11
-11
-9
-9
-7
-6
-5
-3
-5
-5
-5
-4
-5
-5
-4
-5
-6
-4
-2
-2
1
4
5
7
9
8
7
8
6
4
4
2
-2
-3
-4
-6
-7
-7
-8
-7
-6
-6
-5
-3
-4
-5
-3
-2
-3
-2
-2
-1
-2
-1
0
2
4
6
8
10
13
15
18
18
18
17
16
14
11
9
7
4
0
-2
-5
-6
-6
-6
-7
-6
-6
-5
-4
-3
-3
-4
-4
-5
-6
-5
-7
-7
-5
-6
-6
-3
-1
1
4
7
9
7
8
8
7
6
3
