-4
-3
0
-1
0
1
4
4
2
0
2
2
1
-2
-4
-2
0
-1
-2
-2
2
5
2
0
0
2
3
2
-2
-3
0
1
1
-3
-2
1
2
0
-3
-2
1
3
1
-1
0
2
4
1
0
0
3
4
3
0
0
2
3
2
1
2
3
3
0
-1
1
2
0
0
-1
0
1
0
0
0
0
0
-2
-3
-2
0
1
-1
-2
0
1
1
0
0
1
2
2
-1
-2
0
0
0
0
-1
0
1
-1
-2
-2
0
1
0
-2
-1
0
0
-1
-2
-1
-1
-1
-2
-3
-3
1
1
-1
-3
-1
0
0
1
-1
0
0
-2
-3
-3
-1
0
-1
-2
-1
0
0
-1
-2
-1
0
-1
-2
-2
-2
-1
-1
-2
-1
1
2
0
1
0
3
2
1
-1
0
2
1
1
1
3
4
2
1
0
2
3
2
1
1
2
2
-1
-2
-1
0
0
-1
-3
-2
0
2
0
0
0
3
3
1
0
-1
0
0
-2
-3
-4
-2
-1
-2
-1
0
2
2
1
-1
0
0
1
-1
-3
-1
0
0
-2
-3
-1
0
-2
-3
-2
-1
2
1
1
2
3
2
2
1
1
3
3
2
2
3
3
3
1
2
2
4
4
3
3
5
6
5
4
3
3
4
3
2
4
5
5
4
2
3
3
4
3
2
2
4
4
3
3
3
2
2
-1
-2
0
0
1
1
0
0
2
-1
0
0
-1
0
1
-1
0
-1
0
-2
-3
-2
-2
-2
-1
0
0
1
0
0
0
0
0
0
0
0
-1
0
-1
-1
-1
-1
0
-2
-3
-2
-1
0
-1
0
-1
2
0
0
0
0
-1
-3
-3
-2
-3
-2
-3
-2
-4
-3
-3
-2
-2
-2
-2
-1
-3
-3
-3
-3
-2
-2
-3
-2
-1
-2
-2
-2
-1
-1
0
1
1
1
2
1
2
1
0
0
-1
-1
-1
0
1
0
0
1
1
2
1
1
0
1
1
2
3
2
1
0
1
0
1
-1
0
0
0
-1
0
2
1
1
1
1
2
2
2
1
1
1
1
0
-1
-1
1
0
2
2
2
2
2
1
2
0
1
1
0
1
2
1
1
2
0
0
-1
-1
-1
-1
-1
-1
-1
-1
-1
-2
-2
-2
-3
-3
-3
-3
-3
-2
-2
-3
-3
-4
-3
-3
-2
-1
-1
-2
-1
-2
-2
-2
-2
-2
-1
-1
-1
-1
0
0
0
1
-1
0
0
0
1
0
1
1
1
1
0
0
2
2
1
1
0
1
0
0
-1
0
0
0
0
1
-1
1
0
0
-1
-2
0
1
0
-1
0
0
-1
-1
-2
-3
-2
-2
-2
-2
-2
-2
-2
-1
-3
-2
-2
-2
0
-1
0
-1
2
1
1
1
1
1
1
2
2
1
1
2
2
1
1
2
2
2
2
2
2
2
2
3
3
3
3
4
4
3
4
5
4
4
3
3
3
3
3
3
2
2
2
2
2
1
1
1
1
1
1
1
2
1
1
2
1
1
2
2
2
2
1
2
2
1
1
1
1
-1
-1
-1
0
0
1
1
-1
-1
-1
-1
0
-2
0
-1
-1
-1
-1
-1
-1
-2
-2
-1
-3
-3
-2
-2
-3
-3
-3
-4
-3
-3
-4
-4
-4
-4
-3
-3
-3
-2
-1
-1
-1
-1
-1
-1
-1
-1
-1
-2
-2
-3
-3
-2
-2
-2
-3
-3
-3
-3
-2
-2
-3
-3
-3
-1
-2
-1
-1
-1
-1
0
1
0
1
1
1
1
1
0
2
2
2
1
0
0
1
2
1
0
1
1
1
1
2
3
3
3
4
4
4
4
3
5
4
4
3
5
5
5
4
5
4
3
4
3
3
4
3
3
3
4
4
3
3
4
2
3
3
3
3
2
2
2
1
2
2
2
2
2
2
0
0
0
-1
-1
-1
-1
-1
-2
-2
-2
-1
-2
-2
-3
-3
-3
-3
-3
-4
-4
-4
-5
-4
-6
-6
-6
-6
-4
-4
-5
-4
-5
-5
-3
-4
-2
-3
-3
-2
-2
-2
-2
-1
-2
-2
-1
-1
-1
0
-1
0
0
-1
-2
0
-1
-1
-1
0
-1
0
-1
-1
0
0
0
1
1
2
3
2
1
2
3
3
2
1
0
1
1
0
0
1
0
0
0
2
1
2
2
1
2
1
2
1
1
1
1
1
1
1
1
0
1
1
1
1
0
1
1
2
2
2
1
2
2
2
3
3
2
2
3
3
3
3
3
3
3
4
3
3
2
3
3
3
3
3
2
1
1
2
2
1
2
1
2
1
1
1
1
1
1
0
0
-1
-2
-2
-3
-2
-1
-1
0
-1
-1
-1
0
0
-1
-1
-1
-2
-2
-2
-3
-3
-3
-2
-4
-4
-4
-3
-4
-3
-4
-3
-3
-4
-3
-3
-3
-4
-3
-3
-3
-3
-2
-2
-3
-2
-1
-2
-1
-2
-1
0
-1
0
0
0
0
0
1
1
1
1
1
1
1
3
2
3
1
2
2
2
2
2
2
1
1
2
0
1
0
0
0
-1
-1
-1
-3
-3
-2
-2
-3
-3
-4
-3
-3
-3
-3
-3
-3
-1
-2
-1
-2
-1
0
0
2
2
1
1
2
2
4
5
3
4
5
5
5
6
6
8
8
7
7
7
7
6
7
6
4
4
3
4
4
5
5
5
3
3
2
2
3
1
1
-1
-2
-2
-3
-2
-1
-1
-1
-4
-3
-3
-1
1
1
0
0
0
0
0
2
2
1
0
-1
-1
0
2
3
3
3
3
3
3
4
4
5
4
3
1
2
2
2
2
0
-1
-2
-4
-4
-4
-4
-3
-4
-6
-6
-5
-5
-5
-5
-7
-8
-9
-10
-9
-9
-9
-10
-10
-10
-9
-8
-7
-6
-5
-5
-5
-5
-4
-3
-3
-2
-2
-4
-5
-3
-2
-1
-1
0
0
0
1
2
3
3
3
3
1
1
2
1
1
1
1
-2
-3
-2
-1
1
1
0
0
0
0
1
2
1
0
0
-1
-1
-2
-1
-1
-1
-1
-1
-1
0
0
1
2
2
3
2
3
4
5
5
3
5
4
3
4
4
5
5
6
7
6
6
6
6
6
6
5
5
5
5
4
4
3
2
1
1
2
2
2
1
1
1
-1
0
0
-1
-3
-4
-5
-5
-4
-4
-4
-4
-5
-5
-5
-6
-3
-4
-4
-4
-3
-3
-3
-4
-3
-3
-5
-5
-4
-4
-3
-3
-2
-2
-1
-1
0
-1
0
0
1
1
2
1
3
4
3
3
4
4
6
5
5
7
8
7
8
8
8
8
9
9
8
8
8
9
9
8
8
7
7
5
6
5
3
3
1
0
-1
-1
-2
-2
-2
-4
-5
-5
-6
-5
-6
-4
-7
-6
-7
-8
-8
-8
-8
-10
-11
-11
-13
-12
-11
-11
-13
-13
-13
-13
-12
-10
-11
-10
-10
-9
-8
-8
-7
-6
-5
-5
-5
-3
-2
0
1
3
4
5
6
6
8
9
10
12
12
13
12
14
15
15
17
17
16
17
18
18
18
18
17
15
15
14
14
14
12
12
11
10
8
7
6
6
4
3
0
0
-1
-1
-2
-4
-5
-8
-9
-11
-11
-10
-12
-11
-13
-15
-15
-15
-15
-15
-15
-16
-18
-18
-18
-16
-17
-16
-16
-15
-15
-15
-13
-11
-10
-9
-8
-8
-7
-5
-2
0
1
1
4
4
6
9
10
11
12
12
12
13
14
15
16
16
16
16
15
16
15
16
14
14
13
12
13
13
12
10
9
8
5
5
3
2
1
-1
-2
-3
-4
-4
-6
-8
-8
-9
-10
-10
-11
-12
-13
-14
-15
-16
-18
-17
-17
-18
-19
-18
-18
-17
-16
-15
-14
-15
-13
-13
-11
-9
-7
-6
-5
-3
-2
-1
0
1
2
3
3
4
5
6
7
9
11
11
13
13
13
14
15
14
14
14
14
14
15
14
13
11
11
10
10
10
8
8
6
4
1
0
-1
-2
-3
-4
-6
-6
-8
-8
-9
-10
-11
-13
-14
-14
-15
-15
-15
-15
-15
-16
-17
-15
-15
-14
-13
-13
-12
-12
-12
-11
-10
-10
-9
-9
-9
-9
-7
-6
-6
-4
-4
-3
-2
-1
0
0
0
2
1
2
2
2
4
6
6
6
6
5
6
4
4
5
4
4
4
4
3
1
0
-1
-1
-1
0
-1
-2
-3
-4
-6
-7
-6
-7
-6
-5
-6
-7
-9
-9
-9
-9
-8
-8
-8
-9
-9
-8
-8
-10
-11
-11
-11
-10
-10
-9
-9
-8
-8
-7
-7
-6
-7
-5
-4
-3
-2
-3
-1
-1
-1
0
1
2
3
3
3
4
3
3
3
2
2
3
4
3
2
2
1
1
0
0
0
-1
0
-1
-2
-2
-1
-2
-3
-2
-3
-3
-3
-2
-3
-4
-5
-6
-6
-7
-7
-6
-7
-7
-7
-8
-8
-8
-8
-8
-8
-8
-7
-6
-6
-5
-5
-5
-5
-5
-4
-3
-3
-1
0
0
0
1
0
0
1
2
2
3
1
1
2
1
2
3
4
3
3
2
1
1
1
1
2
1
1
0
-1
0
-1
-2
-2
-1
-1
-1
0
-1
0
-1
-2
-1
-3
-3
-2
-2
-2
-1
-2
-2
-2
-1
-1
-2
-1
1
1
1
0
1
1
2
2
2
3
4
4
4
4
4
3
3
2
3
2
2
2
1
1
0
0
1
1
1
1
1
1
2
1
0
1
2
2
3
4
4
5
5
6
5
6
6
6
6
6
6
6
5
5
4
4
4
4
4
3
3
2
2
2
1
2
1
1
1
1
3
3
4
4
4
4
4
5
5
5
5
5
4
5
5
4
4
5
6
6
6
6
6
6
6
6
6
6
5
5
4
4
4
5
5
5
4
4
4
4
4
4
3
2
3
1
2
2
2
2
2
2
1
2
2
2
3
3
2
2
3
3
4
5
6
6
6
6
6
7
7
9
9
8
8
9
8
8
9
9
8
8
8
7
6
6
7
6
6
6
5
5
4
4
4
4
4
4
4
4
5
6
6
7
6
5
6
7
8
8
7
7
6
6
6
6
7
6
6
6
5
6
6
6
5
5
6
6
4
6
6
6
6
6
6
6
5
6
7
7
6
6
6
7
8
7
8
8
7
7
7
7
8
8
8
7
7
8
7
7
7
8
8
8
8
10
10
10
10
9
9
8
9
9
9
9
7
7
5
5
4
5
5
5
4
4
3
4
3
4
3
3
2
2
1
1
2
3
3
3
3
3
4
3
4
2
4
3
4
5
5
4
3
4
3
2
3
3
3
2
1
1
1
1
1
1
1
0
-1
-1
0
-1
-1
-1
0
0
-1
-1
0
0
2
2
2
3
2
3
4
4
4
4
5
4
4
5
5
6
6
6
4
4
4
4
4
3
2
3
2
1
3
3
2
3
0
-1
-1
1
1
1
0
1
1
0
0
0
1
1
-1
0
-1
0
0
1
3
2
0
0
0
1
2
2
3
2
2
2
3
3
3
4
3
3
3
2
2
4
3
3
2
2
1
1
0
1
1
1
1
1
0
0
0
1
-1
-2
-2
-2
-3
-3
-4
-2
-3
-3
-2
-1
-2
-2
-2
-1
-1
-2
0
-1
0
0
0
-1
0
0
0
1
2
1
0
0
0
1
-1
-2
-3
-3
-5
-6
-6
-6
-5
-7
-8
-8
-8
-9
-9
-10
-10
-9
-10
-10
-9
-9
-8
-7
-5
-5
-6
-5
-4
-3
-1
0
1
1
1
1
1
3
2
1
2
0
0
0
0
0
0
-2
-1
-2
-3
-4
-4
-4
-4
-5
-5
-5
-6
-6
-7
-6
-7
-6
-5
-6
-5
-5
-4
-3
-4
-4
-3
-3
-2
-2
-2
-3
-3
-2
-1
0
-1
-2
-2
-2
-2
-2
-2
-3
-4
-4
-4
-3
-3
-3
-4
-5
-4
-3
-2
-2
-2
-1
-2
-1
-2
-3
-1
-1
-2
-2
0
-1
-1
-1
0
1
0
-1
-1
-2
-1
-2
-2
-3
-3
-4
-4
-3
-2
-2
-3
-2
-3
-1
-1
-1
-2
-2
0
-1
0
0
-1
0
1
1
1
1
1
1
2
2
2
3
3
3
1
2
1
3
2
1
0
1
1
0
-1
0
-1
-2
-2
-2
-3
-4
-4
-5
-4
-4
-6
-6
-6
-6
-6
-6
-4
-4
-4
-4
-5
-5
-3
-2
-3
-2
-2
-2
-1
-2
-2
-2
-1
0
0
1
1
1
1
2
3
1
1
1
0
0
0
-1
-1
-3
-2
-2
-2
-3
-3
-3
-3
-2
-2
-2
-2
-1
0
0
4
3
5
4
5
9
10
12
12
12
12
12
14
12
13
14
12
13
14
14
13
13
14
14
14
15
15
16
14
16
17
18
19
19
19
20
19
20
17
15
13
12
11
9
5
1
-1
-4
-8
-11
-12
-14
-17
-20
-24
-26
-29
-31
-35
-39
-41
-41
-44
-47
-49
-49
-47
-44
-43
-45
-45
-43
-40
-37
-34
-30
-28
-24
-20
-18
-13
-11
-7
-6
-5
-3
-3
0
1
3
4
5
9
12
14
11
9
12
12
10
7
3
4
5
6
6
8
14
19
19
18
22
26
27
30
29
28
28
31
27
21
22
23
21
21
16
10
7
9
8
7
5
5
6
4
3
3
4
11
27
37
38
44
55
61
75
81
74
79
93
94
82
78
79
89
104
97
90
95
105
113
102
80
71
82
71
46
21
-9
-21
-23
-51
-94
-105
-109
-127
-144
-175
-202
-200
-196
-217
-240
-254
-252
-233
-238
-257
-250
-236
-216
-191
-191
-198
-167
-127
-112
-96
-78
-62
-26
7
10
10
28
39
45
31
3
-10
-12
-29
-47
-69
-91
-77
-53
-51
-39
-2
41
95
157
192
232
297
355
398
429
454
479
505
513
504
500
489
481
471
430
388
361
324
275
233
179
125
92
53
0
-46
-83
-112
-136
-159
-193
-218
-237
-255
-275
-302
-329
-342
-354
-380
-396
-418
-446
-453
-459
-477
-486
-484
-484
-470
-455
-443
-417
-386
-350
-316
-282
-238
-186
-144
-113
-82
-59
-34
-9
13
18
20
29
36
54
71
87
116
157
203
245
285
319
354
387
410
433
441
444
446
435
420
410
409
410
410
403
391
379
376
372
352
327
300
275
248
221
180
139
112
86
65
39
18
-8
-22
-33
-47
-54
-68
-80
-98
-125
-158
-189
-217
-256
-299
-350
-403
-448
-486
-522
-550
-569
-574
-568
-564
-546
-519
-484
-444
-398
-361
-331
-292
-257
-224
-207
-183
-167
-165
-139
-137
-138
-129
-120
-90
-57
13
56
91
142
203
279
330
380
392
421
474
483
475
458
468
458
432
402
367
358
329
300
246
207
219
217
204
173
167
164
166
200
193
179
172
204
235
238
232
224
250
277
292
279
252
254
252
227
178
142
118
81
35
-27
-84
-148
-182
-222
-298
-351
-408
-457
-511
-567
-630
-704
-733
-775
-830
-904
-951
-960
-980
-989
-1014
-1007
-1002
-968
-930
-919
-870
-811
-731
-623
-472
-320
-192
1
246
467
677
865
1052
1239
1385
1467
1479
1509
1522
1469
1348
1218
1099
968
836
671
504
338
230
125
-25
-153
-267
-353
-427
-491
-559
-636
-666
-656
-642
-630
-610
-537
-445
-349
-191
-56
75
251
416
566
714
861
926
987
1070
1052
992
939
870
759
630
482
327
205
96
-33
-202
-311
-359
-432
-532
-611
-684
-776
-817
-842
-940
-1040
-1093
-1150
-1208
-1228
-1269
-1327
-1326
-1259
-1248
-1258
-1186
-1104
-1034
-952
-859
-761
-650
-482
-331
-182
1
218
491
727
941
1121
1309
1526
1683
1759
1744
1764
1751
1656
1518
1343
1185
1009
838
628
406
228
78
-60
-248
-427
-554
-645
-726
-819
-911
-981
-977
-925
-889
-840
-774
-676
-519
-360
-204
-10
223
468
672
859
1036
1230
1390
1446
1472
1474
1429
1318
1187
1021
841
676
494
317
165
56
-51
-166
-262
-315
-374
-460
-529
-611
-740
-835
-910
-1056
-1222
-1336
-1425
-1500
-1544
-1618
-1692
-1697
-1644
-1565
-1521
-1452
-1344
-1221
-1102
-977
-836
-739
-602
-428
-292
-160
27
246
454
667
864
1047
1277
1516
1664
1748
1818
1890
1910
1841
1745
1614
1439
1249
1059
816
560
334
123
-93
-299
-478
-643
-746
-820
-888
-923
-924
-887
-831
-795
-739
-656
-538
-419
-263
-90
74
279
513
757
949
1159
1326
1469
1616
1698
1671
1625
1625
1507
1331
1157
948
740
578
381
133
-28
-136
-263
-382
-497
-596
-671
-761
-850
-974
-1109
-1227
-1329
-1462
-1610
-1708
-1799
-1843
-1859
-1891
-1906
-1854
-1744
-1666
-1587
-1482
-1354
-1204
-1079
-948
-781
-599
-385
-131
132
390
696
979
1246
1548
1810
1981
2122
2277
2316
2250
2167
2040
1878
1660
1392
1114
830
571
305
32
-222
-421
-583
-731
-828
-927
-1028
-1071
-1066
-1072
-1083
-1048
-996
-932
-836
-734
-609
-451
-215
55
320
604
884
1178
1458
1706
1883
2001
2076
2067
2008
1854
1643
1421
1167
908
655
397
161
18
-109
-260
-366
-439
-504
-553
-615
-726
-866
-988
-1138
-1313
-1490
-1674
-1843
-1962
-2030
-2104
-2153
-2138
-2052
-1954
-1843
-1718
-1584
-1432
-1275
-1114
-990
-848
-678
-519
-358
-112
186
455
716
1003
1318
1640
1943
2169
2333
2469
2536
2510
2420
2283
2091
1827
1535
1227
884
561
284
19
-243
-486
-654
-754
-831
-925
-1022
-1065
-1063
-1050
-1059
-1060
-1039
-985
-931
-834
-706
-573
-411
-109
305
607
897
1231
1536
1836
2135
2220
2157
2211
2147
1871
1624
1356
967
707
503
136
-136
-194
-271
-363
-419
-499
-549
-514
-542
-726
-948
-1144
-1274
-1458
-1726
-1961
-2133
-2235
-2272
-2291
-2392
-2416
-2247
-2088
-2016
-1916
-1770
-1637
-1478
-1324
-1259
-1149
-926
-710
-513
-253
93
460
820
1187
1601
1968
2272
2582
2817
2938
2984
2954
2837
2707
2504
2168
1838
1519
1152
783
428
100
-234
-539
-778
-952
-1128
-1321
-1448
-1506
-1556
-1607
-1624
-1600
-1553
-1495
-1403
-1233
-1014
-773
-526
-111
440
781
1146
1584
1967
2283
2549
2623
2530
2613
2496
2157
1892
1615
1269
991
802
494
244
205
157
52
-104
-210
-296
-374
-480
-789
-1083
-1301
-1453
-1715
-2057
-2284
-2445
-2525
-2608
-2677
-2743
-2748
-2587
-2444
-2378
-2281
-2144
-1961
-1781
-1617
-1455
-1251
-959
-642
-312
43
483
967
1351
1760
2236
2631
2912
3170
3409
3479
3442
3361
3232
3011
2663
2288
1873
1453
1054
627
210
-171
-495
-814
-1059
-1205
-1432
-1642
-1745
-1779
-1837
-1927
-1920
-1888
-1820
-1732
-1598
-1384
-1090
-664
-289
145
661
1098
1556
2000
2335
2469
2595
2684
2553
2384
2135
1828
1535
1280
1003
697
543
436
297
167
96
39
-89
-207
-394
-631
-873
-1137
-1375
-1674
-1960
-2211
-2402
-2540
-2675
-2770
-2888
-2938
-2897
-2861
-2829
-2747
-2610
-2479
-2358
-2150
-1947
-1755
-1456
-1142
-833
-449
90
565
990
1466
1952
2441
2891
3241
3450
3647
3779
3771
3663
3499
3260
2876
2439
2060
1610
1127
716
326
-69
-443
-701
-892
-1048
-1233
-1447
-1556
-1599
-1661
-1771
-1835
-1847
-1834
-1813
-1711
-1543
-1236
-710
-342
95
652
1120
1589
2092
2404
2409
2596
2692
2440
2218
1958
1623
1339
1148
815
462
407
371
227
78
31
-13
-134
-190
-403
-676
-900
-1056
-1225
-1583
-1869
-2083
-2214
-2363
-2573
-2754
-2955
-2965
-2900
-2951
-2993
-2939
-2751
-2595
-2478
-2283
-2091
-1879
-1568
-1248
-1001
-641
-57
407
796
1284
1817
2321
2816
3241
3484
3727
3904
3919
3837
3695
3462
3075
2661
2287
1807
1316
903
526
128
-247
-488
-675
-873
-1095
-1315
-1473
-1547
-1629
-1791
-1917
-1936
-1947
-1911
-1739
-1431
-955
-652
-238
337
852
1325
1769
2118
2167
2368
2482
2277
2116
1884
1541
1242
1110
830
473
427
396
252
96
77
70
-49
-114
-355
-586
-714
-842
-1063
-1408
-1596
-1765
-1916
-2044
-2202
-2380
-2602
-2626
-2573
-2683
-2753
-2738
-2658
-2547
-2469
-2365
-2273
-2118
-1881
-1664
-1437
-1127
-590
-109
311
860
1418
1996
2614
3191
3524
3803
4145
4274
4225
4113
3935
3573
3143
2760
2242
1702
1313
946
561
190
-40
-242
-406
-538
-794
-1030
-1170
-1264
-1492
-1782
-1921
-2002
-2053
-1990
-1851
-1527
-1176
-798
-294
210
735
1188
1635
1890
2058
2199
2111
2042
1906
1616
1273
1064
852
517
355
295
174
56
20
0
-84
-75
-180
-404
-501
-580
-772
-1087
-1305
-1506
-1754
-1936
-2124
-2353
-2614
-2760
-2775
-2846
-2909
-2901
-2847
-2730
-2609
-2500
-2407
-2245
-1987
-1765
-1572
-1290
-791
-296
116
633
1196
1834
2478
3053
3475
3838
4216
4372
4358
4289
4128
3778
3327
2942
2437
1859
1440
1061
659
258
-18
-223
-360
-480
-759
-1022
-1180
-1305
-1546
-1860
-2041
-2174
-2281
-2244
-2109
-1820
-1472
-1107
-596
-54
483
933
1428
1795
1988
2132
2101
2082
1986
1718
1392
1163
961
663
458
350
234
146
83
78
35
-7
-80
-249
-309
-401
-596
-862
-1093
-1267
-1546
-1780
-1996
-2213
-2448
-2668
-2734
-2792
-2843
-2839
-2826
-2717
-2608
-2551
-2507
-2391
-2235
-2086
-1906
-1653
-1211
-730
-282
264
889
1588
2264
2904
3420
3901
4355
4539
4572
4536
4397
4054
3592
3170
2665
2110
1672
1261
803
384
116
-93
-240
-405
-690
-962
-1114
-1251
-1540
-1865
-2088
-2220
-2327
-2386
-2351
-2074
-1708
-1349
-847
-320
206
687
1209
1578
1814
2019
2014
2004
1964
1726
1380
1199
1098
806
587
526
470
387
364
397
318
306
286
94
-45
-121
-276
-599
-870
-1057
-1361
-1641
-1865
-2102
-2358
-2601
-2677
-2732
-2816
-2876
-2909
-2804
-2699
-2654
-2641
-2601
-2478
-2360
-2199
-2015
-1701
-1192
-722
-210
388
1100
1877
2601
3288
3792
4264
4632
4770
4781
4660
4413
3959
3492
3032
2444
1926
1507
1098
680
339
128
-75
-202
-421
-720
-949
-1149
-1364
-1724
-2070
-2301
-2494
-2570
-2545
-2417
-2106
-1694
-1230
-664
-35
521
966
1481
1872
2023
2097
2095
2020
1808
1536
1236
984
808
603
438
359
352
330
326
365
337
302
190
48
-78
-279
-562
-906
-1182
-1445
-1748
-2041
-2315
-2513
-2686
-2832
-2899
-2913
-2907
-2911
-2858
-2739
-2652
-2636
-2583
-2487
-2398
-2250
-2039
-1686
-1175
-675
-155
453
1241
2071
2834
3468
3999
4549
4926
5046
5027
4952
4687
4208
3689
3178
2591
2008
1531
1089
632
252
0
-161
-297
-549
-871
-1108
-1218
-1417
-1804
-2181
-2407
-2498
-2565
-2562
-2439
-2236
-1869
-1399
-880
-332
167
628
1078
1513
1711
1736
1789
1843
1732
1434
1172
1007
877
682
447
295
266
287
282
260
225
173
152
124
55
-129
-407
-657
-868
-1136
-1525
-1906
-2195
-2416
-2637
-2871
-3025
-3065
-3041
-3026
-2981
-2869
-2717
-2644
-2611
-2499
-2370
-2224
-1989
-1572
-1096
-706
-205
450
1247
2062
2785
3402
3966
4609
4990
5106
5137
5119
4912
4444
3937
3414
2825
2261
1737
1241
743
331
70
-123
-281
-572
-892
-1042
-1103
-1300
-1712
-2022
-2155
-2253
-2390
-2414
-2277
-2131
-1807
-1394
-973
-509
-9
456
826
1280
1519
1487
1565
1686
1534
1221
1053
912
680
509
340
161
144
205
183
173
272
297
247
257
276
176
-105
-327
-498
-814
-1227
-1632
-1949
-2283
-2578
-2792
-3003
-3103
-3112
-3097
-3064
-2948
-2753
-2708
-2707
-2551
-2405
-2305
-2111
-1669
-1259
-916
-400
227
1007
1801
2579
3191
3803
4536
4908
5043
5174
5214
4969
4511
4102
3574
2938
2387
1828
1294
781
373
73
-146
-295
-604
-926
-1067
-1112
-1341
-1710
-1937
-2089
-2206
-2334
-2327
-2238
-2110
-1793
-1480
-1053
-570
-90
307
715
1203
1362
1399
1544
1598
1416
1167
1001
813
610
433
187
34
34
69
47
74
182
223
254
311
349
237
6
-156
-333
-668
-1072
-1472
-1838
-2191
-2485
-2762
-2981
-3035
-3029
-3022
-2978
-2825
-2678
-2633
-2588
-2467
-2343
-2263
-2068
-1674
-1334
-993
-499
128
901
1705
2468
3065
3749
4470
4863
5050
5227
5273
5004
4572
4166
3642
3025
2466
1921
1387
886
509
219
3
-185
-480
-758
-888
-952
-1201
-1553
-1783
-1895
-2070
-2221
-2153
-2157
-2051
-1775
-1478
-1121
-678
-248
35
501
946
1000
1068
1246
1244
1063
903
758
513
401
280
20
-104
-5
37
-8
121
227
228
300
441
477
306
112
-36
-259
-591
-1018
-1432
-1807
-2163
-2433
-2730
-2949
-3025
-3037
-3029
-3048
-2960
-2855
-2864
-2838
-2751
-2678
-2620
-2365
-1944
-1627
-1197
-650
48
861
1702
2461
3078
3850
4504
4814
5012
5214
5231
4902
4531
4137
3577
3077
2591
2063
1515
1116
836
560
411
183
-156
-395
-483
-575
-900
-1229
-1384
-1533
-1641
-1847
-1984
-1915
-1738
-1536
-1367
-1023
-697
-372
42
374
600
703
830
944
894
744
469
330
232
59
-168
-338
-285
-216
-146
-101
-26
184
373
491
538
538
473
284
84
-193
-614
-1066
-1486
-1799
-2151
-2505
-2749
-2867
-2860
-2881
-2893
-2833
-2697
-2597
-2595
-2603
-2512
-2421
-2289
-2048
-1770
-1432
-1002
-397
294
1056
1816
2510
3227
3971
4490
4768
4987
5149
5084
4750
4326
3877
3374
2875
2351
1786
1311
976
688
446
283
93
-174
-291
-336
-519
-783
-967
-1058
-1213
-1385
-1572
-1675
-1616
-1486
-1378
-1236
-954
-656
-346
-7
291
467
598
715
752
662
461
217
30
-123
-356
-624
-775
-756
-702
-633
-537
-344
-83
134
291
406
472
411
267
51
-265
-701
-1119
-1483
-1873
-2250
-2544
-2723
-2815
-2789
-2732
-2697
-2591
-2415
-2302
-2268
-2156
-2009
-1869
-1647
-1415
-1158
-819
-357
221
820
1452
2040
2682
3357
3853
4217
4504
4715
4745
4571
4276
3879
3457
3028
2526
1957
1428
1028
718
463
234
-1
-237
-360
-352
-434
-613
-715
-801
-896
-1018
-1082
-1103
-1191
-1096
-1020
-908
-711
-513
-307
-119
170
318
349
473
508
396
243
65
-150
-380
-536
-782
-1008
-1073
-1071
-1035
-937
-748
-600
-402
-125
126
250
242
201
116
-65
-359
-768
-1129
-1501
-1899
-2170
-2416
-2544
-2635
-2638
-2553
-2489
-2304
-2186
-2064
-1858
-1743
-1550
-1268
-991
-759
-521
-117
345
841
1384
1829
2349
2927
3415
3745
4004
4277
4332
4212
3998
3706
3309
2834
2354
1818
1316
858
477
233
6
-225
-449
-522
-486
-497
-555
-575
-468
-447
-496
-503
-526
-494
-475
-457
-448
-357
-223
-189
-63
107
191
226
267
296
179
31
-100
-263
-460
-733
-999
-1183
-1270
-1370
-1464
-1428
-1278
-1062
-828
-625
-365
-93
64
114
103
28
-226
-541
-845
-1193
-1603
-1967
-2199
-2359
-2458
-2503
-2480
-2308
-2097
-1955
-1798
-1520
-1249
-1033
-701
-439
-271
-39
323
709
1056
1436
1770
2139
2619
3030
3312
3524
3747
3884
3819
3659
3427
3156
2797
2314
1804
1328
909
514
200
-46
-317
-537
-559
-471
-496
-546
-479
-344
-228
-121
-88
-134
-75
32
69
94
127
162
201
284
327
290
280
297
238
110
-75
-302
-477
-616
-898
-1273
-1527
-1628
-1726
-1868
-1940
-1937
-1808
-1540
-1263
-1065
-874
-649
-429
-276
-272
-428
-646
-827
-1049
-1324
-1611
-1888
-2042
-2092
-2099
-2106
-2008
-1815
-1673
-1508
-1263
-1054
-804
-422
-168
4
219
556
907
1252
1585
1800
2118
2509
2826
3060
3258
3422
3459
3405
3319
3105
2819
2505
2096
1634
1202
829
459
176
-60
-338
-568
-571
-487
-505
-521
-422
-254
-107
19
71
129
217
337
384
432
466
491
549
598
631
563
489
466
415
245
-24
-246
-406
-644
-956
-1311
-1587
-1751
-1890
-2052
-2191
-2179
-2061
-1892
-1664
-1402
-1174
-961
-706
-526
-471
-530
-648
-759
-925
-1191
-1474
-1678
-1796
-1876
-1924
-1922
-1811
-1662
-1509
-1372
-1144
-901
-650
-292
-55
108
313
632
1001
1297
1607
1833
2075
2465
2742
2921
3089
3243
3317
3249
3116
2922
2684
2407
1996
1536
1119
749
412
115
-137
-417
-632
-659
-554
-574
-645
-529
-378
-230
-73
71
131
219
446
564
613
741
859
891
950
1044
993
853
821
736
521
271
7
-282
-547
-788
-1151
-1502
-1670
-1817
-2037
-2190
-2222
-2195
-2096
-1883
-1667
-1522
-1357
-1094
-858
-785
-790
-886
-1008
-1140
-1296
-1534
-1790
-1921
-1983
-2016
-2018
-1950
-1781
-1617
-1447
-1254
-1037
-784
-476
-82
136
325
605
972
1357
1686
1960
2183
2547
2904
3098
3221
3379
3483
3441
3294
3097
2813
2539
2210
1767
1286
851
540
233
-29
-310
-605
-745
-715
-678
-757
-814
-687
-519
-398
-243
-178
-74
171
374
485
623
862
997
1092
1254
1268
1203
1177
1150
987
722
436
169
-78
-379
-759
-1157
-1412
-1561
-1761
-1968
-2135
-2163
-2079
-1967
-1812
-1670
-1528
-1363
-1181
-1022
-1014
-1068
-1146
-1262
-1374
-1578
-1800
-1960
-2019
-2041
-2083
-2017
-1857
-1686
-1531
-1372
-1227
-1032
-779
-506
-215
-45
161
426
785
1222
1581
1896
2185
2636
3088
3267
3416
3603
3723
3654
3437
3190
2846
2506
2136
1662
1141
689
371
88
-169
-431
-678
-827
-835
-775
-839
-967
-927
-743
-613
-572
-505
-383
-159
110
291
481
732
961
1141
1319
1416
1394
1360
1349
1210
938
589
262
-5
-311
-683
-1084
-1374
-1515
-1659
-1838
-1985
-1998
-1886
-1782
-1697
-1585
-1448
-1343
-1223
-1128
-1150
-1245
-1389
-1485
-1587
-1764
-1963
-2117
-2123
-2094
-2069
-1984
-1840
-1630
-1476
-1349
-1208
-1040
-813
-600
-326
-128
115
426
788
1269
1725
2145
2489
2963
3448
3666
3814
4006
4107
3989
3703
3379
2984
2601
2192
1655
1110
660
359
52
-212
-401
-612
-763
-774
-711
-772
-914
-901
-759
-713
-730
-666
-586
-402
-125
63
222
539
897
1077
1249
1449
1480
1447
1486
1339
1001
700
424
63
-292
-632
-1077
-1434
-1525
-1613
-1820
-1932
-1868
-1741
-1653
-1562
-1459
-1318
-1189
-1136
-1142
-1226
-1341
-1512
-1691
-1859
-2048
-2254
-2384
-2412
-2375
-2327
-2232
-2055
-1815
-1611
-1485
-1351
-1146
-918
-725
-449
-232
17
369
749
1209
1710
2232
2630
3077
3615
3909
4059
4244
4339
4221
3903
3516
3085
2654
2198
1613
1018
577
268
-39
-299
-474
-649
-773
-765
-712
-755
-870
-916
-887
-848
-901
-941
-894
-747
-515
-351
-165
162
573
863
1074
1352
1530
1559
1602
1530
1264
940
630
286
-134
-535
-983
-1374
-1540
-1627
-1762
-1857
-1785
-1607
-1467
-1351
-1220
-1053
-955
-966
-998
-1119
-1262
-1473
-1708
-1902
-2098
-2266
-2415
-2452
-2381
-2295
-2178
-1971
-1700
-1512
-1399
-1280
-1145
-995
-883
-715
-475
-259
51
379
838
1413
2013
2585
3045
3633
4128
4362
4544
4669
4631
4320
3877
3456
2968
2448
1859
1262
782
416
120
-157
-333
-431
-536
-574
-528
-503
-632
-823
-914
-951
-994
-1083
-1184
-1127
-923
-705
-503
-190
222
579
890
1197
1430
1525
1519
1460
1287
951
530
130
-237
-630
-1056
-1481
-1712
-1740
-1745
-1777
-1767
-1591
-1336
-1145
-1007
-926
-846
-815
-862
-958
-1133
-1349
-1608
-1810
-1922
-2060
-2235
-2313
-2208
-2076
-1976
-1851
-1641
-1470
-1332
-1253
-1295
-1287
-1195
-1130
-1007
-790
-534
-238
181
851
1538
2173
2757
3366
3988
4399
4642
4770
4779
4614
4227
3737
3241
2729
2207
1652
1146
741
460
268
114
47
-2
-58
-103
-109
-195
-433
-697
-844
-902
-1089
-1328
-1449
-1333
-1111
-919
-670
-326
72
477
796
1049
1255
1339
1317
1206
969
559
128
-205
-585
-1016
-1409
-1680
-1744
-1659
-1603
-1626
-1502
-1158
-833
-685
-636
-578
-513
-530
-659
-878
-1131
-1378
-1591
-1754
-1898
-2056
-2170
-2110
-1958
-1854
-1771
-1641
-1441
-1313
-1297
-1401
-1528
-1498
-1451
-1442
-1333
-1117
-793
-364
242
935
1616
2352
3023
3659
4237
4594
4739
4786
4755
4467
3948
3432
2948
2445
1931
1446
1024
722
587
481
398
382
365
278
162
83
-143
-495
-833
-1122
-1349
-1594
-1835
-1943
-1812
-1574
-1345
-970
-483
-21
436
821
1107
1317
1389
1312
1115
838
379
-138
-515
-880
-1293
-1631
-1780
-1767
-1623
-1420
-1286
-1082
-704
-356
-227
-220
-179
-195
-320
-508
-788
-1090
-1369
-1574
-1715
-1863
-1971
-2023
-1913
-1725
-1599
-1548
-1436
-1326
-1302
-1372
-1592
-1810
-1893
-1890
-1957
-1856
-1562
-1194
-676
22
820
1596
2446
3242
3910
4488
4834
4946
4982
4895
4542
3981
3440
2963
2470
2022
1555
1159
942
877
820
732
721
705
560
386
199
-130
-589
-1033
-1362
-1620
-1896
-2179
-2184
-1964
-1704
-1419
-1013
-493
1
517
871
1061
1261
1311
1156
912
569
73
-413
-726
-1034
-1388
-1578
-1609
-1494
-1204
-911
-744
-507
-101
219
240
167
177
112
-110
-406
-712
-1051
-1337
-1508
-1644
-1771
-1831
-1844
-1762
-1604
-1507
-1459
-1426
-1383
-1427
-1625
-1901
-2146
-2287
-2345
-2423
-2319
-1966
-1484
-840
-153
669
1567
2511
3348
3986
4585
4965
5030
4969
4893
4598
4036
3453
2965
2490
2055
1677
1366
1133
1066
1055
967
948
882
668
336
20
-324
-845
-1399
-1883
-2268
-2459
-2630
-2744
-2584
-2216
-1791
-1383
-779
-185
300
710
966
1161
1187
1042
771
447
53
-436
-784
-980
-1146
-1252
-1271
-1091
-752
-369
-62
124
372
636
762
664
460
293
46
-293
-638
-945
-1196
-1427
-1576
-1623
-1640
-1632
-1592
-1455
-1339
-1364
-1435
-1511
-1615
-1793
-2086
-2426
-2680
-2725
-2679
-2609
-2249
-1699
-1064
-343
516
1492
2375
3226
3945
4497
4872
4990
4956
4820
4586
4192
3617
3083
2680
2359
2022
1677
1501
1427
1356
1248
1112
955
677
296
-121
-573
-1120
-1751
-2290
-2674
-2930
-3073
-3147
-3013
-2644
-2198
-1749
-1208
-570
-27
366
667
838
893
821
605
303
-6
-332
-671
-845
-867
-888
-887
-686
-301
90
380
583
773
973
1103
1025
783
511
244
-87
-445
-746
-1010
-1254
-1426
-1497
-1500
-1500
-1513
-1497
-1454
-1492
-1657
-1800
-1950
-2192
-2505
-2838
-3078
-3209
-3142
-3019
-2746
-2139
-1453
-712
106
1087
2072
2931
3711
4296
4722
4972
4995
4906
4751
4450
3982
3468
3092
2752
2413
2095
1836
1665
1521
1394
1190
973
697
270
-227
-719
-1212
-1808
-2421
-2881
-3251
-3489
-3513
-3400
-3098
-2701
-2238
-1697
-1067
-424
25
373
659
844
907
779
572
341
119
-121
-320
-366
-329
-219
-46
207
563
913
1185
1368
1465
1497
1400
1214
969
648
253
-147
-448
-691
-950
-1182
-1315
-1384
-1432
-1460
-1497
-1586
-1647
-1752
-1947
-2164
-2375
-2584
-2852
-3064
-3221
-3306
-3177
-2913
-2461
-1802
-1100
-320
521
1512
2470
3222
3885
4399
4819
5041
5034
4930
4723
4412
4011
3557
3165
2786
2438
2100
1779
1502
1261
1043
759
430
30
-434
-952
-1429
-1898
-2471
-3027
-3409
-3622
-3696
-3649
-3498
-3233
-2807
-2272
-1756
-1180
-638
-219
141
454
652
658
619
572
458
336
218
140
167
314
498
624
844
1193
1475
1629
1682
1662
1588
1472
1266
902
491
129
-191
-464
-729
-1007
-1251
-1387
-1429
-1492
-1597
-1711
-1824
-1923
-2092
-2301
-2526
-2744
-2929
-3104
-3259
-3379
-3340
-3121
-2802
-2338
-1665
-896
-122
729
1650
2504
3254
3934
4447
4793
5041
5098
4968
4771
4537
4188
3777
3377
2968
2584
2268
1932
1581
1275
976
605
193
-200
-680
-1235
-1771
-2249
-2737
-3218
-3584
-3817
-3943
-3930
-3747
-3467
-3095
-2629
-2118
-1588
-1042
-503
-72
274
619
855
951
999
1034
1057
1055
1065
1090
1157
1346
1519
1597
1725
1901
2023
2022
1947
1823
1601
1359
1093
729
329
-54
-386
-683
-975
-1244
-1514
-1707
-1817
-1949
-2134
-2317
-2467
-2595
-2757
-2956
-3140
-3262
-3314
-3360
-3396
-3323
-3122
-2752
-2277
-1759
-1062
-309
436
1208
2006
2763
3365
3957
4438
4723
4902
4931
4835
4693
4491
4151
3700
3265
2870
2460
2055
1619
1166
738
321
-131
-577
-988
-1410
-1917
-2400
-2780
-3143
-3479
-3705
-3817
-3893
-3886
-3678
-3342
-2978
-2535
-2059
-1553
-965
-348
162
562
1011
1387
1609
1808
1970
2033
2064
2095
2093
2101
2180
2198
2088
2053
2104
2071
1951
1840
1681
1434
1172
899
522
105
-291
-670
-1016
-1347
-1678
-2006
-2270
-2441
-2591
-2761
-2907
-2999
-3044
-3097
-3141
-3141
-3105
-3025
-2917
-2790
-2613
-2351
-1991
-1599
-1174
-586
91
699
1324
2004
2677
3285
3870
4380
4657
4876
5017
4935
4742
4518
4185
3697
3180
2695
2158
1658
1201
705
239
-164
-549
-919
-1228
-1556
-1977
-2419
-2754
-3036
-3335
-3627
-3878
-4039
-4100
-4007
-3738
-3380
-2980
-2430
-1812
-1104
-350
368
968
1497
2053
2441
2665
2840
2907
2869
2788
2644
2484
2352
2281
2129
1971
1942
1951
1913
1817
1692
1500
1222
912
578
147
-365
-880
-1343
-1760
-2143
-2480
-2792
-3018
-3118
-3144
-3150
-3113
-3008
-2903
-2802
-2690
-2556
-2424
-2309
-2195
-2083
-1917
-1715
-1489
-1211
-845
-377
203
807
1405
2011
2635
3277
3824
4238
4473
4598
4653
4516
4195
3838
3425
2931
2389
1862
1321
824
462
94
-293
-628
-931
-1249
-1538
-1817
-2203
-2655
-3046
-3363
-3671
-3984
-4203
-4286
-4211
-3987
-3631
-3093
-2429
-1690
-925
-133
702
1466
2092
2587
2983
3290
3430
3452
3386
3214
2999
2788
2608
2449
2366
2320
2222
2153
2157
2106
1955
1744
1473
1100
640
159
-353
-915
-1502
-2024
-2404
-2671
-2891
-3057
-3113
-3036
-2880
-2689
-2517
-2359
-2204
-2064
-1936
-1872
-1830
-1759
-1705
-1670
-1618
-1489
-1320
-1129
-796
-388
48
609
1194
1698
2162
2617
3015
3312
3562
3615
3487
3383
3216
2876
2492
2169
1804
1377
1009
692
351
73
-217
-594
-977
-1284
-1608
-2025
-2450
-2861
-3263
-3615
-3815
-3917
-3958
-3877
-3628
-3250
-2783
-2218
-1479
-701
-15
681
1328
1921
2427
2886
3127
3215
3405
3444
3303
3212
3134
2937
2780
2771
2640
2457
2475
2380
2138
1990
1856
1501
1078
735
251
-324
-819
-1275
-1777
-2226
-2556
-2736
-2820
-2860
-2840
-2748
-2591
-2373
-2140
-1980
-1873
-1769
-1673
-1638
-1623
-1586
-1550
-1500
-1433
-1322
-1145
-944
-713
-477
-202
130
494
891
1256
1531
1734
1942
2218
2424
2485
2450
2391
2372
2270
2067
1840
1607
1355
1016
647
287
-88
-430
-837
-1314
-1753
-2114
-2438
-2758
-2995
-3170
-3296
-3294
-3138
-2896
-2651
-2335
-1897
-1396
-918
-479
-14
534
1096
1500
1818
2173
2523
2807
3047
3203
3295
3434
3516
3452
3384
3346
3205
3028
2871
2604
2249
1985
1696
1277
877
488
0
-458
-774
-1156
-1598
-1909
-2079
-2266
-2449
-2506
-2475
-2414
-2348
-2295
-2195
-2035
-1877
-1752
-1681
-1606
-1503
-1377
-1266
-1192
-1118
-1004
-868
-728
-600
-484
-375
-290
-212
-148
-54
26
125
315
462
530
630
860
1064
1152
1230
1275
1307
1292
1176
983
763
571
303
-45
-417
-781
-1059
-1327
-1622
-1874
-2006
-2037
-2027
-1953
-1821
-1673
-1468
-1189
-840
-530
-262
12
291
578
820
1002
1243
1616
1873
2017
2251
2583
2828
3041
3216
3250
3327
3463
3397
3164
2977
2756
2448
2160
1797
1288
896
599
191
-207
-483
-814
-1143
-1277
-1379
-1623
-1782
-1784
-1794
-1870
-1893
-1836
-1769
-1673
-1603
-1570
-1530
-1413
-1256
-1173
-1138
-1079
-993
-889
-810
-734
-680
-612
-520
-507
-489
-455
-457
-511
-599
-661
-730
-782
-751
-675
-645
-641
-523
-297
-107
52
214
323
431
577
614
501
422
397
276
53
-140
-299
-390
-423
-514
-613
-573
-460
-363
-244
-107
1
112
295
465
561
642
729
824
917
978
1023
1132
1341
1576
1741
1881
2091
2366
2587
2689
2720
2725
2709
2609
2376
2038
1681
1320
923
521
145
-197
-480
-686
-835
-957
-1025
-1026
-981
-927
-921
-949
-952
-948
-970
-1050
-1165
-1224
-1230
-1249
-1300
-1317
-1257
-1145
-1014
-914
-824
-702
-566
-468
-424
-440
-508
-597
-699
-867
-1087
-1306
-1529
-1738
-1922
-2090
-2205
-2222
-2166
-2029
-1811
-1597
-1341
-1013
-641
-314
-9
289
543
772
941
989
1007
1095
1151
1088
1016
986
979
1017
1022
990
1013
1107
1156
1146
1129
1107
1050
988
942
873
775
699
693
713
715
727
777
915
1189
1382
1415
1490
1680
1791
1752
1696
1538
1384
1289
1065
738
540
402
183
28
-40
-184
-241
-116
-98
-173
-154
-120
-171
-174
-223
-450
-649
-656
-691
-857
-1019
-1058
-1014
-956
-936
-936
-891
-785
-669
-637
-708
-797
-838
-952
-1138
-1347
-1563
-1787
-1983
-2143
-2339
-2500
-2557
-2579
-2594
-2587
-2542
-2460
-2327
-2098
-1870
-1608
-1292
-937
-564
-203
186
582
967
1319
1609
1843
2035
2188
2315
2398
2400
2337
2272
2207
2085
1942
1802
1619
1419
1257
1109
926
758
628
518
385
293
243
217
215
213
215
176
182
252
342
424
484
506
563
647
705
729
729
721
721
740
719
647
605
590
576
559
526
482
473
490
462
384
345
300
222
116
-16
-203
-357
-471
-609
-800
-979
-1082
-1147
-1209
-1277
-1347
-1409
-1404
-1413
-1448
-1531
-1614
-1698
-1773
-1864
-1986
-2108
-2173
-2211
-2246
-2283
-2246
-2150
-2047
-1908
-1727
-1548
-1358
-1114
-881
-669
-446
-175
147
457
737
1008
1294
1589
1851
2075
2246
2365
2471
2494
2452
2395
2318
2190
1995
1769
1523
1314
1123
860
572
328
109
-104
-258
-374
-480
-513
-498
-432
-335
-198
-72
66
191
269
321
386
454
563
617
557
544
623
717
768
811
823
900
1078
1160
1146
1220
1298
1262
1242
1195
986
766
666
382
-5
-288
-568
-907
-1149
-1335
-1605
-1789
-1788
-1779
-1793
-1757
-1679
-1547
-1410
-1296
-1269
-1232
-1161
-1140
-1207
-1317
-1432
-1491
-1546
-1594
-1628
-1625
-1551
-1403
-1214
-1039
-834
-593
-361
-163
13
115
165
184
208
152
72
19
13
77
147
230
378
596
829
1029
1232
1400
1519
1598
1573
1448
1292
1126
924
654
397
170
34
-26
-83
-114
-57
63
224
430
632
781
916
1095
1210
1267
1246
1163
1043
911
770
603
443
333
338
337
298
333
474
618
711
795
828
827
842
783
555
311
98
-170
-456
-707
-984
-1242
-1371
-1432
-1505
-1498
-1401
-1272
-1069
-829
-635
-473
-267
-70
41
63
78
57
33
-33
-134
-243
-322
-368
-425
-484
-509
-485
-457
-431
-413
-390
-373
-339
-330
-400
-488
-574
-671
-811
-949
-1100
-1263
-1417
-1519
-1608
-1668
-1672
-1609
-1511
-1355
-1164
-911
-649
-375
-88
195
472
699
908
1063
1166
1243
1310
1375
1424
1468
1518
1583
1652
1701
1773
1850
1870
1855
1827
1750
1636
1504
1327
1111
919
685
442
197
-44
-271
-455
-624
-807
-968
-1082
-1169
-1206
-1182
-1197
-1181
-1109
-996
-914
-808
-674
-562
-402
-272
-191
-64
122
279
416
568
701
815
1006
1154
1240
1331
1452
1532
1562
1577
1533
1461
1394
1295
1121
926
750
571
346
96
-174
-434
-677
-906
-1147
-1425
-1661
-1859
-2034
-2197
-2323
-2413
-2464
-2479
-2464
-2439
-2375
-2253
-2101
-1950
-1800
-1610
-1406
-1184
-960
-736
-517
-296
-58
179
378
606
842
1062
1274
1494
1675
1809
1942
2054
2104
2146
2135
2049
1950
1848
1683
1443
1240
1033
773
496
228
-49
-287
-477
-681
-887
-1030
-1107
-1175
-1221
-1262
-1238
-1198
-1140
-1095
-1037
-961
-875
-768
-645
-495
-321
-120
81
297
544
838
1112
1384
1640
1862
2073
2255
2400
2491
2521
2484
2408
2322
2190
2010
1832
1623
1374
1137
921
697
450
193
-101
-403
-657
-908
-1203
-1508
-1784
-2031
-2264
-2474
-2676
-2884
-3039
-3134
-3147
-3142
-3081
-2949
-2780
-2540
-2252
-1915
-1560
-1201
-807
-444
-87
223
518
779
990
1168
1307
1408
1479
1542
1550
1544
1512
1479
1399
1295
1154
951
729
496
240
-56
-335
-607
-871
-1098
-1277
-1451
-1582
-1613
-1603
-1614
-1568
-1453
-1336
-1207
-1025
-816
-596
-342
-117
106
342
611
829
1041
1241
1425
1602
1770
1905
2017
2137
2229
2268
2304
2347
2335
2295
2229
2146
2077
2036
1969
1844
1727
1621
1497
1352
1171
956
748
528
248
-33
-273
-518
-772
-994
-1213
-1424
-1533
-1592
-1738
-1873
-1906
-1904
-1912
-1884
-1895
-1932
-1902
-1780
-1691
-1629
-1510
-1343
-1129
-898
-650
-425
-160
138
410
612
772
928
1040
1113
1124
1068
982
896
784
621
442
282
132
-23
-186
-355
-519
-665
-807
-937
-1113
-1316
-1489
-1648
-1816
-1996
-2132
-2278
-2383
-2428
-2435
-2410
-2313
-2146
-1963
-1686
-1344
-986
-644
-262
124
508
895
1242
1550
1848
2122
2325
2521
2699
2849
2959
3045
3067
3091
3107
3083
2984
2858
2719
2526
2310
2058
1778
1473
1175
872
554
270
26
-206
-387
-580
-761
-925
-1018
-1124
-1234
-1305
-1384
-1443
-1466
-1465
-1492
-1471
-1402
-1310
-1176
-1000
-816
-613
-353
-97
142
412
670
845
974
1092
1151
1166
1149
1061
924
774
653
505
346
181
39
-81
-197
-302
-408
-529
-642
-771
-905
-1051
-1213
-1352
-1504
-1641
-1769
-1845
-1875
-1880
-1865
-1825
-1749
-1607
-1439
-1272
-1128
-984
-830
-676
-518
-403
-327
-247
-161
-118
-105
-77
-79
-82
-71
-66
-78
-41
32
82
120
225
372
534
700
845
1020
1232
1462
1642
1790
1938
2057
2148
2187
2175
2089
1983
1837
1632
1384
1142
888
606
346
95
-118
-327
-491
-614
-716
-772
-787
-739
-682
-612
-515
-427
-343
-271
-189
-129
-67
6
69
147
235
332
445
597
731
852
1005
1122
1168
1200
1227
1181
1076
942
751
508
262
13
-276
-548
-783
-999
-1171
-1301
-1379
-1424
-1431
-1406
-1387
-1335
-1278
-1243
-1198
-1160
-1136
-1141
-1136
-1123
-1123
-1109
-1079
-1019
-944
-849
-728
-602
-464
-315
-168
-35
67
145
177
171
132
73
6
-102
-199
-278
-336
-365
-376
-366
-321
-234
-132
-36
74
171
248
319
371
382
381
381
375
342
350
357
369
421
508
599
704
836
935
1027
1109
1175
1192
1210
1195
1133
1050
953
861
757
688
620
544
514
517
539
577
636
693
724
771
800
814
808
786
729
656
591
505
422
339
274
211
164
129
86
39
12
-28
-81
-158
-231
-337
-432
-533
-663
-804
-929
-1015
-1123
-1219
-1308
-1346
-1380
-1396
-1403
-1416
-1395
-1367
-1328
-1294
-1235
-1156
-1073
-979
-867
-761
-655
-538
-426
-354
-299
-257
-237
-219
-228
-278
-350
-405
-455
-502
-562
-612
-637
-637
-602
-556
-496
-425
-342
-252
-154
-80
-16
35
90
129
138
152
157
159
185
228
268
358
477
593
701
850
991
1119
1249
1340
1384
1410
1430
1396
1334
1262
1172
1070
992
925
861
823
811
833
872
949
1031
1111
1203
1274
1327
1353
1357
1338
1263
1157
1032
903
770
611
447
277
125
-12
-136
-243
-381
-488
-594
-689
-810
-923
-1019
-1126
-1196
-1283
-1321
-1350
-1334
-1310
-1274
-1214
-1135
-1040
-942
-855
-778
-723
-646
-620
-604
-624
-641
-670
-716
-738
-794
-829
-863
-864
-873
-891
-898
-905
-898
-924
-943
-965
-994
-1016
-1050
-1081
-1084
-1057
-1013
-952
-854
-730
-582
-380
-170
39
236
462
658
858
1041
1177
1273
1342
1388
1365
1326
1247
1152
1025
907
771
630
524
431
344
271
243
229
248
283
324
357
429
491
566
641
722
812
902
982
1049
1115
1177
1230
1258
1269
1251
1231
1198
1150
1076
995
904
827
741
649
555
465
370
277
181
89
-10
-112
-208
-304
-389
-495
-581
-670
-740
-813
-867
-896
-899
-889
-868
-841
-807
-784
-761
-731
-730
-726
-762
-810
-882
-962
-1032
-1118
-1192
-1258
-1307
-1329
-1318
-1282
-1211
-1116
-1022
-918
-807
-701
-602
-512
-429
-376
-338
-311
-289
-272
-257
-248
-224
-175
-103
-30
56
165
275
378
471
563
635
694
731
732
718
699
653
580
510
458
418
425
431
459
509
585
659
732
797
832
860
865
850
797
725
641
558
484
423
355
321
309
326
366
403
446
482
528
554
566
576
561
515
456
370
283
204
133
50
-27
-80
-124
-140
-150
-141
-154
-142
-135
-147
-157
-191
-236
-315
-380
-458
-532
-593
-637
-670
-687
-670
-646
-611
-563
-508
-476
-427
-378
-348
-341
-346
-363
-394
-417
-450
-499
-530
-545
-580
-601
-617
-625
-653
-650
-646
-643
-622
-590
-563
-541
-505
-488
-451
-421
-366
-327
-273
-208
-127
-29
67
178
288
394
492
585
677
752
829
872
909
926
934
945
924
894
857
811
748
664
583
490
405
323
238
154
83
32
-2
-22
-17
-6
24
62
84
126
162
214
248
282
283
282
291
293
279
247
225
207
206
213
232
250
288
328
369
398
420
427
403
368
307
234
159
73
-31
-133
-230
-305
-361
-398
-440
-463
-477
-483
-480
-491
-503
-537
-568
-606
-649
-697
-757
-814
-863
-893
-914
-909
-895
-857
-807
-738
-657
-579
-483
-404
-308
-247
-170
-131
-90
-64
-34
-3
33
64
90
142
202
272
327
396
443
487
534
575
597
607
604
571
537
502
455
404
354
292
227
168
115
47
-3
-51
-88
-122
-140
-161
-174
-182
-199
-210
-213
-206
-208
-191
-164
-123
-61
26
122
221
342
478
603
718
833
938
1023
1083
1120
1120
1112
1085
1041
980
895
812
707
607
488
377
253
123
5
-118
-224
-341
-438
-543
-645
-731
-805
-875
-935
-970
-1007
-1019
-1007
-991
-972
-944
-913
-884
-818
-751
-693
-640
-577
-518
-462
-389
-334
-274
-202
-128
-77
-29
9
47
85
116
138
147
173
190
221
255
285
317
332
345
340
340
339
325
294
242
194
120
64
-17
-91
-180
-261
-320
-368
-402
-443
-463
-478
-453
-431
-375
-326
-272
-206
-131
-66
-19
38
97
153
211
277
359
437
520
606
698
783
853
929
972
1005
1021
1038
1021
977
920
850
778
701
620
522
435
342
238
154
62
-19
-103
-185
-266
-352
-404
-465
-501
-557
-593
-624
-644
-640
-642
-618
-599
-559
-502
-454
-400
-360
-317
-279
-249
-210
-192
-173
-175
-170
-159
-143
-120
-103
-91
-71
-44
-9
15
34
33
26
24
13
1
-36
-67
-113
-156
-203
-258
-313
-370
-425
-477
-510
-530
-552
-537
-530
-513
-498
-470
-434
-411
-367
-333
-287
-247
-197
-156
-102
-37
37
125
199
269
343
423
505
574
641
680
713
734
758
783
782
767
734
698
643
593
546
490
419
341
271
198
139
81
31
-11
-54
-99
-138
-156
-188
-202
-212
-220
-210
-180
-132
-88
-25
48
128
204
287
362
440
499
537
555
561
544
512
470
414
347
295
223
158
80
23
-30
-84
-116
-149
-165
-193
-211
-235
-258
-268
-291
-333
-371
-424
-480
-547
-596
-649
-683
-700
-705
-694
-671
-626
-569
-528
-480
-419
-379
-363
-358
-342
-352
-365
-382
-396
-412
-413
-390
-375
-329
-260
-185
-97
-13
90
181
277
345
393
444
462
479
474
463
430
383
329
275
225
176
142
99
54
7
-44
-85
-123
-154
-181
-203
-242
-265
-290
-294
-282
-270
-222
-171
-98
-31
61
169
289
418
537
647
743
831
910
960
999
1020
1027
1010
982
938
888
833
766
699
622
550
461
383
299
216
128
37
-48
-137
-217
-302
-388
-470
-552
-629
-689
-750
-805
-845
-879
-889
-876
-838
-799
-737
-663
-586
-506
-426
-333
-266
-200
-138
-75
-25
24
55
74
100
128
151
169
177
182
192
215
226
224
219
199
176
128
89
23
-38
-105
-170
-252
-323
-392
-455
-499
-536
-559
-575
-578
-567
-555
-527
-498
-458
-430
-383
-344
-314
-285
-233
-174
-116
-45
28
109
214
319
421
536
639
740
815
895
964
1017
1042
1056
1045
1029
999
942
862
784
705
616
520
424
333
243
158
87
23
-39
-105
-171
-229
-288
-350
-408
-469
-527
-589
-626
-673
-705
-736
-749
-759
-747
-731
-703
-658
-614
-541
-472
-399
-313
-240
-171
-114
-57
-20
14
47
69
91
89
91
81
80
77
74
71
66
72
72
64
60
50
40
16
-23
-66
-111
-172
-231
-300
-349
-389
-407
-419
-418
-394
-356
-308
-240
-172
-102
-48
1
49
80
121
144
158
167
189
216
258
310
376
440
546
636
725
802
879
960
1012
1059
1071
1052
1023
977
911
836
744
641
534
432
346
256
182
118
72
22
-18
-52
-86
-116
-154
-197
-243
-293
-343
-408
-461
-495
-515
-511
-514
-491
-469
-422
-371
-311
-245
-192
-145
-110
-76
-67
-61
-78
-110
-155
-218
-293
-376
-454
-537
-611
-687
-742
-791
-823
-837
-831
-819
-783
-750
-695
-652
-600
-542
-475
-416
-364
-307
-257
-218
-183
-151
-112
-53
-13
46
94
164
229
305
368
429
473
513
554
586
600
598
593
571
538
494
453
411
372
341
325
315
312
319
344
367
400
428
441
455
471
477
462
441
418
392
375
353
324
305
310
317
329
330
333
346
357
372
381
383
368
347
311
275
230
190
147
103
58
13
-16
-42
-55
-71
-90
-107
-123
-162
-212
-275
-329
-391
-462
-542
-625
-708
-775
-818
-861
-895
-915
-911
-892
-859
-823
-776
-725
-662
-610
-573
-545
-515
-501
-501
-493
-480
-462
-448
-422
-396
-349
-285
-204
-126
-54
38
118
207
265
320
351
365
363
350
338
300
268
227
184
144
114
96
83
77
78
72
72
68
82
81
86
87
102
103
104
112
113
128
149
187
212
248
287
339
384
419
453
476
500
514
518
514
516
502
487
462
439
398
360
327
294
265
240
206
173
139
90
35
-26
-80
-142
-203
-270
-313
-356
-384
-412
-435
-442
-435
-420
-401
-381
-354
-324
-298
-266
-238
-205
-178
-163
-134
-110
-72
-23
27
75
114
154
188
232
267
299
316
324
322
312
278
245
202
153
96
52
7
-42
-80
-126
-162
-186
-197
-210
-223
-239
-247
-255
-242
-230
-213
-186
-156
-109
-66
-7
37
88
126
171
208
233
254
267
280
277
273
258
246
235
210
181
165
153
144
139
140
142
130
112
96
65
32
-6
-54
-104
-151
-196
-239
-269
-283
-303
-309
-306
-286
-267
-248
-232
-217
-208
-211
-208
-221
-245
-274
-285
-289
-276
-265
-246
-218
-172
-110
-34
32
100
169
240
292
339
369
374
368
348
333
298
267
234
203
185
185
192
185
186
192
199
197
184
158
115
75
19
-32
-94
-152
-193
-230
-246
-257
-246
-231
-192
-135
-74
-9
49
104
150
181
206
199
191
167
151
130
105
81
72
78
96
120
161
204
238
288
319
346
351
345
326
294
251
204
139
80
8
-44
-94
-128
-168
-197
-214
-220
-220
-219
-218
-231
-248
-280
-299
-330
-364
-412
-458
-494
-522
-526
-517
-501
-464
-412
-364
-306
-234
-162
-88
-23
34
66
100
118
125
125
122
131
112
103
81
81
77
74
81
82
87
82
79
57
41
30
14
-7
-36
-62
-82
-104
-116
-129
-130
-125
-108
-90
-58
-25
6
46
81
107
139
167
183
193
194
201
194
192
183
164
147
124
104
82
60
40
21
-8
-24
-27
-29
-27
-23
-9
12
40
70
90
123
154
172
191
196
206
203
201
198
191
181
164
142
116
92
72
49
25
9
-23
-30
-56
-75
-101
-121
-144
-176
-203
-246
-269
-303
-320
-328
-325
-315
-298
-274
-237
-202
-168
-136
-100
-64
-24
7
36
62
85
122
145
168
179
200
217
239
251
269
273
276
269
267
260
242
230
199
177
139
106
60
32
9
-11
-11
-30
-41
-47
-45
-43
-45
-44
-57
-75
-107
-127
-154
-171
-194
-208
-226
-228
-219
-207
-179
-145
-91
-46
4
53
95
140
180
209
223
229
222
211
183
156
128
95
69
40
18
-4
-15
-17
-23
-34
-44
-61
-89
-116
-137
-161
-189
-219
-250
-270
-282
-294
-287
-286
-274
-260
-248
-222
-203
-186
-172
-159
-148
-136
-131
-123
-125
-124
-109
-81
-49
-22
4
30
78
126
170
217
261
295
326
354
385
398
415
418
417
405
391
371
347
318
293
259
217
170
128
83
36
-6
-57
-106
-149
-193
-231
-270
-307
-330
-350
-362
-369
-380
-379
-374
-353
-320
-290
-250
-203
-161
-100
-44
18
80
141
205
263
309
343
358
361
363
353
338
302
266
218
166
115
65
13
-31
-73
-105
-139
-165
-180
-199
-211
-228
-252
-277
-305
-329
-357
-388
-417
-441
-459
-461
-449
-427
-392
-353
-300
-237
-183
-126
-69
-15
31
67
88
100
94
87
76
62
57
52
47
43
44
53
69
101
143
187
229
261
282
297
308
311
306
274
240
194
155
111
71
36
12
-2
-11
-18
-24
-23
-24
-23
-27
-48
-69
-97
-123
-140
-159
-176
-186
-194
-184
-168
-137
-94
-51
7
59
118
177
229
272
314
346
361
364
347
323
290
257
216
176
142
107
78
64
46
31
13
-1
-14
-28
-42
-57
-76
-101
-122
-140
-161
-182
-199
-221
-234
-234
-236
-229
-217
-197
-183
-161
-144
-119
-98
-84
-74
-70
-60
-65
-71
-78
-82
-89
-89
-91
-74
-66
-37
-11
23
57
90
113
136
160
172
185
190
207
207
213
202
198
187
171
163
154
149
137
137
125
120
113
103
92
83
70
43
22
4
-15
-25
-36
-53
-72
-89
-91
-97
-94
-89
-81
-72
-68
-63
-54
-38
-19
2
24
33
55
71
83
96
107
115
117
110
104
91
90
75
64
72
75
76
74
75
81
81
89
94
96
92
84
80
68
64
51
28
1
-28
-54
-81
-100
-121
-142
-153
-159
-159
-154
-149
-148
-149
-139
-134
-135
-136
-146
-155
-177
-182
-181
-191
-186
-182
-161
-132
-93
-56
-24
6
25
51
76
97
109
111
107
104
103
113
115
107
94
86
87
84
87
76
71
55
40
24
-1
-25
-50
-80
-115
-152
-176
-196
-214
-215
-218
-210
-194
-172
-143
-113
-81
-56
-34
-19
-18
-25
-35
-38
-40
-48
-44
-48
-49
-40
-25
0
31
69
96
127
152
170
185
192
193
186
174
154
131
112
90
82
69
60
53
54
59
67
86
100
115
119
112
103
94
79
59
34
12
-10
-29
-47
-58
-58
-50
-46
-30
-25
-14
-11
-6
3
7
12
6
-1
-16
-20
-25
-24
-15
-3
16
35
59
84
120
144
169
183
191
194
194
184
166
152
126
101
79
53
31
1
-25
-59
-83
-104
-123
-137
-152
-165
-184
-201
-216
-233
-239
-245
-246
-246
-241
-229
-221
-196
-172
-140
-114
-80
-56
-27
-5
18
45
58
64
63
64
59
53
49
50
63
70
71
73
67
62
57
57
49
29
12
-10
-34
-51
-58
-55
-48
-40
-25
-2
26
62
91
121
139
155
164
174
172
169
164
148
122
97
77
62
53
40
33
22
18
19
15
12
9
8
-5
-18
-29
-36
-37
-34
-31
-21
-5
12
41
76
111
149
178
197
217
218
223
212
194
163
128
96
64
37
-1
-34
-61
-83
-100
-119
-142
-156
-166
-184
-200
-225
-248
-281
-310
-331
-347
-350
-346
-335
-315
-285
-241
-181
-125
-58
2
64
117
166
201
231
244
244
238
227
213
197
176
167
157
153
153
161
165
170
173
170
166
151
126
91
59
15
-31
-82
-130
-181
-217
-241
-252
-258
-248
-235
-219
-191
-161
-129
-111
-90
-78
-71
-67
-60
-57
-55
-51
-54
-44
-31
-10
15
45
76
96
116
119
120
115
99
82
38
-18
-68
-116
-167
-208
-234
-250
-267
-266
-255
-238
-202
-177
-155
-135
-119
-100
-85
-77
-80
-86
-99
-106
-103
-98
-83
-62
-42
-15
18
47
93
134
162
175
180
181
170
149
128
102
76
44
28
15
16
38
59
90
131
176
227
283
329
365
391
400
387
376
356
330
286
245
199
163
131
111
90
74
57
42
34
13
-2
-30
-56
-94
-118
-150
-183
-206
-222
-235
-234
-223
-206
-171
-135
-99
-65
-16
26
57
85
102
115
110
103
82
66
48
20
-5
-32
-58
-83
-99
-113
-133
-154
-177
-207
-229
-247
-261
-282
-292
-302
-309
-306
-293
-273
-247
-211
-191
-157
-129
-104
-74
-44
-19
-5
7
7
15
22
27
35
36
48
54
66
80
97
119
135
148
153
162
154
144
131
122
110
95
75
56
50
47
53
66
87
106
121
137
155
164
176
183
184
176
161
145
130
125
116
100
84
77
81
84
84
89
84
77
78
72
66
55
40
15
-11
-26
-37
-46
-45
-41
-52
-47
-39
-33
-18
3
5
-1
-1
-5
-19
-19
-28
-42
-59
-73
-87
-96
-84
-82
-69
-65
-58
-49
-42
-28
-20
-14
-20
-34
-50
-70
-91
-111
-127
-147
-161
-169
-173
-171
-164
-161
-144
-125
-96
-81
-58
-43
-41
-35
-38
-42
-50
-45
-47
-51
-53
-55
-49
-38
-12
8
28
47
66
82
95
115
124
134
141
149
141
129
126
118
106
93
77
55
36
21
7
-7
-24
-36
-60
-79
-93
-111
-113
-111
-106
-108
-106
-99
-93
-72
-57
-46
-38
-30
-23
-24
-18
-12
-5
6
23
28
40
50
56
67
74
90
89
89
87
77
67
50
35
13
-7
-25
-32
-36
-38
-37
-29
-22
-8
0
9
19
28
33
42
41
36
32
24
14
4
-3
-10
-10
-8
-7
3
8
19
31
38
47
58
73
82
88
83
81
79
79
95
103
120
141
159
183
206
227
237
253
269
275
273
267
252
227
195
158
125
86
46
6
-31
-58
-84
-105
-120
-132
-143
-150
-157
-164
-171
-183
-194
-203
-215
-221
-226
-231
-227
-224
-213
-194
-176
-152
-123
-94
-71
-46
-23
-3
17
42
52
55
57
48
39
31
28
21
16
14
7
7
10
9
5
-7
-21
-34
-48
-64
-84
-104
-124
-148
-168
-184
-188
-189
-187
-176
-167
-150
-125
-110
-92
-76
-58
-44
-23
-6
5
21
35
50
61
77
102
122
139
161
183
204
222
237
245
252
243
238
223
213
197
180
170
161
150
137
132
128
135
138
145
150
149
144
121
107
89
72
55
33
15
-14
-42
-66
-81
-96
-105
-109
-112
-118
-127
-126
-123
-123
-126
-128
-135
-145
-145
-150
-145
-138
-124
-115
-102
-82
-62
-39
-14
15
38
56
63
68
65
59
45
30
15
-1
-19
-37
-55
-71
-79
-88
-97
-109
-109
-112
-116
-112
-109
-111
-116
-121
-127
-137
-141
-140
-139
-130
-129
-120
-111
-92
-80
-64
-45
-29
-24
-19
-13
-13
-11
-8
-5
-4
0
0
-2
7
19
28
36
48
63
65
75
86
97
113
122
130
132
128
118
112
109
111
106
94
85
72
54
42
35
20
2
-17
-34
-56
-72
-81
-89
-87
-89
-88
-86
-85
-74
-72
-63
-57
-50
-39
-34
-30
-35
-40
-43
-43
-46
-48
-48
-44
-36
-30
-21
-7
10
22
34
47
62
72
82
92
103
97
94
94
86
90
90
91
88
87
90
86
84
79
74
61
49
39
23
2
-21
-43
-64
-79
-98
-110
-117
-120
-124
-132
-126
-113
-99
-93
-79
-67
-56
-40
-29
-11
2
14
21
28
37
45
54
66
80
95
94
94
93
86
70
61
52
37
25
10
0
-12
-22
-30
-33
-40
-38
-42
-35
-29
-24
-24
-26
-27
-35
-38
-50
-64
-73
-85
-94
-105
-117
-127
-130
-131
-130
-124
-120
-114
-107
-100
-96
-91
-88
-84
-83
-85
-82
-83
-76
-72
-63
-54
-42
-31
-15
12
31
52
73
92
106
116
122
122
125
121
117
116
108
104
101
97
96
97
104
113
128
137
143
141
137
126
113
92
76
54
34
17
-5
-25
-42
-55
-64
-67
-62
-53
-41
-29
-13
3
21
37
45
53
49
48
52
50
50
50
53
54
52
59
66
80
87
93
98
94
84
68
45
27
3
-26
-62
-89
-113
-132
-150
-155
-161
-161
-152
-144
-131
-121
-112
-102
-95
-96
-101
-113
-123
-127
-138
-148
-153
-146
-139
-137
-129
-114
-97
-81
-58
-40
-19
-5
5
15
22
27
27
33
40
46
48
57
69
80
91
104
120
132
148
165
178
183
181
173
158
138
118
100
74
53
37
15
-3
-17
-25
-31
-36
-39
-46
-46
-45
-45
-45
-45
-47
-42
-40
-31
-27
-23
-10
-3
8
16
22
26
34
40
39
36
32
33
27
17
11
6
4
-3
-11
-15
-14
-20
-27
-31
-36
-47
-55
-63
-77
-81
-91
-105
-113
-121
-123
-123
-120
-115
-108
-100
-92
-80
-66
-54
-46
-35
-31
-32
-34
-39
-39
-37
-34
-27
-25
-18
-10
-1
13
34
55
69
80
86
90
91
87
84
73
63
54
42
32
32
36
38
42
45
49
53
60
67
71
72
72
66
57
48
39
33
27
22
22
18
19
24
27
33
41
52
56
57
57
56
54
53
47
38
24
12
0
-8
-10
-15
-19
-21
-20
-19
-16
-16
-11
-8
-13
-21
-30
-45
-55
-57
-70
-82
-87
-91
-90
-86
-74
-66
-53
-40
-31
-17
-6
2
11
16
13
16
15
12
11
7
8
6
7
4
1
2
5
8
4
6
4
1
-1
-4
-7
-10
-13
-24
-30
-28
-27
-29
-26
-18
-10
0
12
23
38
54
64
74
78
85
87
91
91
92
91
87
85
79
74
70
71
69
67
60
53
45
35
33
30
26
23
16
10
5
5
7
6
8
11
8
4
1
-3
-8
-16
-25
-33
-39
-45
-56
-60
-62
-63
-64
-64
-63
-60
-53
-49
-43
-36
-33
-31
-22
-15
-11
-5
2
7
17
22
24
27
35
40
43
45
45
44
40
37
29
19
10
-3
-15
-30
-44
-60
-75
-83
-90
-93
-94
-90
-83
-81
-75
-65
-53
-39
-30
-16
-6
7
21
31
41
58
69
81
94
101
108
106
102
94
81
71
54
40
26
15
8
1
1
2
4
5
10
19
22
28
30
28
20
11
4
-5
-14
-23
-32
-38
-38
-39
-40
-36
-33
-23
-12
-5
5
14
18
25
34
35
35
34
32
27
24
22
18
19
22
25
33
35
40
44
45
50
44
39
29
15
-2
-21
-39
-61
-80
-95
-111
-122
-126
-126
-126
-125
-118
-110
-101
-91
-83
-75
-69
-56
-43
-24
-6
8
24
44
60
78
89
102
109
112
111
100
91
78
65
51
34
19
4
-4
-13
-16
-18
-18
-16
-15
-9
-9
-10
-12
-16
-18
-20
-25
-34
-41
-48
-53
-56
-61
-62
-63
-53
-42
-28
-11
0
15
28
39
50
59
63
63
66
65
66
68
72
80
83
89
96
104
111
117
122
121
116
106
91
77
57
35
14
-10
-30
-47
-60
-69
-78
-85
-89
-92
-95
-99
-99
-99
-99
-99
-99
-99
-99
-97
-87
-76
-67
-56
-42
-27
-10
11
27
38
47
51
50
49
48
38
26
17
5
-10
-21
-30
-39
-38
-35
-32
-21
-14
-5
3
11
9
6
-1
-11
-22
-32
-43
-58
-71
-82
-90
-90
-90
-88
-82
-73
-70
-63
-53
-47
-40
-37
-36
-33
-32
-28
-25
-21
-17
-13
0
13
26
38
50
63
78
91
105
115
117
115
112
104
95
87
74
64
57
45
40
34
31
29
25
21
13
4
-3
-9
-17
-26
-32
-36
-36
-33
-31
-22
-15
-4
11
24
36
47
57
62
64
64
61
55
45
35
26
17
10
4
0
-1
0
3
11
17
23
22
21
20
15
5
-4
-13
-22
-32
-40
-45
-47
-48
-44
-41
-36
-27
-19
-11
-6
-5
-6
-7
-8
-17
-24
-32
-40
-46
-50
-55
-59
-55
-52
-46
-38
-31
-24
-14
-7
-5
-1
-3
-8
-11
-17
-22
-27
-32
-34
-34
-33
-30
-21
-12
-5
2
9
15
23
27
27
25
18
11
5
2
-4
-11
-14
-16
-16
-14
-10
-6
-3
4
6
14
21
25
26
26
28
27
26
20
16
16
16
15
13
12
13
13
14
13
13
14
15
14
13
11
8
8
6
6
5
4
3
6
6
6
9
8
8
6
5
6
2
-1
-2
-1
-1
0
4
6
9
10
11
12
12
12
11
8
5
5
3
1
-4
-6
-6
-7
-4
-6
-3
-1
-1
0
1
4
4
3
3
3
2
-1
-5
-9
-14
-17
-21
-24
-28
-29
-31
-32
-29
-28
-23
-17
-12
-6
1
9
17
26
33
38
44
48
54
56
55
54
53
52
49
43
37
33
25
18
12
5
-2
-9
-14
-19
-25
-31
-33
-37
-39
-40
-39
-36
-32
-28
-22
-18
-11
-6
-2
0
3
2
3
3
-1
-7
-13
-20
-27
-31
-38
-42
-46
-51
-54
-54
-54
-53
-53
-50
-47
-42
-38
-35
-32
-28
-23
-19
-18
-13
-8
-2
4
9
16
20
26
29
32
33
33
30
25
20
13
5
-2
-9
-18
-25
-32
-40
-43
-47
-47
-49
-48
-46
-40
-34
-30
-21
-12
-1
10
21
33
44
58
69
81
90
101
109
115
118
120
119
114
109
104
95
88
81
76
70
67
63
59
56
55
53
48
44
38
31
21
8
-3
-14
-27
-38
-46
-54
-58
-60
-58
-55
-47
-40
-29
-19
-8
3
11
18
21
24
25
26
22
17
11
4
-2
-9
-16
-21
-23
-24
-27
-30
-34
-36
-40
-46
-53
-63
-71
-81
-90
-99
-107
-113
-117
-120
-119
-116
-110
-104
-95
-87
-78
-73
-66
-58
-53
-47
-41
-37
-32
-27
-25
-22
-18
-12
-6
-1
6
11
15
20
25
30
33
38
40
44
45
47
48
49
53
56
60
64
67
71
74
78
80
82
84
84
83
78
74
68
64
59
52
46
40
37
34
30
26
23
21
19
19
19
20
19
19
20
22
26
30
36
42
46
51
56
60
64
68
69
69
68
66
63
57
49
41
31
19
8
-6
-21
-36
-52
-66
-80
-94
-106
-116
-123
-131
-136
-139
-141
-141
-140
-136
-132
-124
-116
-105
-95
-84
-72
-59
-45
-32
-22
-9
0
10
19
26
32
35
38
41
40
38
35
32
27
23
18
12
7
2
-4
-9
-13
-17
-18
-20
-21
-19
-20
-18
-17
-16
-15
-13
-10
-6
-2
2
8
12
18
25
32
40
48
55
63
71
77
81
86
89
92
94
93
89
85
79
72
64
57
51
46
41
35
28
22
18
13
8
2
-6
-14
-21
-29
-36
-41
-46
-49
-50
-49
-46
-42
-40
-35
-32
-28
-25
-21
-19
-19
-19
-21
-22
-23
-25
-29
-32
-35
-37
-40
-43
-45
-47
-47
-47
-44
-40
-36
-33
-29
-24
-18
-14
-9
-4
-1
4
8
10
15
19
22
26
26
27
26
24
18
12
4
-2
-7
-14
-20
-25
-28
-27
-26
-21
-16
-10
-1
6
15
24
33
41
47
54
58
64
71
75
79
84
86
89
90
89
88
87
83
76
68
58
47
34
19
4
-12
-29
-43
-55
-64
-70
-76
-78
-75
-70
-65
-58
-51
-43
-37
-30
-25
-20
-17
-15
-15
-15
-13
-11
-9
-6
-2
-1
4
7
8
10
10
11
9
4
-2
-10
-19
-31
-43
-53
-64
-73
-81
-84
-87
-86
-86
-82
-77
-72
-67
-62
-54
-50
-46
-43
-40
-33
-28
-20
-13
-6
5
16
28
43
55
68
79
88
96
101
106
108
108
105
103
99
92
85
78
71
65
58
49
44
37
32
27
23
19
14
9
7
4
2
1
-1
1
2
5
10
14
18
25
28
31
35
35
34
30
24
16
8
-1
-11
-17
-23
-28
-32
-35
-39
-39
-40
-39
-38
-34
-33
-36
-39
-39
-40
-40
-42
-42
-41
-41
-37
-34
-30
-23
-19
-17
-14
-13
-13
-15
-17
-23
-28
-36
-46
-56
-64
-72
-77
-81
-82
-79
-77
-72
-62
-51
-42
-32
-24
-17
-9
-4
0
3
4
7
10
14
20
25
33
41
51
59
64
72
77
80
81
80
78
72
67
60
53
43
36
30
24
22
21
23
25
29
30
36
41
44
45
43
40
34
29
22
15
8
2
-1
-6
-7
-7
-4
1
6
10
15
18
21
24
24
22
16
15
10
5
1
0
-2
-5
-4
-6
-6
-4
-3
1
3
3
1
-2
-6
-10
-15
-19
-24
-30
-35
-37
-41
-42
-41
-40
-39
-38
-37
-35
-34
-37
-40
-42
-47
-51
-55
-60
-64
-68
-70
-70
-66
-63
-59
-53
-42
-34
-27
-18
-11
-8
-4
-1
2
4
6
7
9
14
17
22
29
33
40
50
57
66
72
75
76
75
72
65
57
47
36
24
13
4
-2
-8
-11
-14
-17
-14
-10
-6
-2
4
7
10
14
14
14
14
13
12
13
14
14
16
20
23
29
33
37
41
42
44
46
46
44
39
35
27
19
13
6
-2
-7
-12
-16
-22
-24
-26
-29
-30
-33
-36
-39
-42
-44
-47
-49
-55
-60
-62
-66
-70
-72
-73
-72
-72
-70
-69
-65
-60
-58
-55
-54
-51
-45
-38
-32
-27
-20
-14
-6
1
6
12
16
19
22
24
26
26
27
25
21
16
13
12
10
9
8
7
7
7
8
9
10
11
11
12
12
11
10
8
7
7
8
11
10
11
14
19
24
28
31
33
33
36
34
32
30
26
23
20
17
16
17
17
20
23
26
31
37
42
46
51
53
54
52
49
42
36
26
16
6
-3
-14
-24
-31
-38
-42
-45
-46
-46
-45
-43
-42
-41
-42
-42
-42
-41
-40
-41
-39
-38
-35
-34
-29
-23
-18
-12
-5
2
6
13
19
20
23
22
20
18
15
9
4
-2
-7
-13
-16
-21
-23
-26
-26
-26
-26
-24
-22
-20
-18
-16
-14
-12
-11
-10
-11
-10
-11
-11
-11
-10
-11
-9
-6
-5
-3
1
5
8
14
19
25
30
34
38
42
46
48
50
52
54
54
53
52
48
46
43
39
35
30
24
17
14
7
4
-1
-6
-10
-15
-17
-20
-23
-25
-28
-28
-30
-30
-30
-30
-28
-26
-24
-22
-21
-18
-16
-14
-12
-11
-9
-9
-8
-9
-9
-11
-12
-12
-13
-14
-14
-13
-12
-10
-8
-4
-2
0
2
4
7
8
8
8
7
4
4
2
0
-1
-2
-3
-3
-3
-3
-5
-5
-6
-6
-7
-8
-10
-12
-13
-13
-14
-16
-18
-17
-16
-12
-9
-6
-1
3
8
15
21
25
31
34
36
36
37
35
32
30
28
25
21
19
18
15
15
14
13
12
12
11
7
7
5
3
0
-2
-6
-9
-10
-13
-15
-16
-17
-18
-18
-17
-17
-16
-13
-13
-13
-12
-10
-10
-9
-8
-7
-6
-5
-3
-2
0
3
4
6
7
10
10
10
9
8
8
5
3
0
-4
-6
-9
-11
-15
-16
-19
-20
-21
-23
-25
-26
-27
-29
-29
-29
-30
-30
-31
-31
-29
-29
-28
-25
-23
-20
-16
-13
-9
-5
-2
1
4
7
7
9
10
10
13
11
11
10
10
10
9
9
10
9
10
10
11
11
11
11
11
12
13
14
16
17
19
19
21
22
22
21
21
22
19
18
17
15
14
12
12
12
12
11
12
11
13
13
12
12
10
9
7
6
3
0
-1
-3
-5
-7
-7
-8
-9
-7
-7
-6
-4
-2
-1
1
2
0
-1
-1
-5
-7
-10
-13
-17
-19
-21
-22
-24
-24
-24
-24
-23
-21
-20
-18
-17
-16
-17
-17
-16
-16
-17
-16
-18
-17
-17
-16
-15
-14
-13
-11
-9
-8
-7
-3
0
3
4
8
10
12
13
12
14
14
13
13
11
10
8
6
6
5
6
7
8
10
11
13
16
19
21
22
23
23
22
23
22
22
20
18
15
13
12
12
13
14
16
18
20
22
23
23
24
22
20
17
12
8
1
-3
-7
-13
-14
-17
-18
-17
-16
-12
-10
-7
-5
-2
-3
-2
-2
-4
-6
-9
-12
-15
-18
-19
-19
-17
-16
-15
-11
-7
-4
-2
1
1
1
1
-1
-4
-8
-12
-17
-20
-23
-26
-27
-27
-26
-23
-20
-16
-13
-9
-7
-4
-3
-3
-3
-5
-8
-11
-13
-13
-14
-11
-10
-6
-2
2
7
12
18
23
28
31
33
32
31
29
27
24
20
16
12
10
8
9
9
8
8
9
10
11
13
14
14
12
11
8
6
2
0
-3
-6
-7
-9
-11
-10
-10
-9
-7
-5
-3
-2
-1
-1
0
1
-1
-1
-2
-3
-4
-5
-7
-8
-8
-9
-9
-8
-7
-5
-6
-4
-4
-3
-2
-2
-1
-3
-3
-6
-7
-8
-8
-11
-12
-14
-15
-16
-16
-16
-15
-17
-16
-16
-15
-14
-13
-12
-12
-12
-12
-13
-12
-12
-10
-10
-8
-6
-4
-1
2
6
9
13
16
17
19
21
23
23
24
24
22
21
20
19
18
18
19
18
17
17
15
16
17
18
17
15
12
10
7
4
3
0
-3
-6
-8
-9
-11
-11
-9
-8
-7
-5
-2
1
3
4
5
7
6
6
6
6
4
2
0
-3
-4
-6
-5
-5
-6
-6
-5
-4
-2
-2
-1
0
0
-1
-3
-4
-6
-7
-10
-12
-14
-17
-19
-19
-18
-17
-16
-14
-12
-10
-8
-6
-3
0
1
2
3
2
1
2
2
0
0
0
0
0
2
4
8
9
11
14
16
18
20
19
19
18
17
15
13
13
9
8
7
6
4
5
5
5
7
7
7
8
8
7
6
5
3
2
0
-3
-4
-6
-6
-8
-8
-8
-8
-6
-5
-2
-2
-1
0
0
1
1
1
1
-2
-2
-3
-4
-4
-3
-3
-4
-3
-4
-3
-2
1
2
3
2
1
0
-1
-3
-4
-7
-9
-12
-15
-15
-16
-17
-16
-15
-15
-15
-14
-13
-10
-9
-7
-5
-7
-6
-5
-5
-5
-4
-4
-4
-4
-3
-4
-4
-2
0
1
2
2
5
6
8
8
9
9
8
9
7
7
5
3
2
0
-1
-3
-3
-3
-4
-3
-2
-2
0
0
2
3
2
3
4
3
1
1
0
0
0
-2
-2
-1
-2
0
0
2
2
3
4
5
5
6
6
5
5
4
2
2
1
0
0
-1
-2
-2
-2
-2
-2
-2
-1
-2
0
-1
0
0
-1
-1
-3
-3
-3
-3
-4
-4
-5
-4
-4
-5
-5
-4
-3
-3
-2
-1
-1
-1
0
1
2
2
2
2
2
1
1
1
1
1
2
1
2
2
3
4
4
5
6
5
6
4
3
2
2
0
0
-1
-2
-3
-3
-4
-5
-4
-3
-2
-1
-1
0
0
1
3
3
4
3
4
4
3
2
2
3
2
3
4
4
5
7
9
9
10
11
12
12
11
9
8
6
5
2
1
-1
-3
-4
-5
-5
-4
-5
-3
-4
-3
-3
-2
-1
-1
-2
-2
-3
-4
-5
-6
-6
-7
-7
-6
-6
-4
-2
0
2
4
7
8
8
10
8
8
8
6
4
3
1
-1
-1
-3
-4
-3
-4
-4
-2
-2
0
1
2
3
3
2
2
1
0
-2
-4
-4
-6
-6
-7
-6
-5
-6
-5
-2
-1
1
3
3
5
5
6
5
5
4
2
3
1
0
0
0
0
0
1
2
2
4
4
5
4
4
4
4
3
2
1
-1
-3
-3
-4
-5
-4
-5
-5
-6
-4
-3
-3
-2
0
1
1
2
2
1
1
0
-1
-2
-3
-2
-3
-3
-3
-2
-2
-1
0
1
2
3
4
3
4
4
3
2
1
-1
-2
-4
-4
-4
-6
-7
-6
-7
-7
-7
-5
-5
-4
-4
-4
-4
-3
-2
-3
-4
-5
-6
-6
-7
-7
-6
-6
-7
-5
-4
-4
-2
-1
1
3
5
7
8
8
9
8
8
9
7
5
4
2
2
0
1
0
1
2
2
2
4
4
5
7
7
6
5
4
4
2
1
-1
0
-2
-3
-2
-1
-1
0
1
2
5
6
6
7
6
7
7
5
4
2
-1
-1
-1
-2
-2
-3
-2
-2
-1
0
0
2
2
4
4
4
3
1
-1
-2
-3
-5
-5
-7
-7
-7
-6
-6
-4
-2
0
1
2
4
5
6
7
7
5
4
3
2
0
-1
-1
0
0
0
1
2
4
6
9
9
10
11
10
11
11
10
8
5
4
3
1
0
-1
-2
-1
-1
0
1
2
2
3
5
5
5
4
3
3
1
-1
-2
-3
-5
-5
-7
-6
-5
-5
-4
-2
0
1
1
2
1
1
2
1
1
0
0
-1
-3
-3
-3
-3
-4
-5
-4
-4
-3
-2
-2
-1
-1
1
1
0
1
1
0
-1
-3
-5
-6
-9
-9
-8
-8
-8
-6
-5
-5
-4
-2
-1
0
1
2
2
1
1
0
0
-1
-3
-5
-5
-6
-6
-5
-5
-3
-1
-1
1
1
4
3
3
3
4
3
2
0
0
-1
-3
-3
-5
-5
-5
-3
-3
-2
0
0
2
3
4
5
5
6
4
4
3
3
1
0
0
-2
-1
0
-2
0
0
1
2
3
4
5
5
5
5
6
4
3
1
-1
-2
-3
-3
-4
-3
-3
-4
-3
-2
-1
0
0
2
2
3
3
2
1
1
0
-1
-2
-4
-5
-4
-4
-4
-3
-2
-2
-1
0
0
0
1
1
2
1
0
-1
-2
-3
-3
-4
-5
-6
-6
-5
-4
-3
-2
-1
1
2
4
5
5
4
4
3
5
3
2
0
-1
-1
-2
-2
-3
-3
-4
-3
-3
-3
-1
-1
-1
-1
0
0
-1
-1
-2
-2
-3
-5
-5
-5
-6
-4
-4
-4
-4
-2
0
1
1
4
3
4
3
3
3
3
2
2
1
-1
-1
-1
0
0
1
2
3
2
2
4
4
5
5
5
3
2
3
2
1
3
1
0
0
0
1
0
1
2
2
4
3
2
3
3
4
2
2
2
1
1
1
1
1
2
3
1
2
2
2
2
2
2
3
2
2
1
1
1
1
1
2
1
1
0
0
-1
-1
0
-1
-1
-1
-3
-2
-2
-1
-1
-1
-1
0
0
-1
0
0
0
0
-1
-2
-3
-5
-4
-4
-5
-5
-5
-5
-4
-4
-2
-1
-1
1
0
0
0
-1
-1
-2
-2
-4
-5
-6
-7
-8
-8
-6
-6
-4
-3
-3
-3
-1
0
1
0
0
0
-3
-4
-4
-5
-5
-6
-4
-4
-4
-2
-1
1
3
4
5
5
4
4
4
3
2
1
1
-2
-3
-3
-2
-1
0
1
2
3
4
5
7
7
7
6
4
3
2
1
0
-1
-2
-2
-3
-3
-2
-2
0
3
3
5
5
5
3
3
2
1
0
-1
-3
-3
-5
-5
-3
-2
-1
1
3
3
5
5
6
6
5
5
3
1
-1
-2
-2
-3
-4
-4
-3
-3
0
0
2
5
6
6
6
6
4
4
2
2
0
-2
-2
-3
-3
-3
-1
0
2
3
4
4
4
4
4
5
4
2
-2
-2
-2
-3
-4
-5
-3
-3
-3
-3
-2
-2
0
1
2
1
0
1
0
0
-2
-2
-4
-4
-5
-6
-4
-4
-3
-1
0
1
0
0
1
2
1
1
-1
-2
-2
-3
-3
-2
-4
-3
-2
-1
0
0
2
2
3
1
2
2
-1
-1
-2
-2
-3
-3
-4
-3
-2
0
1
0
3
3
2
2
3
2
2
2
1
0
-1
-1
-2
0
0
2
4
4
5
5
6
7
7
8
8
8
6
5
2
2
1
-1
-1
0
0
2
3
4
4
5
4
3
3
2
3
1
0
-3
-4
-5
-6
-6
-5
-4
-4
-2
0
0
1
2
4
3
4
2
0
0
-2
-2
-5
-5
-4
-4
-3
-2
-2
0
1
2
3
4
3
2
1
0
-1
-1
-2
-3
-4
-4
-4
-4
-3
-3
-1
1
3
3
4
5
5
5
3
2
0
-2
-2
-3
-3
-4
-3
-4
-3
-1
0
1
4
4
4
3
2
2
2
1
0
-2
-4
-4
-5
-4
-5
-5
-4
-3
-1
-1
0
2
2
1
0
-2
-4
-5
-7
-7
-7
-7
-7
-7
-6
-4
-2
0
0
1
2
1
2
2
1
0
0
-1
0
1
0
1
0
0
1
2
2
3
4
4
4
4
4
4
4
2
3
2
3
2
2
2
3
2
4
3
4
4
4
3
3
4
4
4
4
4
2
2
1
1
3
4
4
3
4
2
3
2
2
3
3
3
1
0
0
0
-1
-1
-1
-3
-2
-3
-1
0
0
0
-1
-1
-3
-2
-2
0
1
-2
-2
-3
-3
-3
-2
-2
-4
-3
-5
-5
-5
-5
-5
-6
-4
-3
-4
-2
-2
-1
0
0
0
0
0
0
-1
-2
-3
-3
-5
-6
-6
-8
-6
-6
-5
-4
-3
-3
-2
-2
0
1
1
1
0
0
-2
-1
-4
-3
-3
-4
-3
-4
-3
-1
1
2
2
1
1
1
2
2
1
2
0
-2
-3
-4
-4
-2
-1
0
1
1
0
0
1
2
2
1
1
-2
-3
-3
-1
-1
0
0
0
0
0
2
3
3
3
2
1
2
-1
0
-1
-2
-2
-3
-4
-4
-3
-2
0
0
0
0
0
0
1
2
1
1
0
-2
-3
-4
-4
-3
-5
-5
-5
-4
-4
-3
-2
0
1
1
2
2
1
1
0
1
1
-1
-2
-2
-1
0
1
2
1
3
1
2
3
4
4
4
4
3
2
0
0
1
1
1
-1
0
0
0
2
2
3
4
2
2
1
0
0
-1
-1
-4
-5
-5
-5
-4
-2
-1
-1
0
1
1
1
1
2
1
0
-2
-5
-7
-6
-6
-5
-5
-5
-5
-4
-4
-2
-1
-1
0
-1
-2
-1
-1
0
-2
-3
-4
-4
-4
-5
-4
-2
-2
-2
-1
-1
-1
0
0
2
2
3
2
1
1
2
3
4
1
1
0
0
1
2
3
3
3
1
2
2
2
4
4
5
4
2
2
3
2
3
3
3
4
3
3
4
4
5
5
5
3
2
3
3
3
4
3
3
1
1
1
2
2
3
2
1
-1
-2
0
0
0
1
0
-1
-2
-1
-1
-1
0
0
0
1
1
1
3
2
1
1
1
0
2
1
2
3
2
2
2
2
2
4
3
4
4
2
2
2
2
3
3
3
2
2
1
1
2
1
2
1
1
1
-1
-1
-1
-1
-2
-1
-3
-4
-5
-5
-6
-4
-3
-4
-4
-4
-4
-4
-5
-4
-5
-5
-6
-5
-5
-5
-3
-3
-4
-5
-5
-4
-3
-3
-2
-1
-1
-2
-1
-2
-1
0
-1
-1
-2
-2
-2
-1
0
1
2
3
3
4
2
3
3
3
3
2
1
2
3
2
4
3
4
4
4
3
4
3
5
4
4
4
5
5
5
6
5
4
4
4
3
3
3
4
5
4
3
3
3
3
2
1
1
1
0
-1
0
0
0
1
1
-1
-1
-1
-1
0
0
0
0
0
0
0
0
0
-1
-2
-3
-3
-1
-1
1
0
0
1
1
0
1
2
1
2
1
1
0
0
-1
0
0
1
0
1
0
-1
-1
0
0
0
0
0
0
1
0
1
-1
-2
-3
-3
-2
-2
-1
-1
0
-1
-2
-2
-1
-1
0
-1
-2
-2
-2
-2
-1
-2
-2
