3
2
1
2
1
1
1
-1
0
1
1
1
1
0
0
-2
-1
-1
-1
-1
-2
-2
-3
-3
-3
-2
-2
-3
-4
-3
-5
-4
-5
-4
-4
-5
-5
-5
-6
-6
-6
-7
-7
-7
-7
-7
-7
-7
-6
-6
-5
-5
-6
-5
-5
-4
-4
-3
-4
-5
-5
-4
-3
-1
-1
-1
0
0
1
2
2
1
3
2
3
3
2
2
2
1
1
1
3
2
2
1
2
2
3
4
3
4
3
4
4
4
4
4
3
4
3
4
3
4
3
4
5
5
4
4
4
4
3
2
2
3
3
3
4
3
3
2
3
3
3
2
1
2
0
0
-1
-1
-2
-2
-2
-1
-2
-2
-3
-3
-4
-5
-5
-4
-4
-6
-6
-6
-6
-6
-5
-6
-5
-5
-5
-6
-4
-3
-3
-3
-4
-4
-3
-2
-2
-3
-2
-1
0
0
1
1
1
2
2
2
4
4
5
4
5
5
7
6
6
5
5
5
6
7
6
6
5
5
4
3
3
2
2
1
1
0
-1
-1
-1
-2
-2
-2
-2
-4
-5
-5
-5
-6
-6
-7
-8
-7
-6
-7
-7
-6
-6
-6
-6
-5
-6
-5
-5
-5
-5
-3
-2
-2
0
0
0
1
2
2
2
3
3
3
3
2
4
4
4
5
4
5
7
6
6
7
6
6
7
7
7
8
7
7
5
5
4
4
3
2
3
1
2
2
2
1
0
0
0
0
-2
-1
-2
-1
-2
-2
-2
-2
-2
-2
-3
-3
-5
-5
-4
-4
-4
-4
-3
-3
-4
-4
-4
-3
-2
-2
-2
-2
-1
-2
-1
0
0
0
1
2
0
1
1
2
2
3
3
3
5
4
5
5
4
4
3
4
4
3
3
3
3
2
1
1
1
-1
0
0
0
-1
-2
-2
-2
-2
-4
-3
-4
-5
-5
-5
-6
-6
-6
-6
-7
-6
-5
-5
-5
-6
-6
-7
-6
-6
-7
-7
-6
-6
-5
-5
-5
-6
-6
-4
-3
-4
-4
-3
-3
-2
-2
-1
-1
-1
0
0
1
1
2
2
3
2
3
4
3
4
4
3
4
4
6
6
6
6
6
7
7
6
6
6
5
5
5
5
5
5
5
5
5
5
3
3
3
3
5
4
4
4
4
4
3
2
2
2
0
0
0
-1
-1
-2
-3
-4
-4
-5
-5
-5
-4
-6
-5
-4
-4
-5
-5
-4
-4
-4
-6
-7
-7
-6
-6
-6
-5
-5
-5
-5
-5
-5
-4
-3
-3
-1
-2
-1
0
2
1
0
0
0
0
0
0
0
-1
1
2
1
1
2
1
1
1
2
2
4
5
5
4
5
4
3
5
4
3
4
3
3
2
3
3
3
3
3
2
2
2
3
3
4
3
4
3
4
4
2
2
1
2
1
1
1
0
1
1
1
0
0
1
1
1
0
-1
-2
-1
-1
-2
-2
-3
-4
-4
-5
-3
-4
-3
-4
-4
-4
-5
-5
-5
-5
-5
-5
-6
-4
-5
-4
-4
-3
-3
-3
-3
-3
-2
-1
-1
-2
0
1
2
2
1
1
1
1
1
2
4
4
4
3
2
4
4
4
5
3
4
4
4
3
4
5
4
2
2
2
2
2
1
0
0
0
0
0
0
-1
-1
-1
-1
-2
-2
-1
-2
-2
-3
-3
-3
-3
-3
-4
-4
-4
-5
-5
-4
-5
-4
-4
-4
-3
-3
-4
-3
-2
-3
-2
-1
-2
-1
0
0
-2
-1
-2
-1
-2
0
-1
-2
-2
-1
-1
-1
0
0
-1
0
-1
0
0
0
0
0
-1
0
0
0
1
1
1
1
1
0
1
2
1
1
2
1
2
1
1
1
1
1
1
0
1
0
2
2
1
1
1
2
1
1
1
2
2
2
1
3
2
1
2
2
2
2
3
2
1
1
2
2
2
2
2
1
1
0
0
0
0
0
0
-1
-2
-3
-3
-4
-5
-4
-4
-5
-5
-4
-5
-4
-5
-4
-3
-4
-4
-4
-3
-4
-2
-1
-2
-1
-1
-1
-1
0
0
0
-1
0
-1
-1
-1
0
0
2
1
1
2
3
3
4
4
5
4
5
6
7
8
9
9
10
11
10
11
11
10
10
10
10
10
10
9
9
8
8
8
7
6
5
5
4
3
3
2
1
0
0
-1
-1
-2
-1
-2
-3
-3
-5
-5
-5
-6
-7
-7
-8
-8
-8
-9
-11
-10
-11
-10
-11
-12
-12
-11
-10
-10
-10
-9
-9
-9
-8
-8
-6
-5
-3
-2
-1
-1
0
1
2
4
3
4
4
5
6
7
8
7
8
8
8
9
8
9
9
9
9
9
9
9
9
9
10
9
9
8
7
6
7
7
6
4
4
4
4
5
3
2
1
0
0
-2
-2
-3
-5
-6
-5
-8
-9
-9
-10
-11
-13
-13
-14
-14
-14
-14
-14
-15
-14
-13
-14
-13
-13
-13
-12
-12
-10
-11
-9
-8
-6
-5
-4
-4
-2
0
0
1
2
3
4
5
7
8
9
11
11
12
13
15
15
15
16
18
18
20
21
20
21
22
22
21
20
22
21
20
19
18
17
15
13
12
8
7
4
2
0
0
-2
-5
-6
-8
-10
-11
-13
-15
-16
-17
-18
-19
-21
-22
-23
-23
-25
-25
-25
-26
-27
-27
-27
-26
-26
-26
-25
-24
-25
-23
-23
-23
-19
-20
-19
-18
-16
-14
-13
-11
-8
-6
-5
-3
0
2
4
6
9
11
12
14
16
17
19
20
22
23
23
23
24
26
24
24
25
24
25
24
23
22
21
19
19
17
16
14
13
13
11
10
8
7
6
3
3
1
0
-2
-2
-3
-4
-5
-7
-8
-11
-11
-13
-13
-14
-16
-17
-18
-20
-20
-21
-21
-21
-20
-20
-20
-21
-20
-18
-18
-17
-16
-17
-16
-15
-14
-14
-12
-9
-9
-7
-5
-5
-3
-1
2
2
4
5
7
9
10
11
14
14
14
14
16
17
18
19
18
19
20
20
20
20
20
19
19
19
19
20
19
18
18
17
15
14
13
12
10
10
8
6
5
2
1
-1
-2
-4
-6
-7
-9
-11
-12
-14
-14
-16
-16
-17
-18
-18
-20
-20
-21
-21
-21
-21
-20
-20
-21
-19
-19
-19
-17
-16
-15
-16
-15
-14
-12
-11
-9
-8
-6
-5
-5
-3
-3
-2
0
2
4
6
7
8
10
12
12
15
15
15
17
17
17
19
18
19
19
19
18
18
17
16
16
15
15
13
14
12
11
11
8
7
6
5
4
2
3
0
0
-2
-3
-4
-5
-6
-8
-9
-10
-11
-12
-12
-13
-14
-15
-16
-17
-17
-17
-16
-16
-17
-16
-16
-16
-16
-15
-14
-13
-11
-10
-9
-8
-6
-6
-4
-3
-1
0
1
4
5
5
7
8
9
10
11
12
14
15
15
15
16
15
16
16
16
17
16
15
15
14
13
12
12
11
11
10
10
9
8
7
5
5
2
1
0
-1
-2
-2
-4
-5
-7
-7
-9
-10
-11
-12
-13
-13
-13
-13
-13
-14
-14
-14
-14
-14
-16
-14
-15
-15
-15
-13
-13
-13
-11
-9
-8
-7
-7
-7
-8
-7
-5
-4
-4
-2
-1
0
2
3
4
5
6
8
9
10
10
11
12
13
13
13
13
13
15
15
15
16
15
15
14
15
15
14
13
14
13
11
11
10
9
8
7
5
4
3
3
2
1
0
-1
-3
-5
-5
-7
-6
-8
-10
-11
-12
-12
-11
-12
-13
-13
-13
-13
-14
-13
-14
-14
-15
-14
-13
-12
-11
-11
-10
-10
-9
-8
-6
-6
-5
-4
-4
-3
-3
-1
0
2
2
4
4
4
6
7
9
9
8
8
8
8
9
9
10
9
11
10
10
11
11
11
11
12
9
8
11
13
13
12
9
7
8
8
7
6
6
5
3
2
1
0
-1
-1
-2
-4
-6
-6
-4
-2
-4
-5
-6
-5
-4
-4
-6
-6
-6
-8
-8
-6
-8
-9
-10
-10
-12
-14
-16
-16
-10
-6
-2
-2
-5
-10
-10
-4
2
6
6
4
4
4
5
7
10
11
7
2
1
3
2
-2
-2
-2
0
-1
-3
1
2
2
-2
-7
-8
-9
-9
-9
-7
-4
-4
-1
2
3
1
-3
-5
-3
0
5
10
12
10
8
10
14
16
15
15
19
20
19
18
21
24
23
22
23
25
24
19
16
16
17
18
19
17
10
3
0
2
4
-1
-11
-18
-24
-25
-25
-20
-17
-18
-20
-20
-14
-7
0
7
12
10
4
1
3
11
17
15
9
3
1
1
-5
-16
-29
-42
-48
-51
-53
-57
-63
-73
-85
-98
-100
-86
-63
-38
-26
-27
-33
-35
-23
-1
22
38
52
60
58
53
51
61
77
88
86
75
68
64
61
52
48
53
69
80
80
76
78
84
82
69
64
79
107
117
93
50
15
-7
-21
-32
-35
-39
-57
-102
-159
-201
-213
-203
-189
-184
-188
-191
-187
-184
-189
-190
-165
-103
-32
23
54
72
78
66
56
81
148
219
240
201
140
99
86
88
93
106
112
94
44
-24
-80
-101
-88
-62
-39
-30
-35
-53
-80
-99
-83
-31
37
82
91
82
62
43
30
38
71
107
124
107
70
30
-5
-22
-16
10
34
36
11
-36
-78
-88
-56
6
57
66
39
2
-21
-15
16
62
99
108
71
8
-42
-64
-55
-45
-52
-85
-132
-183
-230
-275
-307
-310
-287
-266
-273
-298
-315
-301
-262
-213
-162
-110
-64
-34
-15
22
105
211
285
306
290
281
287
298
302
311
330
335
302
236
177
141
114
95
67
35
4
-26
-72
-123
-140
-119
-78
-53
-55
-72
-83
-76
-65
-32
22
79
120
129
97
62
68
107
140
147
151
147
131
84
13
-36
-44
-21
-26
-61
-123
-183
-225
-276
-316
-341
-333
-324
-354
-403
-451
-462
-456
-436
-403
-367
-328
-320
-327
-341
-347
-313
-197
16
218
286
192
64
50
136
279
408
524
583
515
344
199
207
344
475
507
439
320
218
151
75
8
14
98
178
156
65
-59
-149
-186
-136
-17
124
198
135
-2
-124
-131
-23
100
158
141
104
37
-52
-127
-152
-103
-23
52
62
9
-91
-202
-249
-207
-84
32
79
39
-52
-100
-91
12
191
342
330
156
-12
-55
38
114
132
119
96
15
-153
-311
-378
-328
-251
-263
-362
-480
-537
-579
-619
-638
-579
-435
-305
-257
-301
-351
-355
-318
-231
-82
132
369
490
394
156
36
130
340
494
561
594
553
399
156
16
106
344
519
476
247
-6
-162
-214
-217
-170
-65
42
57
-66
-241
-343
-310
-192
-26
161
306
324
189
1
-81
23
245
405
424
327
211
121
76
88
190
375
520
506
303
58
-89
-65
64
194
271
255
96
-159
-369
-402
-281
-133
-111
-237
-414
-555
-631
-673
-671
-621
-513
-440
-477
-607
-726
-721
-601
-451
-326
-249
-207
-192
-116
26
167
225
216
254
349
482
591
681
720
684
603
561
646
756
773
649
458
301
234
241
223
138
20
-52
-55
-60
-95
-165
-228
-254
-225
-137
-37
25
-26
-140
-204
-161
-27
97
142
107
65
64
71
83
105
160
227
280
314
302
255
176
166
216
268
262
172
86
42
29
-5
-44
-63
-111
-180
-268
-332
-384
-449
-526
-633
-694
-700
-691
-719
-791
-840
-850
-789
-729
-711
-680
-615
-527
-448
-352
-263
-111
209
518
531
261
145
360
672
811
802
877
950
804
462
280
448
661
681
480
183
-87
-183
-154
-214
-334
-360
-254
-194
-291
-446
-509
-413
-307
-206
-18
207
291
167
-14
-88
54
376
616
587
439
380
379
362
348
377
520
726
833
677
382
196
202
328
387
367
355
361
223
-58
-201
-88
90
133
19
-136
-258
-301
-387
-531
-619
-579
-483
-505
-661
-856
-953
-925
-889
-888
-878
-859
-879
-930
-935
-832
-594
-300
-121
-100
20
309
462
348
266
541
989
1218
1144
1014
993
932
785
738
876
953
796
504
174
-117
-202
-84
-33
-221
-412
-434
-402
-510
-704
-759
-629
-468
-375
-310
-259
-290
-357
-330
-212
-46
196
406
391
209
134
247
396
468
508
557
587
592
557
539
509
445
423
452
472
426
364
294
192
139
164
186
135
28
-91
-209
-293
-367
-439
-526
-617
-717
-817
-909
-992
-1036
-1064
-1100
-1157
-1171
-1138
-1115
-1109
-1124
-1095
-1030
-867
-561
-159
91
50
-17
144
447
629
762
1017
1332
1414
1206
1024
1103
1232
1200
1108
1067
925
650
381
177
-23
-144
-106
-59
-193
-468
-642
-650
-666
-752
-670
-385
-189
-235
-365
-397
-356
-235
0
217
334
408
485
461
320
242
360
595
745
752
677
563
361
174
201
480
828
1009
881
480
91
39
317
597
712
726
649
405
61
-161
-113
86
231
161
-92
-411
-687
-880
-983
-1030
-1008
-938
-955
-1176
-1512
-1747
-1786
-1685
-1508
-1324
-1239
-1319
-1476
-1635
-1617
-1242
-502
177
374
181
57
199
384
550
911
1549
2037
1947
1454
1090
1022
1100
1254
1478
1511
1222
767
309
-148
-488
-498
-220
-25
-179
-539
-849
-1084
-1301
-1336
-951
-382
-100
-196
-448
-686
-762
-502
0
411
614
708
689
535
336
296
512
875
1108
1212
1286
1230
850
383
289
579
929
1052
864
511
254
104
-36
-61
159
471
615
450
58
-306
-362
-183
-20
37
42
-56
-318
-682
-1023
-1159
-1019
-813
-810
-1027
-1263
-1491
-1701
-1860
-1865
-1668
-1385
-1245
-1385
-1599
-1647
-1513
-1277
-897
-250
416
678
512
256
262
505
961
1534
2066
2238
1948
1505
1294
1337
1432
1574
1774
1692
1206
586
133
-245
-522
-563
-394
-293
-491
-936
-1361
-1587
-1647
-1492
-1001
-466
-271
-381
-513
-626
-663
-385
169
673
920
943
828
667
586
688
1020
1401
1592
1527
1347
1079
822
897
1237
1348
1034
648
488
467
411
270
231
394
472
258
-38
-146
-107
-45
-70
-235
-405
-426
-404
-591
-892
-1076
-1066
-981
-982
-1141
-1366
-1502
-1539
-1554
-1510
-1410
-1366
-1405
-1521
-1634
-1634
-1426
-1193
-1081
-1076
-1015
-726
-140
483
771
665
542
692
1031
1297
1477
1727
1963
1886
1474
1136
1084
1203
1246
1184
969
608
170
-198
-453
-665
-801
-755
-620
-657
-954
-1228
-1330
-1294
-1180
-852
-311
137
198
-23
-180
-59
309
809
1265
1503
1484
1371
1293
1240
1199
1271
1500
1666
1566
1301
1085
989
871
623
357
242
299
312
160
-142
-386
-402
-299
-303
-376
-351
-305
-384
-580
-732
-739
-575
-428
-487
-723
-904
-935
-885
-879
-964
-1070
-1098
-1110
-1183
-1271
-1262
-1252
-1327
-1449
-1495
-1395
-1223
-1129
-1191
-1233
-1150
-952
-659
-153
494
936
900
588
411
567
910
1355
1848
2144
1949
1327
813
723
955
1195
1299
1143
652
-35
-546
-762
-840
-903
-834
-697
-712
-983
-1318
-1512
-1500
-1288
-780
-89
432
467
179
-53
20
440
1099
1717
2004
1868
1526
1231
1123
1187
1380
1627
1821
1865
1670
1191
544
57
-29
253
610
701
414
-96
-622
-1004
-1023
-635
-127
125
-37
-505
-966
-1110
-886
-535
-235
-86
-120
-338
-609
-832
-925
-847
-658
-489
-446
-597
-925
-1309
-1553
-1570
-1403
-1189
-1086
-1184
-1419
-1639
-1677
-1526
-1215
-774
-139
544
865
613
111
-35
406
1137
1814
2300
2450
2039
1208
618
750
1422
1955
1951
1410
621
-138
-621
-777
-798
-818
-747
-632
-752
-1261
-1848
-2111
-1931
-1436
-750
-32
392
280
-195
-515
-300
397
1289
2008
2247
1946
1445
1122
1112
1316
1662
2028
2219
2155
1833
1309
666
177
142
528
968
950
400
-279
-761
-1004
-984
-610
-101
126
-127
-696
-1233
-1363
-1023
-537
-236
-221
-371
-592
-851
-1046
-1051
-789
-437
-267
-391
-688
-1038
-1336
-1490
-1416
-1175
-991
-1014
-1302
-1649
-1875
-1808
-1519
-1182
-798
-355
169
478
422
100
-93
209
905
1647
2113
2113
1677
1002
598
695
1224
1764
1871
1337
433
-342
-731
-795
-737
-729
-724
-760
-935
-1334
-1731
-1911
-1789
-1365
-687
-5
389
410
169
-99
-51
509
1406
2161
2423
2172
1697
1360
1311
1515
1903
2379
2633
2327
1613
968
665
615
616
585
579
575
290
-398
-1055
-1223
-938
-526
-245
-279
-578
-928
-1188
-1327
-1194
-740
-237
-88
-351
-812
-1093
-980
-632
-354
-235
-203
-307
-577
-897
-1088
-1077
-927
-808
-854
-1019
-1182
-1313
-1455
-1559
-1500
-1114
-411
303
593
368
-61
-282
-55
506
1192
1772
2007
1726
1057
465
320
674
1235
1574
1381
694
-101
-682
-981
-1078
-1020
-806
-635
-748
-1170
-1612
-1831
-1789
-1470
-890
-205
347
561
398
88
13
418
1236
2069
2499
2395
2020
1670
1465
1480
1846
2463
2887
2709
1980
1092
528
382
476
637
759
631
89
-694
-1355
-1552
-1263
-750
-448
-516
-832
-1186
-1450
-1562
-1437
-1042
-525
-176
-252
-637
-1013
-1089
-882
-524
-156
100
69
-336
-936
-1359
-1350
-997
-628
-543
-789
-1186
-1553
-1793
-1862
-1668
-1065
-202
462
502
21
-525
-702
-356
393
1310
1989
2081
1552
770
225
210
731
1455
1844
1517
644
-242
-809
-1053
-1073
-878
-520
-328
-585
-1183
-1698
-1895
-1759
-1278
-520
214
576
503
199
-26
101
722
1670
2457
2682
2400
2012
1776
1666
1722
2036
2710
3411
3330
2170
671
-83
193
934
1314
1086
576
-58
-1039
-1969
-2045
-1206
-261
15
-545
-1394
-1883
-1785
-1515
-1362
-1100
-594
-177
-254
-864
-1476
-1534
-988
-329
42
182
58
-452
-1224
-1757
-1669
-964
-259
-179
-784
-1517
-1855
-1806
-1620
-1258
-601
249
810
717
76
-642
-798
-131
1065
2102
2441
2059
1337
594
144
300
1125
2019
2104
1207
38
-764
-1077
-1110
-993
-775
-572
-604
-997
-1625
-2167
-2345
-1906
-1000
-132
285
335
236
14
-174
133
1117
2342
3090
3036
2538
2080
1888
2019
2503
3080
3343
3120
2536
1810
1150
665
474
633
879
807
283
-519
-1340
-1887
-1900
-1448
-930
-672
-862
-1421
-1997
-2194
-1935
-1437
-927
-638
-665
-905
-1167
-1327
-1316
-1078
-688
-293
-139
-327
-767
-1242
-1513
-1461
-1042
-514
-316
-599
-1103
-1450
-1532
-1227
-508
417
1100
1147
616
-66
-390
-74
821
1875
2454
2320
1733
1059
488
220
573
1352
1869
1486
426
-632
-1289
-1551
-1582
-1355
-1004
-887
-1176
-1767
-2297
-2601
-2446
-1731
-740
45
340
254
2
-242
-157
554
1808
2953
3345
2944
2362
2180
2506
2996
3365
3603
3623
3351
2719
1880
1225
1073
1293
1386
1112
572
-51
-739
-1409
-1843
-1773
-1313
-957
-1124
-1760
-2359
-2511
-2286
-1920
-1605
-1408
-1338
-1424
-1659
-1893
-1882
-1559
-1136
-903
-938
-1107
-1271
-1414
-1587
-1627
-1360
-883
-577
-694
-1054
-1312
-1235
-679
109
880
1343
1382
1014
486
269
703
1696
2592
2805
2421
1953
1537
1088
868
1168
1753
1923
1319
304
-604
-1177
-1453
-1520
-1421
-1344
-1413
-1662
-2072
-2584
-2978
-2826
-1993
-986
-386
-235
-287
-362
-370
-31
862
2034
2911
3147
2954
2820
3083
3574
3799
3690
3594
3715
3830
3523
2704
1853
1513
1511
1352
974
599
160
-489
-1311
-1966
-2122
-1787
-1437
-1585
-2165
-2656
-2760
-2561
-2344
-2223
-2120
-1939
-1779
-1812
-2004
-2088
-1921
-1639
-1412
-1291
-1218
-1210
-1364
-1623
-1724
-1432
-878
-493
-478
-718
-935
-812
-148
800
1509
1698
1444
1068
818
1007
1608
2387
2862
2755
2358
2044
1773
1430
1246
1476
1755
1527
748
-204
-976
-1459
-1713
-1764
-1712
-1770
-2102
-2581
-2980
-3234
-3335
-3008
-2215
-1407
-958
-881
-906
-856
-548
139
1155
2187
2818
2934
2894
3118
3525
3793
3914
4142
4497
4593
4211
3422
2658
2273
2197
2135
1900
1461
811
9
-824
-1492
-1783
-1687
-1534
-1712
-2223
-2710
-2960
-2991
-2930
-2763
-2511
-2261
-2156
-2257
-2459
-2546
-2383
-2054
-1773
-1621
-1560
-1548
-1614
-1721
-1726
-1515
-1126
-807
-662
-629
-518
-275
167
717
1219
1597
1852
1910
1697
1470
1625
2253
2898
3079
2777
2424
2126
1755
1402
1491
1846
1812
1043
-39
-904
-1360
-1560
-1718
-1884
-2073
-2338
-2622
-2886
-3149
-3460
-3455
-2868
-2003
-1422
-1212
-1110
-980
-802
-397
410
1524
2530
3108
3296
3301
3253
3264
3582
4203
4807
5038
4792
4168
3311
2506
2061
2129
2441
2433
1789
641
-556
-1365
-1624
-1552
-1462
-1515
-1783
-2275
-2876
-3333
-3437
-3204
-2799
-2443
-2318
-2438
-2710
-2958
-3038
-2860
-2400
-1875
-1588
-1701
-2029
-2239
-2096
-1694
-1197
-799
-532
-493
-557
-453
85
805
1382
1750
2028
2098
1841
1515
1561
2204
3006
3317
3018
2649
2329
1864
1330
1307
1756
1980
1452
436
-542
-1191
-1598
-1856
-1885
-1811
-1935
-2271
-2641
-3027
-3470
-3548
-2957
-2072
-1531
-1423
-1399
-1224
-1009
-752
-167
842
1916
2591
2826
2861
2829
2865
3205
3904
4641
4953
4702
4079
3374
2829
2570
2624
2781
2684
2102
1134
89
-664
-1002
-1082
-1113
-1232
-1514
-1982
-2517
-2949
-3130
-3012
-2701
-2403
-2299
-2454
-2760
-3020
-3050
-2836
-2429
-2043
-1893
-2087
-2412
-2531
-2325
-1874
-1445
-1129
-877
-747
-698
-512
53
816
1444
1876
2107
2096
1821
1633
1887
2641
3336
3440
3112
2814
2542
2049
1652
1820
2234
2204
1445
416
-391
-896
-1270
-1553
-1610
-1658
-1948
-2364
-2716
-3073
-3448
-3413
-2825
-2106
-1754
-1757
-1789
-1696
-1511
-1174
-425
677
1628
2088
2227
2223
2135
2282
2936
3902
4634
4721
4258
3629
3133
2778
2713
3005
3298
3057
2194
1079
194
-210
-261
-303
-512
-847
-1221
-1718
-2252
-2677
-2775
-2555
-2237
-2096
-2235
-2581
-2972
-3245
-3238
-2929
-2492
-2208
-2277
-2708
-3154
-3237
-2827
-2200
-1748
-1513
-1422
-1324
-1184
-802
-58
821
1576
2058
2171
1874
1503
1659
2472
3466
3885
3670
3328
3096
2693
2122
2089
2642
3017
2504
1380
355
-325
-746
-1074
-1230
-1254
-1415
-1813
-2327
-2853
-3418
-3633
-3164
-2352
-1863
-1849
-1970
-2071
-2142
-2058
-1476
-300
977
1787
1863
1588
1420
1531
1974
2769
3711
4386
4504
4042
3182
2445
2277
2652
3158
3418
3093
2192
1046
85
-363
-273
121
305
-49
-833
-1741
-2375
-2568
-2377
-2049
-1770
-1691
-1945
-2505
-3132
-3457
-3331
-2894
-2515
-2392
-2569
-2942
-3361
-3609
-3436
-2848
-2161
-1670
-1510
-1543
-1468
-1007
-238
689
1632
2190
2101
1582
1433
2009
3073
3829
3976
3819
3609
3174
2489
2209
2615
3134
2997
2162
1167
315
-351
-901
-1221
-1239
-1229
-1399
-1788
-2351
-3083
-3643
-3478
-2713
-1985
-1709
-1731
-1859
-2116
-2301
-2009
-931
515
1479
1515
1148
979
1074
1469
2189
3129
3914
4211
3826
3008
2360
2260
2631
3124
3298
3007
2369
1573
767
173
70
421
734
529
-217
-1154
-1834
-2079
-1938
-1663
-1458
-1470
-1808
-2424
-3006
-3212
-2972
-2609
-2449
-2574
-2861
-3120
-3321
-3442
-3363
-2999
-2437
-1944
-1734
-1778
-1677
-1123
-272
661
1489
1993
1940
1491
1331
1972
3140
3931
3983
3703
3480
3130
2574
2413
2811
3205
2875
2004
1196
614
76
-510
-914
-1014
-1085
-1322
-1686
-2088
-2669
-3214
-3225
-2610
-1947
-1669
-1661
-1752
-1981
-2185
-2000
-1120
-31
762
1132
1251
1074
717
818
1687
2885
3600
3505
3077
2867
2685
2388
2351
2796
3254
3195
2551
1671
985
748
720
604
437
276
94
-333
-1043
-1739
-2033
-1788
-1382
-1276
-1606
-2150
-2646
-2939
-3049
-2949
-2685
-2498
-2625
-3181
-3744
-3842
-3406
-2844
-2618
-2618
-2463
-2044
-1456
-943
-447
205
1076
1719
1706
1247
1241
2083
3150
3623
3435
3303
3389
3262
2777
2501
2799
3128
2793
1902
1035
553
285
-47
-460
-849
-1163
-1325
-1450
-1814
-2485
-3016
-2798
-2088
-1583
-1569
-1712
-1724
-1789
-1886
-1586
-595
672
1425
1228
482
25
290
1126
2018
2636
2871
2751
2371
1807
1441
1651
2402
3067
3026
2310
1495
1044
917
887
853
936
1086
945
285
-677
-1287
-1293
-963
-724
-769
-1004
-1425
-2064
-2723
-3011
-2742
-2218
-1939
-2241
-2911
-3549
-3802
-3601
-3115
-2609
-2321
-2220
-2223
-2203
-1867
-1211
-318
664
1503
1751
1352
945
1216
2201
3248
3725
3641
3474
3277
2799
2325
2450
3020
3215
2617
1689
869
255
-242
-647
-805
-785
-835
-1116
-1610
-2245
-2896
-3094
-2567
-1744
-1236
-1148
-1268
-1541
-1925
-2060
-1487
-334
815
1445
1423
1018
438
73
371
1411
2654
3294
3071
2312
1456
935
994
1649
2522
2987
2624
1670
635
98
204
633
1066
1191
964
398
-381
-1017
-1344
-1257
-903
-559
-501
-892
-1637
-2460
-3003
-3019
-2528
-2044
-2001
-2529
-3357
-3930
-4001
-3591
-3048
-2590
-2230
-2098
-1983
-1580
-929
-198
493
1048
1309
1367
1564
2044
2643
3059
3175
3232
3404
3290
2817
2471
2653
2952
2670
1895
1158
681
311
-187
-706
-1012
-1130
-1265
-1552
-1919
-2333
-2721
-2738
-2302
-1773
-1417
-1207
-1133
-1288
-1505
-1323
-555
570
1513
1811
1583
1163
816
803
1313
2188
2928
3115
2664
1841
1119
894
1209
1849
2338
2262
1589
657
-1
-110
211
619
822
781
436
-182
-821
-1160
-1078
-755
-457
-398
-686
-1280
-1971
-2444
-2526
-2282
-1982
-1912
-2218
-2829
-3428
-3677
-3484
-3110
-2773
-2561
-2402
-2200
-1793
-1233
-558
201
809
1066
1016
1168
1777
2629
3191
3250
3160
3230
3224
2919
2689
2913
3189
2907
2087
1345
924
557
-4
-615
-953
-1092
-1191
-1360
-1708
-2288
-2916
-3021
-2515
-1877
-1574
-1499
-1401
-1411
-1577
-1570
-922
203
1222
1760
1788
1427
864
622
1107
2108
2964
3166
2795
2087
1256
679
787
1573
2365
2431
1632
506
-362
-566
-190
331
652
614
333
-159
-795
-1249
-1281
-873
-381
-169
-333
-814
-1461
-2069
-2314
-2082
-1578
-1339
-1630
-2366
-3112
-3416
-3176
-2734
-2514
-2512
-2472
-2304
-1922
-1391
-696
51
574
703
605
824
1553
2479
3058
3115
3002
3074
3101
2853
2662
2912
3302
3149
2320
1469
1010
799
386
-299
-826
-1048
-1149
-1329
-1634
-2105
-2734
-3044
-2762
-2195
-1809
-1663
-1585
-1617
-1808
-1803
-1152
89
1174
1402
1026
829
1072
1395
1610
1903
2384
2816
2807
2208
1418
1020
1181
1587
1838
1711
1303
789
221
-323
-551
-262
277
498
132
-527
-979
-1046
-938
-822
-731
-644
-610
-830
-1321
-1772
-1878
-1679
-1491
-1534
-1835
-2244
-2572
-2790
-2896
-2829
-2574
-2355
-2322
-2372
-2109
-1423
-560
222
676
685
400
404
1123
2300
3161
3272
3013
2918
2869
2614
2468
2938
3581
3504
2517
1495
1032
893
568
37
-350
-617
-936
-1305
-1653
-2026
-2506
-2739
-2490
-2009
-1731
-1649
-1566
-1575
-1795
-1825
-1145
175
1293
1559
1216
841
729
961
1577
2403
3077
3208
2729
2010
1486
1249
1316
1695
2092
2071
1556
757
-13
-458
-457
-78
346
511
211
-449
-1095
-1426
-1318
-941
-491
-264
-472
-1028
-1654
-2018
-1984
-1648
-1317
-1229
-1505
-2086
-2702
-3113
-3081
-2686
-2208
-1991
-2124
-2284
-2092
-1522
-780
-72
498
768
715
688
1110
2062
2952
3152
2857
2757
2890
2885
2757
2885
3172
3103
2500
1770
1309
1102
769
223
-233
-490
-694
-946
-1270
-1736
-2347
-2710
-2517
-2001
-1669
-1651
-1748
-1797
-1923
-1976
-1513
-463
684
1352
1340
835
239
132
794
1939
2901
3112
2640
1926
1305
884
933
1493
2152
2249
1621
623
-198
-502
-402
-166
80
209
132
-271
-944
-1542
-1706
-1369
-802
-413
-443
-891
-1542
-2130
-2421
-2251
-1653
-1113
-1106
-1782
-2702
-3282
-3184
-2648
-2151
-1903
-1827
-1761
-1585
-1293
-757
2
708
920
707
679
1312
2411
3130
3083
2729
2696
2806
2724
2677
2955
3249
2969
2137
1336
1003
998
856
404
-133
-593
-866
-969
-1055
-1429
-2052
-2401
-2185
-1701
-1422
-1392
-1411
-1507
-1703
-1687
-1053
94
1172
1517
1047
349
91
559
1475
2334
2745
2653
2217
1609
1065
926
1342
2000
2256
1813
950
247
-41
-63
-23
42
144
145
-112
-664
-1203
-1433
-1326
-1026
-774
-723
-932
-1362
-1869
-2288
-2318
-1906
-1375
-1235
-1726
-2531
-3042
-2965
-2593
-2298
-2128
-1983
-1830
-1597
-1265
-762
-14
722
951
628
405
906
2026
3018
3231
2866
2576
2473
2304
2244
2619
3081
2949
2086
1160
681
642
613
292
-158
-574
-820
-920
-991
-1264
-1812
-2173
-2006
-1559
-1333
-1351
-1328
-1298
-1411
-1496
-1123
-115
1073
1603
1165
359
-18
409
1307
2136
2564
2578
2239
1580
881
676
1231
2173
2640
2138
1068
249
35
192
337
422
509
481
71
-696
-1368
-1482
-1168
-792
-690
-858
-1187
-1657
-2188
-2612
-2652
-2244
-1655
-1416
-1857
-2678
-3188
-3062
-2632
-2356
-2256
-2033
-1664
-1386
-1250
-933
-118
871
1316
1048
661
983
1978
2991
3343
3102
2846
2723
2448
2111
2241
2762
2975
2345
1300
551
371
486
306
-190
-675
-928
-922
-915
-1168
-1759
-2202
-1985
-1392
-1086
-1172
-1276
-1262
-1338
-1414
-1071
-126
1009
1658
1436
700
141
245
964
1796
2345
2463
2268
1790
1065
444
514
1342
2227
2328
1568
581
-26
-120
10
196
395
542
425
-166
-991
-1524
-1442
-1042
-734
-747
-1024
-1488
-2049
-2597
-2944
-2817
-2272
-1811
-1940
-2626
-3284
-3447
-3142
-2747
-2519
-2296
-1920
-1329
-858
-467
60
720
1083
991
988
1531
2619
3540
3649
3152
2776
2735
2650
2583
2857
3203
3002
2043
961
326
264
335
152
-223
-666
-1077
-1439
-1626
-1762
-1968
-1988
-1617
-1123
-1038
-1306
-1536
-1498
-1325
-1068
-523
371
1329
1799
1511
750
206
451
1379
2380
2804
2607
2123
1574
940
455
620
1482
2319
2296
1328
174
-373
-169
316
678
789
706
376
-275
-1043
-1454
-1207
-593
-209
-400
-1040
-1773
-2359
-2730
-2870
-2635
-2176
-1938
-2289
-3069
-3716
-3806
-3359
-2769
-2467
-2399
-2258
-1747
-1157
-612
36
769
1239
1193
1161
1653
2653
3489
3619
3375
3327
3344
2986
2534
2570
2889
2788
2018
1141
549
198
-154
-597
-887
-1070
-1180
-1359
-1658
-2103
-2600
-2610
-2001
-1209
-928
-1130
-1347
-1379
-1331
-1160
-545
479
1581
2209
2024
1286
602
621
1393
2424
3052
3008
2602
1929
1069
347
435
1375
2382
2477
1480
185
-578
-543
-125
334
692
838
602
-195
-1196
-1781
-1584
-841
-199
-159
-784
-1704
-2532
-3035
-3097
-2669
-2057
-1880
-2443
-3388
-3967
-3948
-3524
-3061
-2751
-2485
-2071
-1530
-1013
-417
173
480
500
760
1732
2986
3798
3732
3180
2975
3227
3459
3460
3666
3875
3431
2169
974
589
774
862
352
-479
-1224
-1676
-1816
-1864
-2005
-2437
-2777
-2589
-2000
-1556
-1478
-1522
-1597
-1693
-1576
-840
404
1570
2077
1650
886
520
987
2052
3004
3320
2893
2287
1820
1393
1077
1152
1682
2139
2007
1182
226
-298
-237
71
297
466
525
378
-181
-1011
-1532
-1456
-844
-228
-88
-589
-1516
-2438
-2957
-2864
-2279
-1679
-1622
-2284
-3305
-3993
-3970
-3462
-2891
-2587
-2510
-2299
-1817
-1217
-604
-20
362
423
583
1415
2691
3729
3903
3427
3049
3138
3452
3676
3971
4185
3814
2641
1369
748
762
887
599
-84
-924
-1676
-2087
-2226
-2263
-2573
-2977
-3018
-2594
-2094
-1919
-1969
-2104
-2259
-2194
-1545
-278
1097
1897
1667
830
228
510
1639
2965
3756
3590
2824
1982
1358
1151
1508
2219
2729
2503
1527
425
-142
-32
369
652
725
593
312
-191
-845
-1292
-1302
-922
-455
-263
-588
-1405
-2367
-3062
-3182
-2722
-2047
-1730
-2094
-3012
-3861
-4156
-3831
-3156
-2538
-2219
-2051
-1765
-1323
-716
-32
408
457
575
1394
2652
3676
3937
3625
3354
3276
3320
3478
4020
4589
4383
3151
1649
845
818
1033
915
392
-380
-1244
-1919
-2315
-2452
-2633
-2856
-2894
-2737
-2560
-2505
-2433
-2410
-2544
-2622
-2176
-931
557
1485
1327
453
-162
105
1290
2714
3700
3778
3035
2024
1190
1023
1656
2759
3444
3130
1925
577
-50
146
718
1143
1285
1188
740
10
-825
-1271
-1132
-639
-167
-46
-379
-1156
-2214
-3100
-3374
-2910
-2162
-1791
-2215
-3217
-4134
-4452
-4162
-3576
-2946
-2522
-2255
-2009
-1736
-1215
-463
152
349
461
1164
2367
3433
3764
3581
3485
3558
3614
3650
4071
4641
4645
3661
2339
1597
1512
1571
1267
646
-79
-791
-1319
-1708
-1999
-2401
-2804
-2928
-2807
-2689
-2701
-2631
-2592
-2772
-3024
-2754
-1702
-483
399
640
366
-73
-232
335
1525
2842
3447
3092
2280
1428
881
1006
1976
3065
3466
2775
1372
201
-111
403
1111
1572
1538
1012
286
-491
-1009
-1100
-740
-260
-32
-214
-831
-1698
-2535
-3076
-3137
-2689
-2088
-1906
-2435
-3446
-4305
-4575
-4196
-3437
-2759
-2198
-1703
-1312
-999
-771
-627
-467
78
1328
2813
3739
3793
3395
3127
3050
3148
3610
4541
5309
5038
3597
2078
1472
1682
2023
1940
1496
771
-182
-1108
-1772
-2062
-2175
-2203
-2124
-2141
-2441
-2871
-3095
-3187
-3314
-3249
-2608
-1517
-571
-180
-425
-897
-1101
-793
106
1338
2459
2847
2427
1620
828
549
1083
2183
3078
3199
2448
1287
387
228
777
1557
2087
2014
1323
354
-501
-836
-652
-175
250
300
-170
-1080
-2048
-2656
-2750
-2461
-2130
-2096
-2447
-3038
-3632
-3987
-4061
-3879
-3505
-3104
-2666
-2199
-1623
-1010
-650
-666
-830
-461
794
2379
3401
3516
3246
3062
2954
2921
3308
4271
5086
4876
3600
2293
1778
1952
2249
2158
1797
1240
541
-175
-828
-1332
-1735
-1841
-1651
-1480
-1635
-2041
-2461
-2913
-3343
-3402
-2682
-1465
-563
-348
-682
-1220
-1620
-1531
-704
649
1932
2388
1914
1085
391
148
607
1712
2832
3254
2676
1423
333
124
851
1874
2570
2575
1891
852
-110
-543
-330
289
881
968
368
-760
-1924
-2604
-2644
-2248
-1830
-1724
-2117
-2902
-3777
-4299
-4250
-3802
-3246
-2922
-2684
-2404
-2023
-1531
-1143
-965
-953
-566
526
1918
2854
2970
2753
2637
2670
2750
3132
3978
4648
4386
3110
1915
1587
1955
2342
2233
1838
1254
615
24
-458
-756
-1020
-1138
-1115
-1058
-1208
-1518
-1828
-2220
-2657
-2870
-2387
-1370
-420
-204
-870
-1588
-1802
-1468
-816
62
988
1463
1278
479
-353
-504
234
1343
2210
2414
1883
1025
321
200
705
1586
2407
2601
2063
982
72
-196
71
585
1028
1170
747
-213
-1445
-2361
-2470
-1942
-1406
-1431
-1964
-2803
-3572
-3992
-4028
-3679
-3160
-2715
-2428
-2269
-2045
-1640
-1184
-969
-943
-586
440
1749
2672
2792
2475
2373
2526
2718
3105
3909
4580
4283
3033
1777
1346
1701
2221
2255
1863
1274
658
139
-252
-504
-766
-873
-707
-544
-683
-1097
-1445
-1725
-1994
-2156
-1856
-1108
-419
-169
-470
-1000
-1388
-1453
-1117
-438
468
1090
1073
476
-401
-923
-651
359
1443
1969
1681
812
-21
-303
171
1097
1955
2295
1971
1262
489
69
111
446
903
1190
1044
316
-710
-1617
-2109
-2036
-1645
-1393
-1612
-2225
-3019
-3685
-3973
-3852
-3461
-2994
-2461
-2037
-1704
-1370
-1193
-1305
-1550
-1211
-6
1558
2671
2826
2393
1865
1594
1679
2387
3708
4709
4446
2945
1450
822
1080
1686
2032
2045
1617
926
133
-500
-803
-883
-662
-235
88
-60
-596
-1142
-1609
-1854
-1754
-1051
-108
490
430
-198
-890
-1361
-1346
-802
107
954
1158
616
-369
-1238
-1485
-901
255
1255
1554
941
-170
-1050
-1112
-260
970
1964
2157
1570
642
-58
-151
264
917
1408
1573
1192
291
-798
-1548
-1654
-1269
-763
-667
-1202
-2108
-2965
-3442
-3476
-3143
-2733
-2465
-2205
-1931
-1600
-1245
-970
-994
-1150
-888
115
1507
2517
2715
2352
1953
1761
1855
2480
3551
4352
4059
2756
1479
982
1196
1583
1727
1634
1249
633
-51
-575
-863
-971
-865
-526
-172
-190
-609
-1108
-1499
-1683
-1516
-764
290
989
770
-195
-992
-1083
-623
-29
503
896
909
401
-518
-1303
-1404
-792
64
655
650
68
-721
-1296
-1357
-782
253
1238
1544
996
35
-584
-431
228
890
1257
1270
893
111
-805
-1351
-1220
-708
-423
-683
-1323
-1999
-2497
-2801
-2953
-2887
-2609
-2275
-1971
-1673
-1315
-931
-741
-825
-967
-603
460
1762
2601
2680
2373
2055
1842
1893
2525
3586
4257
3823
2551
1426
1074
1315
1582
1550
1344
985
542
38
-469
-897
-1199
-1116
-691
-238
-145
-489
-1075
-1664
-1934
-1649
-719
380
954
629
-80
-383
-331
-247
-181
210
935
1414
1044
-107
-1085
-1287
-900
-314
262
589
389
-351
-1350
-1917
-1487
-237
946
1198
577
-327
-777
-622
-174
369
875
1218
1053
308
-648
-1202
-1082
-702
-507
-662
-969
-1372
-1924
-2571
-3055
-2960
-2460
-1924
-1626
-1513
-1241
-825
-572
-832
-1193
-868
291
1751
2624
2602
2117
1636
1335
1362
2152
3418
4201
3704
2291
1064
684
1099
1601
1761
1589
1181
712
182
-362
-890
-1123
-838
-255
137
-14
-510
-1047
-1476
-1689
-1415
-436
765
1434
1079
73
-735
-799
-207
532
1120
1449
1401
785
-344
-1276
-1355
-530
447
831
433
-385
-1163
-1681
-1746
-1260
-283
658
904
274
-782
-1458
-1315
-537
321
887
1038
657
-278
-1358
-1789
-1333
-451
31
-300
-1066
-1781
-2195
-2428
-2448
-2169
-1771
-1383
-1159
-1032
-826
-602
-549
-757
-705
-16
1187
2253
2596
2327
1824
1452
1346
1779
2785
3733
3845
2839
1500
686
708
1232
1652
1752
1445
906
336
-111
-444
-712
-729
-447
-4
205
24
-454
-1054
-1499
-1517
-834
234
1138
1460
954
-46
-897
-927
-157
889
1552
1493
965
175
-731
-1408
-1319
-441
544
921
362
-746
-1735
-2090
-1738
-959
-35
556
535
-141
-1145
-1777
-1627
-797
179
802
775
52
-1050
-1958
-2180
-1612
-713
-178
-371
-1135
-2044
-2681
-2770
-2329
-1679
-1163
-916
-741
-471
-304
-472
-846
-799
-38
1194
2226
2624
2494
2115
1612
1218
1451
2479
3606
3922
3104
1772
760
508
812
1225
1528
1534
1189
575
-87
-554
-748
-586
-199
153
256
154
-104
-626
-1294
-1588
-1023
141
1153
1308
707
164
-89
-240
-328
49
859
1512
1466
565
-512
-1090
-1067
-695
-203
268
405
96
-772
-1801
-2200
-1594
-371
456
482
-166
-854
-1189
-1278
-1075
-557
230
747
481
-503
-1561
-1933
-1659
-1135
-763
-609
-695
-1196
-1969
-2710
-2801
-2172
-1194
-445
-298
-368
-396
-422
-643
-763
-254
754
1841
2425
2356
1967
1527
1250
1211
1839
2873
3513
3179
2089
989
289
297
763
1229
1350
1020
521
-44
-528
-883
-940
-511
129
532
377
-72
-577
-1032
-1255
-986
-14
1138
1700
1269
299
-428
-533
-44
668
1251
1498
1280
600
-308
-944
-998
-501
127
384
129
-405
-931
-1350
-1550
-1378
-753
55
495
232
-544
-1230
-1397
-1026
-384
233
561
348
-401
-1344
-1877
-1759
-1216
-736
-661
-910
-1359
-1819
-2209
-2360
-2146
-1569
-751
-116
130
0
-391
-830
-897
-202
916
1906
2322
2166
1811
1387
1086
1151
1896
2886
3281
2739
1689
920
650
722
900
1059
1107
853
433
-10
-356
-650
-841
-664
-220
194
286
93
-303
-877
-1294
-1124
-122
1115
1699
1280
360
-319
-457
-69
620
1321
1643
1283
420
-453
-803
-598
-167
164
208
-27
-431
-853
-1218
-1367
-1170
-671
-160
59
-81
-522
-980
-1217
-1065
-556
99
498
274
-502
-1334
-1673
-1458
-1048
-809
-855
-1057
-1349
-1729
-2088
-2185
-1908
-1417
-921
-542
-213
40
-71
-585
-1016
-638
506
1660
2140
1911
1542
1284
1096
1063
1559
2489
3035
2652
1609
791
584
791
1053
1114
1016
758
533
311
25
-333
-650
-586
-171
273
410
243
-66
-582
-1079
-1068
-243
944
1586
1240
324
-316
-288
181
719
1118
1298
1151
586
-229
-775
-642
-76
335
234
-203
-634
-935
-1135
-1252
-1153
-737
-252
-92
-391
-891
-1225
-1259
-1021
-600
-122
165
-3
-639
-1379
-1711
-1473
-970
-673
-776
-1093
-1420
-1698
-1928
-1983
-1741
-1280
-743
-371
-126
36
13
-315
-672
-408
538
1584
2037
1812
1401
1131
1048
1125
1562
2299
2698
2305
1329
582
431
680
986
1053
884
515
218
97
42
-80
-317
-373
-158
112
180
100
-7
-270
-638
-745
-269
552
1093
1002
477
104
162
504
793
921
910
800
579
171
-273
-480
-278
15
27
-262
-564
-735
-851
-978
-1051
-913
-570
-301
-339
-655
-957
-1084
-1007
-786
-473
-174
-115
-414
-948
-1387
-1462
-1238
-991
-957
-1066
-1220
-1400
-1687
-1970
-1927
-1500
-947
-546
-289
39
290
191
-237
-379
214
1186
1873
1969
1803
1622
1368
1117
1193
1833
2550
2658
1979
1038
465
418
732
994
968
681
332
162
60
-88
-319
-371
-106
209
310
225
103
-96
-406
-534
-148
630
1191
1131
681
331
213
231
379
653
969
1024
628
-52
-645
-887
-714
-335
-103
-213
-579
-1003
-1362
-1505
-1307
-829
-328
-131
-304
-618
-855
-935
-910
-699
-280
140
221
-217
-909
-1385
-1428
-1245
-1024
-856
-792
-931
-1311
-1778
-2063
-1945
-1422
-872
-487
-371
-237
52
253
162
-112
45
813
1738
2195
2003
1668
1487
1385
1340
1613
2308
2752
2414
1366
465
231
541
973
1028
758
296
-34
-132
-136
-153
-260
-167
120
323
288
164
213
227
146
190
629
1244
1483
1207
664
399
487
729
909
975
937
636
149
-397
-816
-869
-638
-407
-498
-842
-1282
-1628
-1740
-1637
-1325
-925
-572
-543
-808
-1113
-1246
-1091
-788
-451
-254
-282
-507
-836
-1115
-1292
-1339
-1278
-1133
-998
-1020
-1220
-1484
-1687
-1804
-1721
-1369
-796
-277
31
152
121
-7
-101
146
845
1658
2119
2053
1819
1669
1539
1467
1667
2217
2565
2318
1519
734
355
344
522
642
651
412
-14
-370
-566
-544
-437
-199
70
174
214
278
385
339
179
196
499
984
1315
1372
1164
902
679
539
592
801
998
925
499
-170
-835
-1139
-1065
-777
-559
-610
-956
-1468
-1862
-1923
-1606
-1093
-652
-506
-709
-1050
-1289
-1203
-870
-528
-384
-414
-499
-615
-802
-1063
-1285
-1314
-1140
-973
-875
-895
-1058
-1316
-1522
-1537
-1215
-519
225
681
714
391
28
-10
557
1494
2324
2625
2392
2000
1681
1548
1640
2004
2440
2559
2187
1471
760
266
52
164
471
750
636
141
-518
-1017
-1019
-511
245
724
729
434
146
115
220
372
615
951
1192
1206
1028
783
622
563
527
544
662
816
700
199
-564
-1193
-1356
-1113
-766
-612
-798
-1223
-1714
-2012
-1975
-1631
-1175
-908
-946
-1140
-1275
-1281
-1227
-1168
-1076
-930
-804
-769
-867
-1051
-1231
-1306
-1256
-1094
-887
-740
-737
-839
-947
-911
-578
-121
176
320
527
790
871
750
710
1041
1628
2010
1952
1733
1677
1725
1638
1495
1421
1431
1351
1122
737
324
54
-49
-26
85
199
246
136
-112
-403
-436
-91
435
823
922
794
591
438
407
487
696
931
1073
1011
786
514
321
282
373
517
593
490
227
-119
-459
-753
-909
-890
-762
-687
-801
-1065
-1363
-1582
-1651
-1586
-1387
-1142
-962
-966
-1144
-1363
-1499
-1500
-1353
-1138
-977
-927
-960
-1055
-1141
-1170
-1092
-935
-768
-659
-594
-505
-375
-251
-92
83
238
486
919
1334
1361
1012
741
916
1396
1749
1848
1852
1820
1587
1201
992
1085
1296
1307
990
516
162
45
56
57
52
120
274
338
180
-49
-30
251
572
767
849
857
744
506
280
285
537
803
837
579
222
22
55
135
144
125
130
57
-156
-427
-643
-776
-875
-976
-1080
-1159
-1203
-1283
-1475
-1697
-1767
-1602
-1386
-1310
-1414
-1546
-1536
-1416
-1344
-1349
-1307
-1184
-1116
-1132
-1104
-880
-549
-342
-396
-560
-546
-292
69
351
549
673
687
739
1070
1494
1585
1303
1078
1203
1539
1742
1671
1548
1518
1365
1007
872
1138
1433
1370
877
268
-102
-40
228
357
295
201
154
136
100
77
204
419
542
516
464
540
646
638
485
357
433
623
695
538
305
217
252
262
210
189
207
203
62
-191
-412
-516
-507
-537
-654
-865
-1089
-1260
-1391
-1440
-1348
-1232
-1276
-1539
-1816
-1908
-1842
-1736
-1625
-1505
-1442
-1495
-1614
-1618
-1453
-1185
-890
-647
-455
-383
-425
-486
-425
-151
215
545
714
714
608
571
712
973
1204
1332
1367
1354
1270
1142
1011
1037
1239
1430
1411
1206
1008
890
814
704
568
513
543
559
461
332
265
257
236
172
185
302
482
520
360
140
64
231
494
662
633
475
277
145
140
235
361
361
203
-36
-191
-161
-69
-59
-213
-437
-579
-596
-561
-605
-708
-804
-933
-1122
-1291
-1340
-1305
-1254
-1323
-1503
-1677
-1750
-1715
-1624
-1460
-1254
-1130
-1148
-1221
-1194
-961
-608
-306
-191
-182
-158
-93
-8
111
288
483
631
708
747
765
766
749
750
862
1084
1282
1293
1081
816
703
814
1021
1157
1149
1047
928
849
803
769
766
731
669
602
566
573
550
475
375
354
458
595
634
516
355
218
187
266
413
535
495
326
111
11
76
198
260
172
21
-123
-172
-128
-105
-168
-325
-431
-452
-437
-477
-608
-794
-1012
-1198
-1355
-1446
-1437
-1412
-1470
-1657
-1838
-1909
-1850
-1728
-1605
-1485
-1385
-1320
-1271
-1198
-1083
-876
-633
-458
-365
-306
-245
-170
-81
39
202
393
559
640
639
609
594
649
786
958
1086
1097
1017
905
823
843
953
1107
1169
1132
1061
994
960
965
979
948
869
754
687
694
724
700
592
463
406
454
554
589
531
404
282
248
310
439
509
464
300
105
9
40
150
203
128
-45
-191
-212
-122
-51
-94
-221
-362
-434
-416
-388
-458
-652
-903
-1096
-1195
-1198
-1186
-1230
-1313
-1413
-1501
-1589
-1602
-1482
-1302
-1161
-1133
-1144
-1114
-1023
-919
-821
-681
-478
-261
-107
-59
-95
-109
20
231
422
506
505
468
415
418
539
780
1014
1095
1006
851
787
833
953
1086
1180
1175
1051
902
832
868
918
886
749
581
507
544
587
520
354
225
209
284
390
453
422
303
182
161
280
469
622
628
495
336
252
284
375
431
380
267
133
13
-58
-66
-43
-81
-211
-386
-521
-551
-518
-555
-737
-972
-1134
-1164
-1118
-1092
-1106
-1159
-1252
-1375
-1464
-1437
-1294
-1128
-1051
-1052
-1065
-1039
-979
-937
-863
-724
-496
-273
-164
-179
-235
-200
-54
126
263
322
329
292
261
265
350
518
687
766
716
611
550
565
641
731
823
888
884
777
638
586
628
695
691
631
563
520
494
449
400
379
392
429
480
511
492
413
320
268
307
442
584
623
510
334
213
231
334
430
464
415
318
172
20
-64
-60
-47
-105
-205
-262
-280
-356
-586
-861
-993
-935
-801
-753
-832
-993
-1164
-1304
-1367
-1313
-1148
-988
-931
-973
-1044
-1045
-982
-898
-805
-667
-488
-316
-226
-226
-261
-265
-178
16
238
380
392
303
194
138
196
347
519
621
595
471
336
305
380
529
669
721
673
568
477
436
483
562
593
560
485
405
354
348
348
346
362
388
414
405
378
341
319
355
426
508
548
522
421
295
245
297
398
467
457
377
236
76
-35
-85
-84
-71
-108
-221
-358
-473
-573
-699
-823
-893
-887
-853
-856
-896
-967
-1040
-1096
-1103
-1032
-895
-759
-693
-678
-656
-575
-466
-371
-276
-167
-17
133
202
184
147
177
250
323
340
313
298
291
263
222
190
180
199
228
259
300
339
352
312
264
259
326
455
534
501
413
391
432
446
412
387
429
506
521
448
363
333
335
361
384
425
464
431
333
238
225
293
390
448
451
401
315
225
164
170
222
281
267
116
-125
-341
-426
-405
-393
-446
-577
-713
-834
-953
-1052
-1081
-1039
-990
-966
-983
-1002
-1038
-1078
-1092
-1021
-863
-689
-546
-480
-495
-536
-512
-366
-138
101
257
301
246
160
146
224
369
482
521
473
375
292
237
199
148
121
153
233
282
233
124
31
8
78
211
332
359
292
199
171
232
316
371
383
365
329
285
243
220
230
253
260
256
255
243
207
170
170
223
282
300
271
248
259
228
144
53
32
77
106
70
-67
-249
-410
-516
-565
-560
-529
-534
-613
-780
-950
-1022
-981
-906
-853
-814
-796
-822
-902
-978
-964
-824
-620
-451
-347
-291
-253
-215
-160
-65
63
221
392
506
530
487
427
399
412
464
506
514
488
426
359
302
269
265
285
316
335
333
314
306
329
378
424
470
510
529
522
504
499
515
549
578
576
534
475
427
404
427
459
458
413
342
275
250
291
334
293
163
7
-95
-104
-29
34
-17
-184
-365
-455
-444
-383
-351
-404
-521
-656
-760
-815
-805
-762
-761
-828
-939
-1012
-1018
-970
-929
-921
-895
-860
-833
-821
-805
-741
-649
-565
-498
-405
-256
-96
-9
-17
-48
-2
156
353
489
516
449
365
326
354
440
528
573
531
458
409
391
372
359
390
458
536
551
486
379
326
400
556
696
748
704
625
568
557
592
686
791
816
743
620
551
558
590
595
562
536
516
499
462
403
337
259
176
113
77
50
2
-105
-259
-384
-443
-448
-451
-501
-621
-772
-893
-951
-944
-900
-857
-855
-891
-944
-969
-949
-881
-764
-628
-528
-493
-513
-546
-551
-516
-449
-369
-299
-258
-238
-202
-137
-78
-42
-23
17
120
252
339
348
293
232
216
268
345
389
389
355
305
237
192
220
295
378
438
450
428
397
370
348
369
430
501
538
519
465
416
407
415
443
482
519
535
497
422
367
364
403
441
447
407
343
277
210
140
66
0
-47
-89
-149
-249
-389
-521
-606
-629
-620
-611
-641
-721
-816
-893
-937
-921
-846
-746
-679
-674
-705
-724
-686
-587
-460
-347
-281
-281
-318
-322
-282
-230
-180
-154
-140
-111
-57
16
64
64
41
46
109
239
384
459
424
324
248
262
355
455
495
480
426
349
292
285
354
444
504
511
476
435
408
395
404
431
472
505
509
491
477
473
484
521
570
614
641
640
598
555
534
528
511
480
438
390
338
257
141
-1
-132
-222
-268
-289
-354
-496
-661
-776
-815
-801
-763
-750
-803
-887
-942
-938
-889
-814
-744
-689
-649
-629
-609
-558
-462
-368
-296
-250
-217
-185
-174
-171
-159
-151
-122
-69
-29
-11
-4
18
41
44
41
44
94
187
280
322
303
244
188
176
229
320
385
379
289
167
80
80
152
234
288
273
205
118
67
78
142
220
282
306
300
310
337
382
444
505
564
615
630
602
537
484
465
465
464
443
394
309
210
96
-28
-134
-192
-228
-278
-371
-520
-685
-796
-835
-839
-838
-838
-836
-829
-821
-819
-805
-766
-693
-599
-503
-407
-330
-311
-305
-283
-210
-106
-24
9
-16
-55
-58
-33
9
63
116
161
188
210
222
246
275
298
330
384
467
542
571
540
467
397
384
419
462
470
409
289
140
35
20
58
102
106
53
-22
-66
-57
-4
75
155
208
243
280
318
352
392
450
523
603
661
661
599
513
456
440
449
463
432
328
194
43
-109
-240
-335
-381
-420
-486
-617
-791
-940
-1030
-1053
-1029
-981
-935
-930
-950
-965
-945
-868
-761
-662
-576
-501
-429
-381
-369
-376
-359
-286
-190
-107
-75
-90
-118
-125
-87
-16
69
152
229
271
269
253
254
278
326
391
478
560
596
567
481
394
357
391
460
500
461
333
174
37
-27
-15
41
77
42
-50
-139
-150
-81
14
107
201
295
372
418
450
487
560
654
749
819
836
800
709
605
533
495
487
476
422
308
147
-18
-159
-261
-316
-344
-383
-460
-578
-709
-817
-862
-836
-780
-740
-737
-762
-778
-761
-712
-656
-607
-541
-465
-385
-331
-312
-323
-337
-308
-243
-159
-96
-71
-90
-148
-183
-138
-48
55
131
157
152
153
157
168
193
228
275
311
343
355
327
267
203
149
139
184
245
243
133
-28
-152
-184
-117
-20
33
28
-26
-76
-76
-1
130
266
380
459
500
519
542
584
649
717
772
816
806
729
610
478
393
359
358
336
265
153
-10
-196
-349
-424
-416
-378
-398
-507
-664
-802
-883
-873
-776
-652
-567
-550
-592
-635
-623
-564
-473
-391
-314
-240
-186
-170
-197
-241
-258
-215
-118
-12
72
96
40
-44
-86
-27
116
275
375
380
316
239
199
216
284
351
388
377
309
213
134
69
25
8
12
26
28
-18
-129
-249
-312
-275
-172
-63
-3
-6
-30
-35
16
121
259
391
480
539
555
560
581
613
659
693
721
728
682
579
433
304
245
252
257
217
112
-48
-212
-343
-413
-414
-369
-341
-390
-497
-622
-706
-713
-664
-586
-510
-463
-449
-457
-461
-453
-416
-347
-280
-229
-195
-170
-177
-196
-210
-210
-150
-40
69
117
100
39
-26
-32
37
147
249
299
279
187
85
52
109
200
242
218
144
57
-27
-77
-93
-82
-62
-58
-80
-119
-163
-202
-223
-214
-173
-110
-34
13
30
16
26
103
239
392
500
558
572
558
550
565
601
649
668
637
550
436
313
214
151
114
89
55
3
-89
-213
-342
-430
-430
-376
-309
-288
-331
-407
-490
-525
-501
-427
-342
-272
-244
-256
-270
-259
-229
-191
-140
-90
-46
-1
30
19
-9
-34
-32
6
69
127
144
130
84
39
39
86
178
248
272
234
161
115
101
143
208
239
215
142
56
-5
-29
-32
-42
-33
-18
-17
-30
-61
-89
-104
-70
-21
38
87
111
114
112
150
223
319
411
472
494
487
468
449
434
437
427
418
390
294
163
33
-60
-111
-136
-157
-196
-259
-345
-440
-514
-541
-509
-463
-418
-401
-424
-475
-505
-495
-457
-390
-311
-236
-188
-189
-222
-254
-247
-189
-112
-41
0
13
3
-15
-19
-8
26
64
111
168
184
150
87
39
42
89
165
202
199
148
70
16
-1
36
99
153
149
88
13
-32
-29
4
38
61
82
101
106
100
94
83
86
123
194
279
330
337
313
306
347
424
512
562
568
528
472
435
416
406
385
341
266
165
76
-3
-73
-129
-179
-229
-273
-318
-383
-459
-516
-547
-535
-501
-478
-470
-490
-517
-537
-513
-454
-388
-327
-284
-243
-220
-221
-235
-233
-187
-120
-63
-35
-35
-50
-87
-116
-124
-90
-15
43
52
13
-42
-65
-62
-22
30
61
60
41
5
-46
-64
-46
-1
40
51
28
5
-9
-12
-22
-19
13
50
84
95
107
118
123
126
132
167
227
299
349
373
382
394
439
506
551
574
576
564
539
499
478
465
450
405
322
231
162
108
52
-9
-69
-122
-180
-248
-310
-358
-390
-421
-453
-476
-477
-465
-460
-460
-465
-442
-383
-315
-257
-222
-192
-167
-157
-143
-128
-107
-76
-47
-29
-28
-32
-42
-55
-61
-41
12
54
72
50
2
-26
-20
11
36
52
60
48
15
-25
-51
-43
-12
14
19
3
-9
-27
-48
-66
-66
-45
-8
20
25
24
27
26
18
21
52
111
181
234
256
266
294
331
378
405
408
405
407
406
380
342
312
281
244
196
145
83
19
-45
-117
-176
-204
-228
-274
-338
-407
-458
-472
-453
-438
-437
-431
-406
-385
-362
-323
-276
-234
-201
-161
-124
-91
-74
-73
-73
-52
-15
17
41
49
37
33
46
61
98
131
146
138
114
91
83
94
104
108
100
87
73
54
33
20
23
36
42
33
15
-8
-31
-51
-56
-40
-15
-5
-13
-24
-26
-11
14
38
73
115
159
207
245
274
301
332
350
357
362
353
349
349
319
269
211
154
95
49
20
-10
-53
-114
-168
-224
-271
-306
-335
-358
-384
-412
-432
-436
-441
-446
-433
-392
-357
-329
-299
-276
-251
-224
-194
-155
-104
-62
-40
-33
-34
-28
-14
8
44
76
95
109
112
109
126
145
159
167
158
146
125
109
91
68
60
53
32
14
8
3
-6
-23
-50
-61
-42
-18
0
8
2
-7
-9
9
42
78
116
140
141
140
144
171
223
286
323
330
331
335
324
311
302
294
286
267
231
178
121
69
24
0
-6
-19
-49
-92
-160
-221
-253
-264
-264
-272
-287
-311
-336
-351
-366
-362
-324
-281
-260
-253
-235
-212
-191
-162
-129
-90
-44
-31
-45
-60
-53
-33
-6
28
64
96
114
115
109
108
135
167
186
190
171
152
124
97
76
51
40
28
2
-29
-66
-93
-104
-105
-85
-57
-38
-39
-49
-49
-30
-10
7
34
62
88
119
141
155
167
185
213
259
304
336
341
322
291
266
261
256
247
223
173
111
52
4
-33
-66
-85
-98
-114
-144
-195
-245
-290
-320
-336
-349
-349
-346
-352
-363
-373
-372
-363
-324
-273
-227
-194
-181
-192
-200
-184
-152
-110
-67
-54
-73
-88
-75
-44
2
43
63
72
72
66
73
100
140
157
156
133
101
92
86
62
36
24
22
24
21
1
-30
-48
-51
-44
-25
-1
24
32
18
6
20
60
117
166
199
205
200
211
236
281
320
345
352
353
353
346
324
288
260
252
242
217
181
134
76
15
-31
-52
-50
-47
-63
-96
-144
-197
-226
-228
-224
-219
-223
-228
-225
-221
-210
-188
-164
-142
-118
-85
-53
-42
-42
-55
-77
-93
-90
-69
-67
-78
-83
-95
-87
-66
-41
-21
-7
0
-8
-8
16
49
61
51
27
0
-23
-40
-52
-63
-64
-80
-108
-124
-129
-131
-132
-136
-140
-128
-96
-59
-41
-34
-23
-6
12
56
114
151
172
178
176
191
227
259
262
247
237
226
222
215
189
163
144
118
84
61
44
15
-23
-57
-88
-106
-105
-110
-124
-148
-173
-188
-191
-182
-186
-184
-169
-138
-95
-63
-38
-19
-12
-10
7
51
103
126
109
66
38
30
29
37
30
15
6
4
1
-3
4
4
-2
-5
-2
25
55
53
28
-4
-27
-25
-8
0
-2
-19
-53
-91
-114
-106
-77
-56
-71
-110
-129
-111
-65
-16
2
-4
-14
-12
23
72
120
145
139
130
127
154
191
217
218
194
174
165
169
167
148
121
98
71
52
34
14
-7
-33
-71
-109
-126
-124
-113
-114
-134
-164
-185
-185
-168
-157
-152
-153
-136
-105
-77
-50
-36
-35
-32
-6
40
77
87
61
14
-15
-12
10
24
18
-10
-38
-58
-69
-65
-55
-53
-63
-76
-70
-45
-28
-29
-50
-69
-70
-67
-66
-63
-59
-71
-99
-123
-135
-122
-97
-92
-114
-124
-114
-85
-42
-8
6
10
25
58
96
134
156
158
151
140
146
168
201
221
211
180
139
117
118
127
126
114
101
75
42
10
-6
-20
-38
-51
-71
-86
-94
-96
-100
-114
-124
-118
-111
-110
-110
-112
-100
-67
-28
9
28
33
39
57
95
137
168
168
141
114
98
96
107
107
102
85
59
46
44
38
17
8
1
5
29
34
11
-20
-44
-55
-53
-46
-44
-40
-43
-65
-96
-115
-114
-91
-67
-64
-74
-82
-69
-33
-2
23
36
34
33
46
63
81
91
83
61
47
52
72
92
91
68
36
18
15
18
26
24
5
-23
-54
-77
-87
-83
-77
-89
-99
-104
-109
-103
-102
-110
-120
-127
-122
-106
-85
-87
-100
-103
-98
-67
-20
21
41
58
69
81
99
106
104
104
111
113
99
65
33
18
22
31
32
28
-2
-48
-78
-88
-70
-47
-43
-65
-108
-139
-153
-145
-121
-97
-74
-69
-86
-99
-102
-90
-52
-13
18
35
43
58
76
97
124
143
160
173
169
174
177
171
163
143
133
141
164
177
159
116
73
53
57
76
93
91
66
23
-15
-42
-46
-22
-1
1
-13
-32
-47
-64
-66
-70
-68
-57
-48
-44
-39
-38
-39
-33
-19
6
34
54
70
81
81
87
90
89
91
88
82
66
40
8
-20
-27
-31
-41
-50
-76
-108
-152
-194
-210
-208
-193
-188
-201
-221
-252
-266
-258
-236
-200
-163
-144
-143
-146
-144
-126
-92
-45
4
40
60
68
83
112
145
175
199
211
213
217
211
196
176
154
145
151
163
157
130
89
57
40
45
51
52
38
2
-35
-60
-68
-60
-45
-41
-53
-67
-84
-95
-99
-102
-100
-93
-86
-82
-73
-58
-44
-38
-36
-26
2
40
68
86
96
100
100
98
106
118
136
145
129
106
78
60
48
32
27
19
1
-24
-61
-97
-116
-130
-129
-124
-126
-143
-172
-197
-201
-180
-148
-111
-91
-89
-93
-90
-73
-40
2
42
71
91
111
134
148
162
173
183
197
200
194
183
167
148
128
111
96
89
87
75
55
20
-14
-38
-59
-61
-57
-69
-92
-123
-143
-141
-125
-101
-87
-87
-98
-112
-115
-109
-94
-78
-67
-54
-33
-18
-10
-8
-6
11
45
86
121
136
136
120
105
107
122
142
147
126
90
63
59
62
53
36
13
-11
-34
-52
-67
-92
-118
-138
-147
-138
-138
-149
-175
-199
-198
-186
-163
-135
-109
-103
-100
-89
-83
-59
-24
9
42
67
84
90
93
102
111
124
139
140
135
117
91
63
36
34
38
40
35
12
-22
-64
-87
-92
-84
-73
-80
-104
-132
-148
-148
-127
-103
-81
-66
-65
-65
-70
-72
-59
-43
-29
-20
-2
20
35
53
63
69
91
119
151
186
203
194
170
152
150
159
179
180
161
129
96
82
71
69
64
51
33
10
-11
-38
-55
-65
-71
-62
-50
-46
-55
-64
-74
-69
-51
-30
-8
10
20
20
20
20
25
47
86
122
142
147
138
128
126
138
149
153
153
140
104
53
20
4
3
9
0
-25
-60
-103
-135
-154
-155
-154
-158
-170
-194
-218
-250
-263
-247
-223
-196
-185
-194
-218
-235
-235
-217
-189
-165
-155
-151
-147
-140
-115
-89
-69
-52
-31
1
39
53
41
13
-8
0
24
44
42
16
-24
-62
-79
-77
-67
-64
-76
-90
-106
-111
-114
-119
-105
-88
-60
-44
-37
-28
-29
-21
0
33
71
107
131
134
131
130
132
158
203
244
263
267
262
252
248
259
280
292
290
282
257
230
208
187
169
156
154
147
134
117
80
43
16
5
6
9
3
-20
-56
-93
-109
-98
-78
-54
-55
-72
-96
-113
-119
-111
-93
-72
-64
-64
-64
-61
-43
-25
-13
1
29
52
53
43
22
2
-9
-6
5
-1
-16
-53
-89
-111
-115
-106
-102
-107
-129
-162
-183
-188
-176
-159
-141
-128
-116
-110
-106
-92
-76
-55
-39
-21
0
22
38
44
39
38
55
80
108
133
138
127
118
115
125
142
159
161
153
143
130
115
108
108
102
94
83
71
60
51
39
17
3
-8
-8
-5
-12
-32
-61
-76
-82
-74
-59
-43
-39
-60
-76
-86
-84
-67
-50
-37
-31
-26
-24
-18
-15
-12
-3
9
27
33
29
6
-26
-48
-52
-44
-44
-57
-89
-124
-147
-157
-151
-144
-145
-157
-173
-184
-190
-184
-168
-151
-129
-107
-84
-66
-51
-40
-33
-23
0
25
45
64
79
80
75
79
92
116
138
146
146
140
137
138
144
146
143
143
142
136
131
119
113
107
103
96
82
73
64
50
38
19
12
17
23
19
11
3
-7
-13
-13
-14
-7
4
12
11
5
3
4
13
30
49
59
71
80
84
80
80
84
91
102
103
84
56
25
0
-20
-31
-44
-70
-97
-130
-160
-175
-183
-188
-199
-204
-212
-220
-222
-223
-218
-213
-194
-171
-151
-135
-127
-120
-116
-115
-109
-92
-66
-41
-30
-34
-38
-36
-16
8
27
45
50
47
45
45
51
55
59
58
48
40
36
31
24
18
11
2
-9
-21
-35
-45
-51
-56
-57
-54
-52
-53
-49
-44
-43
-40
-34
-21
-9
7
19
19
29
48
70
94
110
121
131
148
163
178
190
198
200
199
202
200
188
174
157
141
128
116
99
77
55
32
14
7
4
-1
-9
-21
-31
-34
-31
-26
-20
-14
-6
-1
2
9
17
27
33
24
19
20
31
46
51
47
38
43
54
65
75
74
75
69
64
64
65
65
57
44
28
21
19
12
2
-16
-35
-54
-68
-79
-96
-110
-127
-137
-147
-156
-162
-166
-167
-168
-173
-183
-189
-183
-174
-158
-149
-144
-138
-125
-108
-94
-74
-56
-39
-23
-8
5
10
17
24
24
27
28
25
17
2
-14
-30
-37
-38
-40
-45
-54
-65
-71
-70
-65
-63
-58
-50
-44
-35
-30
-23
-14
-2
14
27
45
55
57
54
49
53
60
72
82
86
88
90
93
99
106
116
125
127
127
125
129
128
123
116
108
104
104
108
101
85
70
51
33
17
9
-1
-12
-22
-39
-54
-66
-71
-67
-56
-52
-58
-66
-72
-65
-52
-37
-23
-16
-5
1
7
18
34
43
46
54
57
61
64
56
42
25
18
13
7
-6
-27
-49
-72
-84
-89
-88
-89
-95
-104
-111
-118
-116
-105
-88
-72
-63
-64
-67
-61
-41
-19
2
17
26
28
30
35
37
42
44
51
60
72
76
75
77
81
89
102
109
108
103
97
90
88
87
87
83
74
65
54
46
36
26
12
0
-14
-33
-47
-56
-61
-63
-70
-78
-81
-75
-64
-53
-54
-59
-61
-55
-41
-27
-18
-13
-13
-12
-5
7
15
20
17
6
2
-3
-11
-21
-33
-44
-58
-69
-81
-94
-102
-113
-125
-138
-147
-148
-141
-134
-133
-138
-142
-139
-123
-97
-77
-70
-70
-70
-56
-37
-11
5
7
7
5
10
19
26
30
27
32
38
45
55
60
66
74
84
94
103
115
120
122
124
124
124
126
130
130
124
118
110
102
97
88
76
62
49
40
37
38
34
24
17
17
28
42
53
53
45
43
44
53
69
85
91
92
89
85
90
100
104
98
90
74
55
46
38
27
11
-4
-24
-39
-48
-59
-72
-91
-108
-121
-120
-111
-110
-117
-133
-144
-141
-126
-110
-102
-104
-108
-108
-104
-97
-92
-89
-88
-86
-86
-88
-86
-90
-94
-94
-87
-72
-61
-53
-50
-47
-38
-26
-7
5
14
16
12
8
8
17
26
32
29
17
3
-7
-11
-14
-21
-36
-49
-57
-58
-56
-58
-61
-62
-55
-39
-19
2
15
18
15
16
32
58
89
108
110
101
91
95
111
129
142
141
125
106
92
84
79
76
66
50
45
43
37
25
11
-5
-10
-1
14
24
23
5
-14
-19
-8
14
32
40
38
29
22
18
24
35
42
43
38
33
28
22
16
9
6
17
33
40
35
23
12
5
15
31
44
43
24
2
-15
-17
-9
-2
-3
-22
-47
-66
-77
-77
-79
-84
-100
-115
-119
-119
-117
-117
-115
-111
-101
-85
-68
-55
-44
-45
-49
-45
-28
1
23
28
16
0
-1
9
27
42
45
34
16
0
-10
-7
0
-3
-10
-20
-28
-30
-33
-35
-41
-42
-34
-27
-20
-21
-27
-35
-35
-22
-6
7
15
14
16
18
25
38
50
61
61
59
59
62
69
71
69
68
73
83
88
88
84
76
74
76
85
92
90
78
60
46
41
45
50
46
31
13
-6
-17
-21
-24
-32
-48
-65
-77
-80
-78
-80
-84
-88
-86
-81
-73
-64
-55
-49
-48
-48
-42
-29
-14
-2
0
0
1
7
12
18
20
20
17
13
8
5
-2
-8
-13
-19
-23
-25
-26
-32
-39
-44
-46
-44
-40
-39
-44
-50
-52
-48
-36
-26
-21
-18
-16
-9
2
13
20
27
31
36
40
48
57
62
60
58
64
77
90
97
92
83
79
82
93
104
106
98
85
70
61
61
65
68
60
43
27
15
6
-2
-13
-26
-39
-47
-51
-55
-63
-75
-85
-89
-85
-76
-66
-62
-62
-65
-67
-66
-57
-42
-31
-26
-25
-24
-21
-16
-8
-3
-1
1
2
-1
-6
-14
-20
-27
-34
-40
-44
-48
-56
-63
-73
-79
-81
-78
-76
-76
-80
-83
-81
-74
-63
-53
-47
-41
-33
-24
-14
-3
6
13
17
21
26
32
37
38
37
37
43
54
63
66
63
59
59
65
74
83
84
81
76
70
69
74
79
77
70
60
52
46
42
32
23
13
4
-3
-7
-13
-19
-26
-32
-36
-33
-30
-26
-24
-23
-23
-22
-19
-15
-6
3
10
14
15
13
13
14
17
22
26
25
16
3
-5
-12
-13
-13
-15
-24
-34
-43
-51
-53
-53
-53
-54
-55
-54
-51
-48
-46
-44
-41
-36
-27
-18
-10
-8
-10
-13
-13
-11
-5
-3
-3
-7
-13
-16
-17
-14
-10
-3
3
2
2
4
8
15
22
28
34
36
39
40
41
42
45
48
48
47
41
32
22
12
8
5
3
-2
-12
-23
-31
-36
-33
-28
-26
-27
-31
-32
-30
-24
-21
-18
-15
-12
-4
2
7
6
3
-2
0
6
16
21
15
3
-12
-17
-13
-4
2
0
-9
-21
-29
-30
-25
-19
-16
-18
-22
-24
-21
-18
-14
-11
-8
-3
3
10
13
10
8
5
8
11
15
16
12
6
1
-1
3
7
11
14
13
12
12
15
19
22
26
32
36
38
39
39
39
41
41
39
37
37
32
21
7
-4
-9
-7
-10
-18
-28
-39
-48
-51
-50
-46
-44
-43
-45
-47
-45
-41
-34
-32
-26
-21
-10
-2
1
-2
-5
-5
1
12
19
19
10
-2
-13
-14
-9
-4
0
-5
-16
-30
-39
-41
-37
-33
-31
-34
-37
-39
-41
-41
-36
-28
-16
-3
5
6
4
3
7
16
26
38
43
42
37
32
32
38
47
55
56
55
52
49
49
48
52
55
61
63
63
57
49
44
44
45
45
41
35
25
12
-5
-15
-18
-16
-18
-25
-38
-50
-56
-59
-58
-54
-52
-52
-53
-54
-54
-51
-42
-38
-34
-27
-19
-10
-9
-10
-12
-11
-5
4
11
13
6
-2
-7
-6
-2
2
1
-2
-8
-14
-19
-22
-24
-25
-26
-29
-29
-28
-29
-33
-36
-34
-28
-15
-8
-6
-8
-9
-6
0
11
22
28
31
30
30
35
42
49
54
57
59
62
65
67
66
66
65
70
77
82
81
75
69
64
65
67
67
64
56
44
29
16
8
5
3
-4
-16
-27
-38
-45
-52
-55
-57
-58
-58
-58
-63
-65
-64
-61
-52
-42
-31
-22
-17
-15
-15
-12
-4
6
17
21
19
13
7
7
10
14
12
7
1
-6
-15
-24
-30
-34
-38
-42
-50
-55
-59
-62
-64
-65
-60
-51
-42
-36
-34
-33
-27
-18
-6
5
15
19
21
25
30
35
41
43
44
45
44
43
41
42
40
39
40
41
43
42
43
40
40
44
47
49
47
44
43
41
38
30
25
23
21
16
10
3
-4
-12
-18
-24
-27
-27
-28
-32
-38
-41
-42
-38
-32
-26
-18
-14
-10
-9
-6
-3
3
10
16
18
17
14
10
10
10
8
7
5
5
0
-8
-17
-23
-26
-26
-27
-30
-34
-40
-44
-46
-46
-40
-33
-23
-20
-19
-19
-17
-11
-3
5
12
13
15
13
12
12
13
15
18
19
16
13
9
7
8
10
14
20
24
25
21
22
26
32
41
42
39
37
37
35
30
26
21
14
9
3
-5
-12
-23
-33
-43
-45
-46
-46
-47
-53
-58
-58
-54
-43
-33
-22
-15
-11
-6
-1
9
19
26
30
32
31
31
31
30
25
20
13
7
5
4
-1
-12
-25
-34
-38
-37
-38
-41
-45
-50
-53
-54
-48
-39
-31
-22
-18
-14
-7
1
10
15
21
27
32
39
41
37
33
30
28
30
34
36
31
24
16
13
16
25
31
32
30
26
25
28
34
38
37
34
31
30
29
24
16
7
1
0
1
-1
-10
-24
-37
-43
-42
-32
-25
-29
-36
-42
-42
-31
-17
-3
3
6
6
7
15
25
29
28
24
19
18
19
15
8
-3
-13
-21
-22
-21
-23
-33
-46
-59
-63
-57
-49
-46
-49
-60
-65
-61
-50
-37
-28
-22
-22
-18
-9
2
13
19
20
20
24
32
36
37
32
23
17
17
21
24
24
16
5
4
9
19
26
27
23
20
22
28
35
42
38
30
25
24
29
30
24
10
-2
-5
-5
-1
-3
-13
-28
-37
-38
-29
-20
-15
-19
-27
-28
-20
-6
6
13
13
12
16
24
35
42
40
33
29
28
30
31
25
12
0
-9
-13
-15
-18
-25
-35
-46
-53
-53
-46
-42
-43
-48
-52
-51
-42
-32
-25
-22
-20
-17
-11
-1
7
11
12
12
15
21
27
28
23
17
12
11
16
18
16
12
6
4
10
17
20
21
19
16
18
24
27
28
27
22
17
15
16
13
7
-1
-11
-14
-14
-14
-18
-26
-33
-38
-34
-28
-23
-18
-16
-17
-13
-4
7
16
23
26
28
34
40
45
49
50
48
45
42
40
33
25
15
5
-2
-8
-16
-26
-36
-44
-51
-54
-54
-52
-50
-52
-55
-54
-48
-42
-36
-33
-31
-27
-20
-13
-8
-1
2
7
12
19
22
25
24
20
18
19
20
20
16
8
0
-3
-3
0
2
3
-1
-4
-4
-2
3
7
7
4
4
3
4
3
2
-3
-9
-13
-14
-13
-13
-14
-21
-27
-26
-22
-16
-11
-10
-10
-9
-5
4
14
23
26
28
29
34
42
50
51
47
44
44
44
45
40
30
19
9
4
1
-2
-11
-22
-32
-38
-40
-40
-39
-40
-42
-43
-41
-36
-28
-23
-19
-12
-7
-1
8
14
16
18
23
27
33
36
37
36
35
31
29
30
31
30
24
18
9
4
3
2
1
0
-4
-8
-11
-9
-8
-4
-1
-2
-2
0
0
-2
-6
-10
-16
-17
-18
-18
-20
-25
-30
-34
-29
-24
-18
-13
-12
-11
-10
-4
3
12
19
22
24
26
30
33
36
38
36
36
36
32
26
17
6
0
-3
-8
-13
-19
-27
-37
-41
-41
-38
-36
-34
-35
-34
-31
-25
-19
-14
-8
-2
6
14
20
24
27
28
33
40
44
44
43
37
33
30
31
30
28
26
21
16
11
9
9
6
3
0
-1
0
-2
-3
-6
-6
-6
-2
0
3
3
1
0
-1
0
-1
-1
-3
-8
-13
-15
-15
-14
-13
-10
-9
-6
-4
0
5
10
13
15
18
20
21
23
22
18
13
12
11
11
11
5
-2
-10
-16
-19
-22
-24
-30
-36
-43
-45
-48
-47
-47
-46
-46
-43
-38
-32
-26
-24
-22
-17
-10
-2
7
11
11
10
11
16
23
29
30
28
25
21
21
23
23
23
19
14
12
8
5
1
-2
-5
-8
-9
-7
-9
-13
-16
-16
-16
-14
-10
-7
-6
-7
-11
-12
-10
-5
-3
-2
-4
-8
-10
-10
-7
-5
-2
0
0
1
0
2
7
11
12
15
16
17
17
16
13
10
8
8
9
8
3
-6
-14
-16
-19
-18
-19
-22
-27
-34
-38
-39
-36
-34
-34
-35
-36
-35
-30
-25
-21
-18
-11
-5
4
9
14
15
17
20
24
30
36
34
30
25
23
21
23
25
22
17
12
4
0
-2
-3
-7
-9
-11
-14
-15
-17
-20
-20
-19
-15
-13
-8
-4
-3
-4
-5
-3
1
7
10
9
6
4
2
3
5
8
9
8
8
7
9
12
13
14
14
16
18
18
17
12
9
7
7
8
9
5
-2
-10
-17
-19
-17
-19
-21
-27
-33
-36
-39
-37
-35
-32
-31
-30
-25
-20
-18
-14
-10
-6
1
8
15
16
16
16
16
18
23
27
28
24
17
10
6
3
-1
-4
-9
-15
-21
-23
-26
-29
-34
-35
-36
-34
-29
-30
-32
-33
-34
-31
-25
-18
-12
-9
-9
-10
-6
0
7
11
13
11
7
7
6
7
6
6
6
8
11
10
10
9
8
9
12
17
18
14
10
4
0
1
2
3
0
-6
-13
-18
-20
-21
-20
-22
-23
-26
-28
-27
-27
-25
-25
-22
-18
-12
-6
0
2
3
4
11
18
24
29
30
28
28
29
31
35
35
32
27
22
17
13
9
2
-5
-10
-14
-16
-19
-24
-30
-33
-34
-33
-28
-25
-25
-29
-30
-28
-23
-16
-10
-6
-4
-2
0
4
9
14
14
15
15
16
16
15
13
10
8
9
11
14
15
13
10
9
8
10
13
14
10
6
1
-2
-2
-2
-4
-7
-10
-16
-18
-19
-22
-25
-27
-28
-29
-26
-25
-27
-27
-26
-24
-18
-11
-5
-1
2
3
5
12
20
25
29
32
32
35
35
34
35
35
34
30
27
24
16
9
3
-4
-9
-11
-15
-20
-25
-31
-35
-32
-30
-27
-23
-19
-20
-18
-14
-10
-3
3
9
12
15
16
17
19
22
21
23
25
26
25
22
18
15
16
17
17
18
16
10
6
5
4
5
7
6
2
0
-2
-7
-8
-9
-13
-14
-15
-20
-23
-26
-32
-35
-33
-31
-29
-26
-24
-26
-25
-21
-16
-9
-3
2
4
8
11
14
20
25
31
36
40
40
41
39
38
35
34
33
28
24
16
5
-2
-8
-13
-14
-16
-21
-26
-30
-34
-37
-37
-35
-35
-32
-29
-28
-25
-21
-17
-12
-3
5
9
15
18
16
19
22
24
26
27
25
21
20
17
15
16
16
15
15
14
10
7
5
2
2
1
0
-3
-7
-9
-14
-16
-16
-16
-17
-16
-20
-26
-28
-32
-31
-28
-27
-25
-24
-23
-24
-19
-14
-10
-3
6
10
14
18
20
20
23
27
32
37
39
37
35
33
31
30
29
26
21
15
9
-1
-7
-13
-19
-22
-26
-29
-33
-36
-37
-40
-37
-35
-32
-27
-22
-20
-18
-15
-12
-4
4
12
15
18
19
18
23
25
26
30
25
26
22
20
20
16
15
18
17
18
19
11
13
9
9
12
8
9
4
-1
-6
-10
-11
-11
-13
-13
-16
-23
-24
-29
-29
-27
-26
-21
-23
-18
-18
-15
-11
-7
0
7
15
21
26
25
27
28
29
34
33
36
31
25
23
17
14
10
9
2
-1
-7
-12
-18
-24
-26
-30
-28
-30
-31
-30
-33
-30
-32
-25
-25
-18
-15
-14
-10
-11
-6
-3
4
5
9
9
7
11
8
15
12
13
16
12
14
10
11
9
9
12
14
14
14
11
5
8
4
8
11
7
6
0
-3
-7
-10
-11
-13
-15
-16
-19
-23
-23
-27
-27
-25
-24
-16
-13
-8
-4
-4
1
6
12
21
24
29
30
27
30
29
30
33
27
28
23
19
20
15
10
9
4
3
2
-3
-5
-10
-14
-13
-12
-9
-11
-13
-14
-16
-14
-14
-10
-10
-9
-9
-10
-9
-8
-6
-2
-1
0
3
1
2
3
4
6
7
9
14
12
14
13
11
13
14
18
18
19
15
12
10
7
8
4
6
-1
-3
-7
-12
-13
-18
-19
-22
-23
-23
-24
-25
-30
-29
-30
-25
-22
-17
-14
-15
-10
-10
-5
-2
4
7
9
10
10
12
11
13
13
14
13
12
13
12
13
11
8
8
5
4
4
0
-2
-6
-7
-7
-9
-11
-11
-15
-17
-17
-17
-16
-16
-19
-18
-17
-17
-14
-12
-10
-8
-6
0
1
6
7
9
8
11
18
15
22
