-9
-9
-10
-9
-8
-9
-8
-7
-7
-7
-8
-7
-6
-6
-4
-4
-3
-3
-2
-2
-1
-2
-1
-1
-1
0
-2
0
-1
-2
0
-2
-2
-1
-1
-1
-4
-3
-3
-3
-3
-3
-4
-3
-2
-2
-1
1
1
2
3
4
5
6
8
8
10
9
10
11
11
12
12
12
11
11
10
11
10
9
8
7
6
5
5
4
4
2
3
1
-1
-2
-4
-4
-4
-5
-5
-7
-7
-8
-6
-6
-6
-6
-7
-7
-6
-5
-4
-4
-3
-3
-2
-2
-1
-1
-2
-2
-1
-2
-3
-1
-1
0
-1
0
0
0
0
0
1
1
0
1
0
1
1
1
1
0
2
0
0
0
0
0
1
1
2
3
3
4
4
5
5
6
7
7
7
8
7
7
7
7
7
7
7
6
7
7
7
6
6
7
6
5
4
5
5
4
4
3
3
2
1
0
-2
-2
-3
-4
-5
-5
-6
-7
-8
-9
-11
-11
-11
-12
-12
-12
-11
-11
-11
-11
-12
-11
-12
-11
-11
-10
-9
-8
-6
-5
-4
-4
-3
-2
-1
1
1
1
4
2
3
4
4
5
4
3
3
2
2
2
2
1
0
-1
-1
0
0
0
-1
-1
0
-1
0
1
1
0
1
2
0
1
1
1
2
2
2
2
3
1
2
1
2
2
2
2
1
2
2
1
2
1
0
0
0
-1
0
-1
-2
-2
-3
-3
-3
-2
-2
-2
-2
-2
-2
-1
0
1
1
3
3
6
7
9
9
11
13
14
14
15
15
16
17
18
18
19
20
20
20
21
20
20
20
20
19
19
18
18
17
16
14
14
12
12
10
8
7
6
4
2
1
1
-1
-3
-4
-5
-8
-9
-9
-12
-12
-13
-14
-14
-15
-15
-16
-16
-16
-17
-15
-15
-15
-14
-15
-14
-15
-15
-15
-15
-14
-14
-13
-13
-13
-12
-11
-8
-8
-8
-7
-8
-7
-6
-4
-2
-2
0
1
0
3
4
5
7
8
9
9
10
10
11
11
12
13
14
15
14
15
16
15
15
15
15
14
13
12
12
12
9
8
6
4
4
2
0
-1
-4
-6
-8
-10
-12
-14
-16
-18
-18
-21
-21
-23
-23
-24
-25
-24
-25
-24
-25
-25
-24
-23
-21
-21
-19
-18
-16
-15
-15
-13
-12
-11
-9
-8
-6
-3
-2
-1
0
3
4
6
7
8
9
10
13
14
14
16
16
17
18
19
21
21
22
22
22
22
22
22
21
21
21
21
20
20
20
20
20
18
18
16
15
13
12
12
10
9
6
4
3
2
0
-1
-3
-5
-7
-7
-9
-9
-11
-12
-14
-15
-16
-17
-17
-18
-18
-20
-21
-21
-21
-21
-20
-19
-18
-18
-18
-17
-16
-15
-13
-12
-10
-9
-7
-7
-5
-4
-3
-2
-1
-1
0
1
2
3
4
4
4
5
5
6
6
6
5
6
6
5
6
6
5
4
4
4
3
3
3
3
2
1
-1
-1
0
-1
-2
-2
-3
-2
-4
-4
-3
-3
-2
-3
-3
-2
-3
-4
-3
-4
-4
-4
-5
-4
-5
-4
-4
-4
-4
-4
-3
-2
-1
0
0
0
1
1
3
5
6
6
6
6
8
7
7
8
9
8
7
8
7
8
8
9
9
9
9
9
11
11
11
11
11
10
10
10
10
10
9
8
6
5
4
4
3
2
2
1
0
0
-1
0
0
-1
-1
-3
-3
-4
-4
-5
-6
-7
-7
-9
-10
-9
-11
-12
-11
-12
-13
-12
-13
-14
-14
-13
-14
-14
-14
-14
-13
-13
-13
-13
-12
-12
-12
-11
-11
-11
-10
-10
-10
-10
-9
-7
-8
-6
-6
-4
-3
-2
-1
2
1
2
2
3
3
4
5
5
6
6
7
7
9
10
11
11
10
11
12
13
14
13
15
15
14
15
15
14
15
15
14
14
13
12
11
11
9
9
7
6
6
4
4
3
2
1
0
1
0
-3
-4
-4
-6
-8
-9
-9
-10
-11
-12
-12
-12
-12
-11
-11
-10
-11
-11
-10
-11
-12
-12
-12
-12
-12
-11
-11
-11
-10
-11
-9
-8
-7
-6
-5
-4
-4
-2
-2
-2
0
0
-1
1
0
2
1
4
4
5
5
6
7
8
9
9
9
8
8
8
7
8
8
8
8
8
8
8
7
7
8
7
8
7
6
6
5
4
2
2
1
0
0
-1
-3
-3
-3
-4
-5
-5
-5
-6
-6
-7
-8
-7
-8
-7
-9
-9
-10
-9
-9
-10
-10
-10
-10
-11
-9
-10
-9
-10
-10
-10
-9
-10
-9
-9
-7
-7
-7
-6
-6
-5
-4
-3
-2
-2
-2
-1
0
2
5
6
7
7
7
6
7
8
8
8
8
10
10
10
11
12
12
13
12
12
11
11
11
12
11
11
10
10
9
8
8
7
7
7
5
5
4
4
4
3
4
3
1
1
-2
-2
-3
-3
-4
-5
-6
-5
-5
-5
-6
-5
-4
-6
-5
-5
-6
-6
-6
-7
-6
-7
-5
-5
-6
-5
-5
-4
-4
-3
-3
-1
-2
-1
0
1
0
0
-1
0
1
1
2
3
5
5
6
7
8
9
9
8
8
9
8
9
8
8
8
8
8
8
7
8
7
6
7
6
5
4
4
3
2
3
1
1
0
-1
-2
-2
-2
-3
-4
-3
-5
-5
-6
-6
-6
-6
-7
-7
-8
-8
-8
-7
-8
-8
-7
-8
-8
-8
-7
-7
-6
-6
-5
-5
-6
-6
-6
-5
-4
-3
-3
-2
-2
-1
-2
-2
-2
-2
-2
-2
0
0
1
1
1
0
2
3
2
3
4
4
5
4
5
6
5
5
6
5
4
4
5
4
5
5
5
4
4
5
3
4
4
3
3
2
1
3
2
0
2
1
1
0
-2
-3
-3
-2
-3
-4
-4
-2
-3
-3
-3
-4
-5
-4
-4
-3
-3
-3
-2
-2
-1
-2
-2
-2
-3
-1
0
-1
-1
-1
-1
0
0
1
1
2
2
2
3
4
4
5
6
6
6
5
5
5
5
5
6
6
5
5
4
5
5
5
5
5
5
4
4
4
3
4
3
3
3
3
3
3
3
3
3
2
2
1
1
0
0
0
-1
-1
-1
-1
-2
-3
-3
-4
-3
-3
-3
-4
-4
-3
-4
-5
-4
-4
-4
-4
-4
-4
-3
-3
-2
-2
-2
-2
-3
-3
-3
-3
-2
-2
-2
-2
-2
-1
0
0
1
1
2
3
3
2
1
2
2
2
3
2
3
2
3
4
4
4
4
3
4
3
4
3
4
4
3
3
2
2
1
1
0
1
1
1
1
-1
-1
-1
-1
-3
-3
-3
-3
-3
-3
-5
-5
-5
-6
-6
-6
-6
-5
-6
-4
-5
-6
-5
-6
-6
-5
-6
-6
-6
-6
-6
-6
-5
-5
-4
-3
-2
-2
-1
0
0
2
2
2
2
4
3
2
3
3
4
4
4
4
3
5
4
3
3
5
4
5
5
5
5
4
5
4
4
3
3
2
1
2
1
1
0
0
0
0
0
-1
-1
-1
-2
-2
-2
-2
-3
-4
-4
-5
-3
-4
-4
-4
-5
-5
-5
-5
-5
-6
-5
-5
-5
-5
-4
-3
-4
-3
-4
-3
-3
-3
-3
-3
-1
-1
-1
0
0
0
0
0
0
1
1
1
1
0
0
1
0
1
2
3
2
3
3
4
4
3
3
4
4
4
4
5
5
5
5
5
4
4
4
4
4
4
3
3
3
3
3
4
3
2
1
2
2
3
2
1
1
1
0
0
0
-2
-1
-1
-1
0
-1
-1
-1
0
0
0
0
0
0
1
1
1
1
0
1
0
-1
-1
0
1
1
0
1
1
1
1
0
0
0
-1
0
0
-2
-2
-2
0
-1
-1
-1
-1
-1
0
1
0
0
0
1
0
1
1
1
-1
0
-1
-2
-2
-2
0
-1
-1
-2
-2
-2
-2
-3
-2
-3
-3
-4
-4
-3
-3
-3
-3
-3
-4
-4
-3
-4
-4
-4
-5
-5
-5
-4
-3
-4
-3
-3
-3
-2
-1
-1
-1
-2
-1
0
0
-1
-1
0
-1
0
0
-2
-1
0
1
2
2
0
2
1
0
0
1
0
1
1
1
1
0
0
0
0
1
1
1
1
1
2
2
2
3
2
2
2
3
3
4
4
3
3
4
5
4
4
3
2
4
4
3
2
2
2
2
2
2
1
1
0
1
0
-1
-2
-1
-1
0
0
-1
-2
-1
-1
0
0
-1
-1
-1
0
0
0
0
-1
-1
-1
0
0
1
1
0
-1
0
0
1
1
1
1
0
1
3
2
1
1
1
2
2
0
0
-1
0
1
-1
-1
-1
-1
-1
0
-1
-2
-2
-2
-3
-1
-3
-2
-2
-1
-2
-3
-3
-3
-3
-3
-3
-3
-4
-3
-4
-3
-2
-2
-1
-1
-2
-3
-3
-4
-2
-1
-1
-1
-3
-3
-2
-2
-3
-2
-2
-1
-1
-2
-3
-4
-3
-3
-2
-1
0
-1
-1
-2
-2
-2
-2
0
1
0
-3
-4
-4
-2
1
1
1
0
0
-1
0
-1
0
2
4
4
2
2
1
2
3
3
4
5
5
2
1
0
3
6
6
5
3
2
3
3
1
3
4
6
5
4
4
5
2
2
4
7
8
5
2
-1
2
5
5
2
0
3
6
6
3
1
0
1
1
2
3
3
3
-2
-6
-2
1
3
0
-2
-1
2
3
-2
-7
-5
0
4
3
-1
-4
-5
-8
-7
-4
3
7
2
-6
-11
-8
-2
-1
-3
-3
6
9
4
-9
-15
-9
2
10
8
6
1
-5
-13
-15
-6
5
13
6
-3
-8
-7
-6
-10
-7
0
13
16
6
-8
-17
-12
-4
6
12
14
8
-4
-13
-16
-5
8
13
10
5
4
1
-5
-13
-10
2
15
19
10
-3
-10
-11
-6
1
11
17
13
1
-10
-9
-2
7
7
6
8
10
9
-2
-9
-7
3
13
13
9
2
-3
-7
-8
-2
8
13
10
2
-4
-2
2
2
-1
0
6
12
9
0
-7
-6
0
5
6
6
5
2
-3
-6
-3
1
4
3
-2
-3
-1
-1
-6
-10
-11
-4
1
1
-3
-9
-10
-13
-9
-8
-6
-4
-5
-6
-8
-7
-7
-7
-6
-4
1
2
2
-1
-5
-6
-3
2
5
7
5
1
-1
-1
6
8
10
9
10
9
9
6
5
7
9
12
12
10
6
2
2
3
5
7
6
1
-4
-7
-8
-6
-3
-5
-5
-9
-12
-13
-15
-14
-13
-9
-6
-6
-10
-13
-14
-13
-7
-3
2
2
-1
-5
-8
-6
-3
4
7
7
6
2
0
-2
-1
2
5
6
4
2
-2
-5
-5
0
5
8
10
7
2
1
1
4
7
10
9
7
4
1
-1
-1
1
4
5
3
0
-4
-5
-8
-6
-3
0
0
-3
-6
-7
-6
-4
-2
0
1
3
5
2
1
2
5
9
12
11
13
13
12
10
9
11
13
15
13
8
8
7
6
3
0
0
3
2
-3
-6
-7
-8
-10
-12
-12
-10
-7
-8
-15
-20
-19
-15
-14
-14
-14
-12
-12
-16
-21
-22
-18
-12
-9
-11
-12
-13
-11
-14
-14
-9
-3
1
1
-4
-6
-4
0
3
7
11
15
15
13
10
11
16
21
22
24
26
25
19
14
13
17
24
23
19
14
11
7
1
-1
-1
5
6
-1
-11
-16
-14
-11
-13
-14
-14
-8
-9
-14
-23
-21
-11
-3
-6
-12
-12
-4
1
-4
-10
-5
5
10
4
-2
2
12
15
6
-1
2
12
14
6
-5
-6
4
11
5
-1
-1
6
9
4
0
2
7
6
0
-6
-2
5
6
-4
-16
-18
-11
-8
-12
-16
-14
-7
-5
-11
-17
-15
-9
-3
1
0
4
11
12
11
11
20
29
33
35
38
48
51
46
40
39
41
42
41
33
22
17
16
12
0
-5
-3
-3
-8
-20
-29
-33
-35
-36
-34
-32
-37
-46
-57
-58
-53
-49
-50
-62
-68
-65
-60
-58
-56
-56
-52
-46
-43
-38
-29
-22
-22
-22
-14
-4
11
22
25
25
32
42
45
43
43
48
57
65
80
89
92
84
75
75
80
93
107
113
106
101
105
96
74
53
56
82
101
95
67
41
31
28
20
10
-5
-26
-60
-115
-171
-196
-186
-179
-192
-215
-233
-237
-249
-269
-279
-252
-201
-159
-145
-160
-176
-171
-139
-90
-32
40
93
106
85
74
98
146
193
212
215
218
218
199
171
154
168
212
249
249
219
184
159
147
155
181
216
235
223
175
134
118
114
110
98
82
61
27
-28
-98
-151
-173
-184
-197
-230
-276
-326
-374
-420
-450
-443
-410
-378
-378
-402
-423
-426
-388
-330
-273
-221
-186
-170
-167
-141
-74
31
139
199
218
226
230
231
245
284
341
390
408
378
324
280
267
285
318
342
342
319
271
202
145
126
150
192
217
208
171
148
144
147
145
139
149
165
162
123
67
37
26
6
-27
-62
-99
-149
-226
-332
-420
-453
-454
-467
-518
-585
-631
-637
-625
-616
-622
-619
-596
-559
-516
-475
-424
-364
-324
-313
-263
-100
124
296
339
294
251
286
400
529
635
705
722
679
585
500
479
543
606
589
500
408
332
258
186
129
117
173
228
211
119
1
-75
-66
-2
96
204
252
189
49
-52
-37
52
118
107
40
-40
-116
-205
-290
-335
-319
-271
-263
-319
-423
-528
-611
-664
-654
-598
-530
-534
-613
-704
-755
-717
-615
-500
-420
-380
-362
-347
-327
-289
-237
-162
-94
-17
116
288
427
474
433
365
386
530
706
823
846
790
709
622
574
591
680
745
697
553
404
310
242
183
126
99
117
132
85
-46
-182
-250
-225
-146
-69
-26
-12
-27
-88
-152
-161
-86
21
72
38
-44
-85
-109
-168
-225
-221
-138
-65
-71
-180
-310
-394
-406
-379
-354
-351
-371
-416
-490
-561
-586
-549
-486
-456
-459
-467
-464
-463
-498
-550
-549
-475
-353
-288
-295
-296
-246
-134
-6
189
421
558
502
374
399
586
795
902
938
976
938
781
631
626
715
769
698
537
340
185
87
16
-87
-176
-194
-172
-202
-325
-446
-465
-389
-297
-184
-43
48
32
-27
-2
117
261
364
399
385
367
359
321
276
269
278
294
284
230
122
-6
-127
-193
-188
-161
-165
-258
-411
-563
-649
-636
-579
-556
-589
-641
-692
-740
-783
-810
-812
-775
-718
-680
-705
-710
-665
-512
-277
-82
-58
-64
202
594
711
469
351
655
1036
1063
885
935
1177
1144
770
520
624
813
800
581
234
-108
-231
-137
-125
-349
-552
-508
-402
-508
-718
-713
-499
-369
-396
-336
-111
74
132
167
262
375
496
614
666
658
676
741
774
751
678
579
513
498
487
404
227
5
-132
-141
-120
-164
-252
-341
-415
-452
-448
-473
-551
-612
-594
-556
-577
-634
-715
-799
-895
-967
-982
-958
-955
-1039
-1146
-1195
-1171
-1129
-1088
-922
-573
-161
0
-144
-215
40
407
550
647
991
1389
1410
1056
890
1122
1400
1381
1180
1054
953
798
605
372
75
-140
-64
104
-8
-401
-673
-666
-658
-747
-689
-372
-128
-202
-401
-417
-252
-42
157
281
306
338
491
631
590
523
738
1174
1383
1103
606
352
448
649
749
722
637
514
279
-37
-211
-81
217
338
146
-175
-340
-333
-338
-435
-533
-515
-434
-421
-586
-889
-1148
-1212
-1114
-1024
-1035
-1132
-1272
-1462
-1642
-1708
-1550
-1276
-1090
-1094
-1173
-1027
-572
-65
105
21
152
624
1008
980
859
1091
1482
1568
1337
1261
1466
1560
1336
1044
925
893
804
632
348
-53
-340
-318
-216
-380
-725
-843
-728
-751
-981
-1033
-732
-421
-405
-521
-507
-349
-165
0
128
203
302
503
669
622
434
447
658
855
1060
1352
1504
1158
493
107
301
815
1092
998
797
562
277
-6
-24
166
464
650
507
109
-208
-275
-268
-342
-373
-275
-134
-184
-531
-987
-1276
-1257
-1069
-867
-773
-851
-1062
-1377
-1689
-1828
-1642
-1288
-1091
-1152
-1286
-1360
-1342
-1142
-674
-135
191
355
579
784
688
358
409
1081
1793
1834
1394
1178
1302
1260
959
808
987
1114
963
603
144
-343
-645
-573
-348
-355
-603
-751
-758
-951
-1283
-1223
-660
-176
-184
-316
-196
7
61
51
202
495
812
1088
1179
1005
702
659
1038
1468
1620
1603
1567
1311
810
454
533
859
1068
971
690
380
95
-159
-231
-105
84
200
147
-135
-505
-696
-661
-554
-462
-408
-414
-546
-812
-1115
-1294
-1259
-1090
-974
-1005
-1214
-1478
-1675
-1739
-1747
-1710
-1582
-1448
-1441
-1572
-1656
-1583
-1404
-1122
-697
-122
344
419
254
193
392
613
845
1320
1869
2003
1604
1260
1360
1598
1582
1478
1586
1675
1378
790
334
95
-130
-243
-141
-108
-416
-862
-1029
-1054
-1175
-1190
-797
-257
-114
-309
-391
-229
-68
16
283
684
950
996
983
954
862
939
1388
1851
1824
1379
1057
1104
1230
1145
929
883
989
933
587
196
-9
17
92
-15
-251
-346
-268
-306
-566
-816
-809
-592
-447
-571
-888
-1106
-1059
-913
-914
-1082
-1240
-1296
-1390
-1570
-1698
-1600
-1404
-1453
-1751
-1910
-1706
-1343
-1181
-1257
-1347
-1154
-593
98
544
564
461
605
990
1254
1283
1425
1867
2153
1874
1367
1275
1516
1524
1191
911
878
786
384
-208
-706
-978
-1062
-998
-981
-1215
-1571
-1682
-1543
-1532
-1644
-1430
-799
-264
-212
-323
-189
161
452
655
933
1309
1565
1641
1597
1515
1349
1443
2046
2611
2462
1723
1147
1050
1185
1196
1018
950
994
682
1
-552
-598
-343
-70
-119
-500
-831
-883
-875
-1051
-1215
-1069
-703
-459
-642
-1090
-1377
-1291
-1044
-873
-796
-750
-795
-1031
-1423
-1688
-1565
-1145
-885
-1034
-1400
-1526
-1375
-1258
-1303
-1335
-990
-259
444
644
421
200
189
370
726
1304
1936
2167
1807
1201
938
1140
1432
1586
1560
1407
1053
572
92
-374
-723
-814
-595
-402
-596
-1056
-1445
-1591
-1627
-1538
-1144
-513
-12
24
-159
-227
-78
261
742
1310
1697
1824
1773
1620
1475
1542
1929
2302
2297
2058
1831
1679
1386
920
601
672
827
570
53
-343
-611
-856
-999
-987
-934
-860
-844
-1013
-1254
-1349
-1208
-955
-776
-731
-754
-737
-748
-813
-804
-687
-562
-546
-623
-752
-890
-996
-1069
-1129
-1197
-1181
-1109
-1126
-1278
-1454
-1522
-1451
-1155
-607
-50
188
130
98
247
387
460
738
1392
1946
1900
1436
1159
1217
1276
1241
1312
1463
1334
814
207
-220
-510
-732
-743
-591
-592
-908
-1237
-1333
-1398
-1545
-1419
-804
-140
73
-59
-113
42
233
491
908
1399
1652
1639
1558
1539
1410
1422
2065
2830
2728
1717
860
792
1193
1403
1142
839
753
399
-338
-901
-832
-430
-127
-273
-834
-1242
-1149
-870
-902
-1131
-1090
-711
-364
-547
-1091
-1423
-1202
-719
-415
-394
-512
-658
-881
-1223
-1435
-1277
-829
-572
-791
-1252
-1492
-1384
-1219
-1262
-1381
-1244
-618
185
560
304
-115
-151
229
705
1104
1504
1818
1799
1421
1103
1121
1338
1454
1472
1443
1271
863
313
-229
-655
-872
-795
-601
-680
-1159
-1680
-1843
-1703
-1574
-1453
-1114
-576
-194
-178
-273
-185
114
518
995
1477
1794
1828
1725
1646
1618
1864
2446
2890
2662
1902
1325
1282
1458
1259
756
576
648
373
-364
-950
-1113
-975
-864
-958
-1193
-1329
-1292
-1299
-1489
-1618
-1455
-970
-621
-738
-1149
-1294
-989
-618
-479
-484
-448
-370
-432
-648
-899
-938
-735
-572
-649
-896
-992
-951
-942
-1043
-1111
-863
-237
444
731
584
384
395
597
842
1145
1629
2055
2074
1680
1302
1163
1157
1163
1259
1326
1138
604
-42
-614
-1029
-1252
-1235
-1118
-1150
-1435
-1751
-1892
-1921
-1941
-1770
-1236
-539
-79
15
-37
17
259
688
1226
1728
2086
2227
2243
2169
2018
2194
2724
3023
2645
1963
1693
1847
1889
1388
708
552
641
336
-394
-878
-905
-749
-809
-1234
-1626
-1613
-1269
-1103
-1378
-1660
-1587
-1174
-895
-994
-1192
-1146
-809
-530
-484
-523
-467
-333
-357
-485
-569
-480
-360
-446
-720
-911
-740
-497
-531
-841
-1158
-1193
-777
-85
378
349
95
18
119
181
212
503
1079
1522
1403
1005
738
675
582
578
799
966
724
116
-512
-963
-1249
-1340
-1234
-1063
-1089
-1320
-1493
-1498
-1511
-1514
-1198
-511
154
477
529
543
627
803
1175
1748
2349
2631
2573
2615
2894
2900
2381
1982
2234
2777
2900
2327
1457
923
675
322
-100
-125
-11
-150
-732
-1524
-2095
-2061
-1603
-1321
-1415
-1545
-1497
-1366
-1468
-1692
-1681
-1288
-786
-517
-507
-609
-711
-799
-889
-797
-470
-97
-54
-459
-1047
-1318
-1083
-709
-624
-786
-920
-915
-967
-1093
-1064
-634
24
541
697
568
303
104
165
619
1321
1878
1967
1745
1417
1068
786
827
1194
1467
1265
686
23
-512
-988
-1352
-1404
-1150
-976
-1112
-1412
-1675
-1893
-1950
-1608
-910
-241
116
229
325
407
468
655
1203
1932
2439
2534
2379
2357
2549
2643
2467
2312
2527
2811
2732
2087
1270
821
758
653
324
48
-94
-307
-774
-1399
-1830
-1763
-1335
-1070
-1237
-1524
-1648
-1578
-1551
-1549
-1385
-1081
-783
-659
-693
-788
-840
-798
-713
-626
-548
-495
-582
-857
-1194
-1329
-1110
-831
-815
-1013
-1189
-1270
-1264
-972
-417
92
343
411
445
433
326
310
664
1378
1939
2002
1710
1395
1026
692
703
1085
1357
1059
318
-423
-927
-1240
-1499
-1625
-1585
-1574
-1698
-1811
-1858
-1966
-2065
-1792
-1100
-336
185
480
631
707
806
1134
1793
2568
3033
3224
3494
3662
3270
2601
2515
3112
3659
3538
2830
2148
1713
1190
529
226
426
571
244
-565
-1479
-1996
-1921
-1596
-1472
-1508
-1486
-1401
-1499
-1912
-2260
-2086
-1436
-889
-778
-941
-1091
-1187
-1308
-1365
-1138
-674
-360
-478
-941
-1385
-1473
-1234
-986
-906
-912
-823
-759
-907
-1180
-1198
-692
117
778
986
732
284
-48
61
731
1653
2216
2165
1764
1307
902
645
728
1067
1251
999
388
-274
-870
-1425
-1840
-1896
-1632
-1409
-1421
-1623
-1939
-2274
-2342
-1873
-1033
-278
130
321
500
593
628
862
1565
2453
3056
3195
3070
3124
3403
3510
3248
3008
3211
3556
3494
2764
1791
1242
1115
925
448
80
-95
-384
-1022
-1888
-2442
-2333
-1812
-1589
-1929
-2352
-2478
-2321
-2251
-2293
-2192
-1853
-1433
-1233
-1313
-1475
-1473
-1220
-995
-868
-793
-655
-612
-862
-1289
-1477
-1097
-521
-386
-753
-1185
-1220
-975
-574
-169
187
565
874
914
534
119
186
879
1832
2412
2366
1940
1472
1103
872
1037
1484
1728
1319
401
-461
-953
-1128
-1347
-1663
-1841
-1785
-1658
-1718
-1984
-2366
-2483
-2046
-1176
-333
145
334
367
410
596
1073
1884
2764
3486
3911
3994
3629
2968
2615
2978
3760
4222
4032
3394
2528
1584
734
402
649
1033
896
44
-1156
-2129
-2484
-2334
-2047
-1875
-1793
-1773
-1999
-2504
-3010
-3048
-2550
-1848
-1318
-1160
-1352
-1745
-2109
-2171
-1802
-1078
-453
-287
-682
-1287
-1596
-1478
-1114
-784
-532
-358
-273
-423
-800
-1091
-816
6
959
1573
1670
1272
662
276
560
1552
2616
3031
2663
2098
1612
1118
786
959
1404
1464
884
38
-719
-1398
-2026
-2393
-2265
-1904
-1788
-2027
-2373
-2693
-2939
-2796
-2069
-1096
-431
-96
134
325
403
539
1044
2036
2987
3541
3884
4080
3887
3244
2844
3272
4202
4736
4265
3251
2386
1739
1118
664
659
861
736
-79
-1336
-2388
-2746
-2483
-2160
-2066
-2142
-2242
-2348
-2730
-3215
-3344
-2762
-1823
-1234
-1260
-1602
-1803
-1848
-1774
-1544
-1069
-481
-168
-336
-905
-1340
-1253
-804
-276
-29
4
-49
-152
-272
-263
109
773
1499
1906
1718
1027
411
482
1266
2146
2497
2277
1971
1589
1056
551
566
1003
1104
572
-281
-955
-1409
-1830
-2222
-2432
-2398
-2325
-2316
-2422
-2656
-2928
-2865
-2235
-1360
-693
-272
31
264
327
474
1067
2127
3161
3669
3685
3527
3443
3449
3522
3669
3851
4010
3949
3495
2654
1753
1200
1011
983
831
471
-160
-1042
-1929
-2512
-2570
-2242
-1916
-1900
-2298
-2770
-3017
-2989
-2825
-2609
-2268
-1833
-1529
-1591
-1889
-2067
-1947
-1579
-1185
-817
-599
-637
-931
-1264
-1302
-977
-441
-50
-9
-171
-379
-457
-259
249
933
1493
1661
1297
741
562
971
1734
2289
2383
2159
2000
1843
1501
1148
1155
1405
1381
855
117
-510
-987
-1430
-1769
-1866
-1790
-1779
-1952
-2260
-2640
-2898
-2693
-1971
-1106
-599
-447
-352
-181
-9
263
917
1990
3025
3619
3704
3400
3004
2994
3565
4297
4675
4522
4039
3466
2785
1998
1502
1630
1907
1655
781
-299
-1148
-1643
-1871
-1952
-1941
-1805
-1734
-1972
-2558
-3126
-3244
-2852
-2265
-1839
-1710
-1844
-2130
-2401
-2481
-2252
-1778
-1330
-1137
-1262
-1520
-1735
-1762
-1600
-1365
-1020
-583
-280
-382
-719
-780
-353
415
1237
1794
1786
1192
573
618
1480
2519
2942
2649
2290
2133
1899
1500
1446
1813
2011
1549
692
-113
-698
-1221
-1658
-1813
-1700
-1677
-1947
-2382
-2864
-3340
-3468
-2907
-1916
-1204
-1003
-977
-844
-672
-487
36
1094
2355
3143
3276
3291
3351
3241
3028
3215
3940
4740
4973
4322
3212
2314
1799
1655
1778
1973
1809
1160
64
-1163
-1969
-2073
-1629
-1266
-1357
-1770
-2202
-2487
-2847
-3110
-3000
-2438
-1775
-1545
-1836
-2380
-2759
-2857
-2678
-2196
-1658
-1265
-1316
-1754
-2280
-2400
-1883
-1149
-608
-449
-498
-484
-239
179
565
983
1528
1946
1963
1635
1490
1847
2520
2997
3016
2906
2780
2515
2021
1758
1912
2089
1810
1097
298
-378
-968
-1468
-1767
-1871
-1966
-2128
-2340
-2672
-3181
-3596
-3441
-2722
-1954
-1477
-1274
-1119
-1097
-1048
-654
300
1568
2710
3218
3025
2685
2697
3125
3744
4274
4549
4596
4420
3767
2837
2283
2289
2555
2573
2109
1224
293
-453
-1047
-1480
-1637
-1473
-1332
-1575
-2218
-2880
-3137
-3062
-2853
-2645
-2447
-2302
-2401
-2748
-3109
-3173
-2865
-2451
-2137
-2109
-2256
-2418
-2411
-2224
-1905
-1457
-1006
-665
-581
-641
-461
81
837
1572
2056
2110
1747
1408
1509
2138
2917
3301
3193
2983
2815
2433
1921
1793
2145
2404
2057
1307
508
-166
-796
-1357
-1641
-1620
-1565
-1705
-2041
-2568
-3201
-3553
-3277
-2531
-1857
-1497
-1359
-1328
-1347
-1315
-871
81
1258
2267
2824
2874
2516
2306
2672
3496
4279
4637
4571
4292
3756
2957
2267
2259
2700
2975
2590
1611
458
-412
-831
-1018
-1130
-1138
-1144
-1348
-1948
-2708
-3174
-3073
-2619
-2173
-1999
-2093
-2409
-2778
-3047
-3041
-2722
-2246
-1922
-1934
-2244
-2616
-2697
-2395
-1917
-1529
-1203
-890
-708
-720
-653
-297
398
1291
2047
2230
1695
1082
1074
1816
2796
3343
3273
2975
2681
2308
1919
1972
2400
2590
2089
1273
567
40
-464
-994
-1353
-1450
-1445
-1536
-1844
-2378
-3078
-3512
-3260
-2498
-1850
-1638
-1700
-1820
-1912
-1825
-1293
-301
831
1768
2206
2083
1625
1497
2085
3165
4104
4454
4321
4012
3469
2704
2190
2437
3084
3412
2907
1790
666
-6
-231
-365
-520
-584
-569
-777
-1456
-2247
-2694
-2603
-2197
-1799
-1654
-1815
-2220
-2717
-3104
-3145
-2763
-2181
-1877
-2046
-2539
-3049
-3212
-2918
-2348
-1833
-1456
-1200
-1146
-1195
-1061
-663
96
1171
2096
2212
1532
908
1088
1998
2976
3491
3485
3301
2936
2343
1907
2115
2738
2945
2356
1428
607
19
-435
-841
-1127
-1282
-1383
-1529
-1863
-2449
-3160
-3529
-3172
-2436
-1951
-1804
-1797
-1873
-2063
-2103
-1626
-405
1222
2328
2144
1184
583
965
2124
3356
4136
4467
4417
3830
2763
1993
2165
2999
3688
3635
2770
1632
737
188
-125
-211
33
375
270
-586
-1827
-2635
-2624
-2107
-1606
-1415
-1542
-1976
-2712
-3455
-3720
-3320
-2576
-2093
-2220
-2725
-3195
-3387
-3292
-3023
-2533
-1934
-1391
-1143
-1247
-1410
-1243
-545
550
1663
2249
2032
1332
906
1282
2301
3320
3789
3723
3392
2720
1952
1655
2159
2878
2971
2308
1341
441
-327
-947
-1255
-1150
-932
-959
-1301
-1921
-2684
-3337
-3369
-2730
-1956
-1466
-1327
-1442
-1799
-2239
-2288
-1509
-89
1268
2064
2131
1619
935
682
1301
2589
3956
4681
4500
3709
2605
1804
1710
2389
3238
3674
3257
2070
661
-357
-621
-309
218
546
333
-354
-1371
-2213
-2552
-2342
-1730
-1088
-825
-1236
-2118
-3022
-3494
-3343
-2786
-2209
-1984
-2168
-2734
-3340
-3601
-3348
-2709
-2034
-1521
-1282
-1242
-1070
-690
-88
597
1335
1759
1689
1353
1350
1874
2618
3145
3288
3225
2994
2560
2198
2249
2593
2671
2187
1505
949
439
-132
-729
-1099
-1218
-1247
-1294
-1487
-1968
-2628
-3113
-2948
-2269
-1626
-1338
-1321
-1474
-1731
-1867
-1430
-320
1045
1896
1694
932
448
668
1440
2333
3027
3377
3422
3033
2250
1638
1715
2336
2867
2880
2358
1667
1036
464
74
20
372
752
661
-47
-1069
-1705
-1685
-1243
-912
-883
-1091
-1476
-2020
-2653
-2994
-2871
-2422
-2093
-2248
-2781
-3371
-3586
-3425
-3093
-2707
-2371
-1985
-1736
-1761
-1873
-1595
-707
562
1698
2125
1717
992
751
1341
2371
3243
3647
3746
3589
2857
1842
1408
2044
2946
3039
2221
1166
390
-227
-849
-1310
-1286
-953
-781
-1027
-1680
-2484
-3122
-3071
-2357
-1544
-1059
-874
-921
-1295
-1894
-2066
-1269
340
1791
2069
1332
663
601
940
1419
2045
2887
3605
3727
2858
1717
1300
1755
2412
2784
2766
2439
1921
1078
116
-440
-180
670
1169
803
-273
-1297
-1696
-1620
-1331
-1059
-811
-763
-1204
-2070
-2816
-2953
-2653
-2317
-2299
-2513
-2791
-3091
-3371
-3663
-3586
-2982
-2153
-1558
-1556
-1742
-1588
-940
-31
899
1678
1917
1568
1149
1321
2164
3055
3463
3400
3309
3053
2526
2168
2396
2824
2673
1921
1197
739
347
-279
-938
-1274
-1304
-1300
-1403
-1625
-2093
-2793
-3152
-2721
-1845
-1219
-1000
-1042
-1244
-1578
-1680
-1054
232
1480
1916
1434
740
401
649
1327
2155
2789
3010
2872
2382
1717
1270
1393
1935
2411
2461
2044
1432
810
288
23
132
583
953
811
85
-846
-1436
-1500
-1140
-682
-454
-592
-1188
-2023
-2686
-2879
-2647
-2263
-2056
-2299
-2951
-3620
-3927
-3748
-3253
-2774
-2462
-2220
-2001
-1780
-1387
-795
-45
881
1689
1908
1466
1213
1819
2983
3718
3639
3395
3517
3583
3135
2574
2662
3111
3083
2264
1275
659
210
-302
-843
-1146
-1291
-1425
-1578
-1927
-2536
-3218
-3295
-2566
-1663
-1310
-1453
-1525
-1453
-1462
-1279
-533
631
1408
1305
696
410
744
1326
1812
2190
2466
2489
2252
1912
1678
1726
2002
2197
2063
1678
1343
1182
1034
778
529
508
633
585
207
-346
-720
-789
-751
-771
-848
-925
-1095
-1455
-1939
-2304
-2395
-2270
-2195
-2363
-2740
-3140
-3387
-3458
-3389
-3128
-2812
-2514
-2341
-2262
-2030
-1418
-463
524
1335
1666
1454
1045
1169
2091
3276
3900
3792
3519
3393
3058
2509
2344
2888
3455
3127
1993
855
198
-197
-581
-876
-976
-1120
-1465
-1916
-2406
-2904
-3280
-3137
-2474
-1757
-1441
-1441
-1484
-1546
-1652
-1360
-255
1264
2136
1750
781
319
702
1490
2175
2632
2879
2788
2275
1581
1219
1434
1999
2403
2216
1557
928
640
499
311
200
420
818
842
256
-622
-1142
-1074
-707
-457
-434
-569
-847
-1410
-2086
-2456
-2319
-1968
-1863
-2215
-2765
-3196
-3389
-3505
-3546
-3365
-2995
-2549
-2273
-2164
-1972
-1477
-638
372
1252
1581
1354
1101
1436
2378
3315
3758
3767
3734
3568
3086
2649
2793
3345
3511
2838
1802
958
423
-89
-617
-924
-951
-1026
-1377
-1928
-2547
-3103
-3371
-3084
-2341
-1669
-1289
-1235
-1375
-1640
-1732
-1119
273
1761
2350
1790
866
484
879
1598
2279
2735
2886
2580
1829
1065
753
1111
1744
2097
1831
1115
422
-56
-251
-244
-35
360
651
487
-243
-1043
-1420
-1224
-756
-429
-334
-529
-989
-1655
-2235
-2392
-2120
-1754
-1790
-2262
-2854
-3246
-3384
-3372
-3292
-3132
-2849
-2557
-2360
-2025
-1468
-774
-78
606
1041
1105
1113
1557
2491
3337
3598
3463
3533
3715
3528
3071
3035
3516
3723
3124
2202
1527
1052
418
-297
-696
-692
-676
-973
-1567
-2287
-2929
-3222
-2908
-2258
-1830
-1763
-1696
-1531
-1476
-1326
-756
122
793
1041
1042
1111
1328
1482
1622
1952
2318
2411
2180
1926
1650
1437
1342
1367
1455
1412
1191
780
302
-38
-102
92
201
136
-44
-244
-439
-625
-714
-773
-755
-787
-918
-1105
-1289
-1489
-1737
-1923
-2076
-2243
-2445
-2696
-2859
-2967
-3005
-3056
-3106
-3111
-3060
-2755
-2177
-1373
-519
245
673
552
180
253
1270
2896
3944
3836
3182
3018
3148
3084
2924
3237
3854
3924
3072
1907
1203
945
610
86
-305
-452
-665
-1096
-1656
-2267
-2868
-3064
-2592
-1929
-1745
-2016
-2099
-1817
-1623
-1419
-796
238
985
970
585
559
1109
1685
1895
2024
2240
2412
2279
1978
1595
1374
1392
1497
1527
1362
1085
736
288
-175
-405
-160
225
306
-75
-621
-958
-987
-832
-738
-711
-793
-1041
-1354
-1620
-1772
-1843
-1807
-1856
-2105
-2443
-2762
-2949
-3013
-2985
-2935
-2860
-2731
-2628
-2357
-1884
-1254
-495
371
866
675
221
482
1743
3205
3762
3361
3008
3139
3203
2917
2910
3514
4025
3611
2473
1548
1238
1140
827
357
-12
-302
-612
-1000
-1533
-2181
-2706
-2621
-2025
-1546
-1624
-1859
-1808
-1615
-1375
-1008
-418
169
524
630
608
774
1085
1408
1720
1913
1959
1936
2022
1978
1677
1291
1055
1174
1428
1493
1167
604
74
-271
-294
-141
35
7
-277
-683
-1001
-1049
-1036
-1043
-1088
-1153
-1235
-1340
-1550
-1894
-2178
-2276
-2194
-2059
-2106
-2378
-2803
-3079
-3088
-2884
-2634
-2491
-2285
-1864
-1321
-728
-66
420
454
128
136
1035
2530
3476
3295
2703
2569
2662
2513
2472
3065
3767
3691
2637
1458
859
805
832
714
565
251
-254
-739
-1130
-1584
-2172
-2375
-1864
-1159
-1002
-1329
-1544
-1531
-1619
-1477
-642
539
1182
887
259
88
574
1167
1491
1818
2102
2093
1716
1397
1240
1275
1452
1508
1442
1257
1065
816
423
79
-80
126
355
251
-169
-667
-926
-917
-785
-790
-834
-894
-1160
-1507
-1806
-1913
-1974
-2000
-2069
-2234
-2382
-2507
-2665
-2848
-2948
-2887
-2688
-2413
-2165
-1843
-1446
-860
-14
726
848
320
-5
634
2022
3207
3404
3027
2807
2644
2200
1921
2504
3450
3572
2563
1338
769
725
631
283
57
30
-86
-375
-818
-1375
-2008
-2229
-1743
-1064
-870
-1121
-1232
-1061
-1126
-1268
-724
492
1364
1162
441
213
706
1269
1399
1412
1747
2029
1814
1188
675
631
1086
1510
1507
1120
659
376
125
-103
-143
169
615
555
-98
-862
-1140
-864
-483
-489
-817
-1067
-1190
-1409
-1750
-2032
-2105
-2085
-2070
-2256
-2500
-2621
-2615
-2638
-2845
-2931
-2742
-2310
-1882
-1557
-1231
-701
186
894
896
377
285
1136
2400
3256
3224
2775
2623
2648
2475
2112
2335
3010
3186
2404
1229
539
416
464
267
-63
-232
-264
-395
-874
-1485
-1936
-1890
-1252
-643
-626
-1092
-1320
-1101
-854
-472
179
876
1119
848
495
529
1053
1519
1676
1716
1709
1595
1394
1288
1147
997
910
898
1016
1085
960
579
148
-99
-53
273
447
272
-151
-565
-784
-768
-626
-654
-824
-1137
-1527
-1817
-1898
-1828
-1906
-2151
-2469
-2638
-2577
-2501
-2487
-2641
-2803
-2776
-2559
-2274
-1994
-1479
-907
-262
503
1077
1046
538
517
1373
2729
3678
3628
3093
2698
2478
2117
2018
2640
3272
2988
1771
600
70
-20
-23
-204
-361
-542
-791
-1104
-1498
-1922
-2285
-2115
-1354
-626
-513
-934
-1215
-1278
-1234
-851
182
1519
2062
1449
447
180
858
1677
2160
2329
2385
2201
1674
1082
745
879
1241
1507
1464
1116
724
338
-3
-293
-238
280
739
634
-124
-918
-1218
-1011
-616
-459
-519
-832
-1350
-1973
-2412
-2418
-2189
-2030
-2176
-2595
-2949
-3065
-2991
-3035
-3049
-2817
-2413
-2085
-1836
-1407
-864
-153
611
1128
1190
1010
1253
2102
3144
3613
3349
3099
3130
3106
2690
2426
2690
2939
2466
1374
521
203
32
-327
-774
-966
-1055
-1194
-1518
-1975
-2445
-2690
-2344
-1530
-883
-861
-1206
-1277
-1108
-831
-303
676
1620
1835
1363
911
1093
1710
2128
2222
2267
2362
2237
1841
1390
1125
1174
1319
1320
1127
872
662
395
45
-252
-189
213
450
167
-528
-1117
-1222
-950
-695
-747
-994
-1346
-1800
-2306
-2610
-2543
-2346
-2294
-2553
-2987
-3248
-3275
-3210
-3228
-3226
-2996
-2597
-2011
-1405
-886
-389
189
742
983
989
1338
2327
3538
4092
3779
3249
3061
3147
3185
3333
3630
3692
2939
1542
438
120
220
146
-291
-811
-1320
-1711
-2013
-2314
-2669
-3017
-2903
-2231
-1493
-1308
-1579
-1785
-1749
-1492
-953
184
1613
2311
1722
547
161
1007
2339
3169
3178
2813
2333
1763
1197
1018
1345
1938
2233
1809
954
311
185
257
158
76
283
713
723
-15
-1016
-1555
-1317
-690
-264
-315
-752
-1501
-2458
-3162
-3170
-2583
-1980
-1902
-2511
-3407
-3953
-3930
-3647
-3293
-2956
-2637
-2283
-1790
-1280
-818
-226
440
867
991
1272
2209
3505
4323
4161
3591
3348
3460
3635
3804
4123
4259
3679
2412
1191
665
523
340
-72
-541
-1025
-1541
-1957
-2356
-2799
-3278
-3414
-2868
-2063
-1697
-1988
-2346
-2398
-2144
-1407
-139
1100
1483
996
415
481
1278
2131
2606
2887
3029
2755
2076
1540
1434
1723
2095
2170
1862
1308
781
419
264
341
610
977
1048
507
-340
-973
-1069
-713
-258
-140
-394
-830
-1469
-2270
-2842
-2893
-2619
-2354
-2359
-2722
-3165
-3585
-3946
-4138
-3957
-3415
-2835
-2461
-2279
-2086
-1678
-892
141
913
1017
851
1322
2580
3829
4294
4080
3890
3871
3812
3626
3815
4386
4526
3609
2170
1301
1116
984
461
-284
-800
-1103
-1336
-1734
-2343
-3112
-3675
-3509
-2757
-2167
-2157
-2439
-2502
-2418
-2122
-1452
-457
366
592
401
358
842
1578
2078
2325
2386
2274
2117
2034
2062
2066
2075
1972
1811
1646
1366
1065
825
747
743
777
849
722
411
-77
-515
-648
-480
-282
-339
-534
-926
-1511
-2130
-2551
-2630
-2583
-2580
-2732
-2981
-3259
-3628
-3937
-4007
-3723
-3212
-2860
-2660
-2423
-1887
-1009
-52
537
502
316
781
2076
3559
4346
4346
4050
3764
3564
3482
3953
4787
5161
4366
2879
1837
1547
1519
1144
441
-192
-639
-972
-1395
-1946
-2667
-3365
-3579
-3241
-2749
-2588
-2690
-2815
-2983
-3003
-2548
-1440
-234
250
-117
-624
-412
451
1387
2047
2377
2433
2190
1768
1441
1473
1899
2366
2578
2387
1918
1404
978
750
746
1078
1507
1576
1085
228
-440
-641
-401
-115
-25
-126
-462
-1078
-1836
-2389
-2569
-2486
-2437
-2569
-2801
-3120
-3484
-3889
-4209
-4245
-3915
-3283
-2584
-2028
-1718
-1430
-977
-525
-329
-124
720
2157
3439
3811
3484
3289
3345
3464
3610
4201
5031
5229
4328
2926
2061
1951
2133
2082
1653
961
85
-645
-1120
-1486
-2011
-2536
-2605
-2303
-2200
-2601
-3118
-3329
-3274
-2959
-2226
-1193
-549
-642
-1204
-1453
-982
-21
954
1649
2054
2007
1570
1173
1142
1466
1960
2394
2495
2298
1917
1513
1233
1140
1341
1698
1988
1834
1163
400
-91
-141
82
277
243
-25
-528
-1262
-1923
-2190
-2116
-2053
-2246
-2630
-3020
-3273
-3488
-3741
-3891
-3876
-3719
-3503
-3173
-2739
-2233
-1570
-841
-395
-416
-574
-105
1172
2637
3467
3570
3439
3235
2989
2883
3440
4485
5061
4504
3231
2304
2047
2090
2041
1769
1460
1047
511
-179
-916
-1570
-2040
-2031
-1685
-1511
-1848
-2428
-2898
-3259
-3400
-2992
-1905
-808
-427
-873
-1660
-1984
-1613
-671
450
1381
1750
1370
725
208
176
702
1608
2371
2607
2240
1470
862
722
1009
1594
2159
2440
2055
1181
225
-315
-162
299
686
708
319
-508
-1544
-2274
-2504
-2293
-2008
-1906
-2128
-2712
-3414
-3975
-4078
-3795
-3361
-2976
-2706
-2435
-2125
-1652
-1062
-660
-558
-466
216
1493
2654
3110
3015
2951
2939
2900
2990
3575
4437
4723
3963
2716
2016
2070
2297
2294
1986
1589
1096
571
78
-386
-797
-1194
-1300
-1125
-1063
-1378
-1874
-2237
-2558
-2770
-2599
-1748
-701
-352
-919
-1860
-2214
-1817
-982
-75
610
985
733
95
-498
-566
40
997
1810
2024
1678
1029
527
519
892
1548
2130
2466
2215
1397
551
82
234
663
1016
1078
752
17
-1084
-2011
-2340
-2077
-1689
-1664
-2039
-2722
-3378
-3869
-4043
-3839
-3448
-3014
-2702
-2453
-2176
-1721
-1186
-913
-930
-841
-84
1340
2601
2980
2649
2456
2502
2586
2755
3377
4247
4503
3688
2330
1501
1589
2028
2236
1986
1525
988
513
128
-249
-650
-985
-928
-559
-401
-740
-1325
-1741
-1992
-2076
-1783
-935
-20
46
-886
-1947
-2120
-1406
-552
-49
133
260
92
-488
-1042
-967
-254
575
990
843
509
343
332
402
580
1070
1773
2266
2092
1305
574
413
785
1233
1396
1269
918
263
-668
-1444
-1647
-1417
-1213
-1467
-2077
-2650
-3030
-3348
-3661
-3712
-3420
-2935
-2460
-2190
-1993
-1587
-1075
-871
-1001
-859
-16
1391
2597
2960
2701
2453
2391
2379
2626
3450
4357
4480
3485
2140
1375
1417
1790
1900
1640
1215
827
487
69
-429
-927
-1144
-864
-338
-152
-500
-1056
-1515
-1767
-1702
-1132
-163
553
351
-706
-1658
-1725
-1023
-275
112
181
98
-213
-847
-1467
-1492
-799
97
526
279
-288
-669
-664
-423
-3
654
1445
1883
1594
766
98
156
802
1448
1649
1463
1026
364
-436
-1076
-1176
-869
-667
-947
-1637
-2342
-2870
-3193
-3337
-3335
-3102
-2774
-2407
-2181
-1978
-1545
-1020
-748
-912
-906
-139
1222
2442
2784
2541
2302
2260
2321
2573
3381
4216
4258
3289
2095
1556
1619
1876
1807
1493
1130
791
489
83
-384
-884
-1111
-817
-307
-107
-470
-970
-1290
-1373
-1198
-617
317
843
395
-647
-1236
-889
-192
190
130
89
150
-95
-731
-1352
-1416
-938
-318
-55
-255
-607
-875
-994
-983
-672
50
896
1345
1018
295
-108
147
766
1225
1355
1270
1002
446
-270
-706
-675
-471
-546
-957
-1422
-1765
-2085
-2539
-2948
-3038
-2799
-2380
-2003
-1803
-1624
-1304
-984
-926
-1022
-768
95
1357
2292
2475
2230
2012
1925
1941
2404
3341
4075
3874
2785
1687
1254
1436
1726
1720
1506
1177
824
370
-185
-723
-1056
-922
-388
85
52
-476
-1082
-1491
-1514
-1079
-209
844
1318
688
-513
-1185
-830
7
599
670
523
432
26
-803
-1512
-1447
-761
-57
140
-258
-819
-1203
-1373
-1339
-961
-142
672
974
464
-430
-844
-478
314
921
1144
1016
583
-58
-708
-914
-664
-331
-351
-752
-1269
-1756
-2119
-2405
-2525
-2379
-2148
-1851
-1595
-1357
-1088
-829
-702
-833
-829
-336
627
1667
2251
2296
2055
1818
1647
1721
2419
3383
3814
3208
2099
1291
1113
1393
1619
1589
1346
1023
687
280
-153
-622
-891
-742
-285
89
46
-356
-922
-1386
-1459
-817
304
1054
935
130
-555
-672
-298
185
492
695
642
281
-282
-783
-1013
-963
-702
-489
-368
-380
-592
-995
-1476
-1568
-1054
-105
571
459
-170
-807
-973
-649
-74
430
671
531
-45
-701
-1039
-876
-538
-432
-661
-1041
-1304
-1550
-1840
-2120
-2227
-2031
-1678
-1377
-1260
-1071
-666
-326
-358
-666
-594
145
1254
2051
2219
2169
2028
1754
1443
1661
2560
3336
3313
2440
1423
872
887
1237
1427
1342
1049
777
571
240
-261
-787
-831
-372
118
227
-31
-368
-795
-1158
-1113
-397
696
1281
956
86
-481
-423
-10
378
560
693
684
376
-255
-881
-1110
-905
-485
-234
-270
-436
-685
-1003
-1357
-1374
-851
-25
502
349
-230
-741
-858
-615
-214
197
373
221
-308
-948
-1297
-1194
-868
-682
-756
-1028
-1362
-1665
-1972
-2174
-2123
-1810
-1312
-936
-708
-486
-297
-385
-673
-611
68
1099
1963
2252
2145
1966
1759
1506
1547
2218
3015
3239
2671
1785
1061
653
657
863
1055
1098
953
693
289
-212
-704
-857
-453
116
425
333
67
-342
-849
-1061
-656
338
1280
1493
872
-7
-446
-357
59
531
856
975
728
75
-771
-1284
-1216
-721
-199
-59
-318
-728
-1127
-1426
-1513
-1152
-432
257
426
-26
-652
-1008
-935
-555
-24
409
434
-31
-798
-1451
-1629
-1329
-885
-622
-668
-1026
-1581
-2103
-2428
-2361
-1936
-1348
-865
-676
-585
-457
-406
-610
-761
-267
758
1743
2166
2046
1879
1802
1675
1485
1767
2647
3342
3154
2216
1296
766
685
903
1075
1116
919
627
266
-185
-607
-832
-562
-19
277
163
-96
-240
-500
-818
-796
-162
757
1293
1183
594
5
-263
-146
272
737
1046
967
520
-160
-850
-1191
-1011
-500
-77
-34
-372
-893
-1320
-1521
-1366
-869
-202
277
250
-225
-819
-1094
-917
-393
196
513
350
-253
-953
-1414
-1486
-1240
-899
-643
-684
-1065
-1664
-2166
-2328
-2076
-1618
-1203
-925
-673
-324
-90
-270
-734
-816
-62
1119
1959
2135
1950
1834
1658
1427
1401
1979
2845
3218
2778
1900
1229
944
919
977
954
907
794
656
353
-186
-738
-977
-664
-185
77
103
42
-138
-612
-1040
-895
-11
1040
1427
977
225
-219
-202
71
443
768
996
857
259
-528
-998
-980
-635
-299
-216
-376
-591
-839
-1166
-1409
-1288
-743
-52
288
66
-484
-884
-890
-597
-142
300
502
243
-469
-1191
-1459
-1194
-814
-619
-669
-924
-1275
-1682
-2002
-2115
-1926
-1575
-1211
-882
-640
-383
-221
-345
-688
-744
-98
967
1824
2021
1807
1664
1513
1280
1241
1828
2671
2968
2511
1698
1149
936
931
961
959
970
842
660
387
-68
-569
-801
-501
-23
191
134
22
-58
-352
-651
-550
103
871
1146
899
414
81
14
102
317
571
798
732
289
-342
-868
-1004
-782
-432
-263
-362
-604
-871
-1079
-1170
-1017
-609
-128
120
-72
-497
-834
-851
-570
-203
92
142
-95
-582
-1095
-1353
-1284
-989
-719
-670
-909
-1305
-1634
-1796
-1796
-1698
-1516
-1173
-753
-325
-18
-22
-335
-691
-592
114
1112
1851
2039
1919
1736
1479
1237
1329
1926
2566
2708
2259
1603
1136
903
803
741
798
964
1053
922
475
-128
-601
-664
-290
145
357
363
252
-14
-474
-767
-513
237
876
948
563
99
-171
-260
-234
-56
300
575
385
-214
-870
-1237
-1204
-923
-614
-469
-480
-653
-956
-1240
-1285
-938
-354
149
213
-148
-603
-833
-690
-323
59
268
190
-195
-728
-1089
-1151
-1004
-798
-648
-664
-876
-1198
-1517
-1621
-1546
-1403
-1248
-965
-556
-188
34
30
-130
-260
-142
395
1144
1751
1959
1881
1763
1543
1325
1314
1747
2273
2411
2044
1457
1039
817
698
658
709
854
878
719
360
-43
-314
-301
45
424
601
574
407
137
-152
-203
-21
366
771
919
678
174
-225
-388
-313
-140
-16
46
-80
-471
-1060
-1514
-1565
-1273
-833
-578
-647
-948
-1218
-1281
-1160
-840
-427
-81
-53
-385
-758
-849
-571
-235
-101
-167
-306
-444
-655
-882
-1014
-976
-783
-657
-702
-886
-1083
-1208
-1263
-1249
-1219
-1063
-681
-235
113
228
203
158
191
372
677
1180
1730
2052
2012
1746
1478
1294
1318
1551
1832
1960
1785
1380
884
483
281
292
518
779
874
746
505
235
-16
-113
107
596
1050
1116
737
231
-49
-12
237
610
921
936
553
-27
-470
-587
-451
-275
-186
-259
-528
-920
-1315
-1582
-1626
-1407
-1064
-814
-779
-944
-1163
-1273
-1175
-867
-440
-87
-11
-246
-605
-814
-726
-413
-105
-16
-193
-501
-789
-920
-880
-740
-592
-527
-608
-797
-972
-1037
-990
-886
-744
-492
-139
175
299
333
477
670
744
703
904
1436
1917
2013
1823
1643
1515
1318
1192
1291
1540
1639
1439
1053
692
461
352
390
520
654
716
679
526
275
136
232
500
769
840
686
381
140
96
279
519
616
514
226
-87
-306
-365
-375
-468
-618
-793
-955
-1105
-1261
-1383
-1493
-1546
-1540
-1449
-1329
-1281
-1311
-1349
-1286
-1126
-862
-591
-436
-442
-592
-695
-661
-494
-299
-194
-223
-399
-645
-808
-837
-656
-411
-265
-385
-601
-635
-424
-165
-115
-183
-174
26
234
332
554
990
1320
1197
802
685
1022
1516
1694
1596
1472
1411
1233
873
532
451
700
1022
1090
833
473
223
58
5
147
558
1045
1206
875
326
29
157
517
822
877
752
552
318
103
14
120
348
484
357
21
-277
-483
-663
-862
-986
-975
-888
-902
-1116
-1438
-1674
-1690
-1548
-1348
-1183
-1100
-1154
-1313
-1412
-1295
-923
-506
-341
-521
-813
-929
-776
-509
-299
-179
-110
-150
-309
-492
-455
-190
128
232
107
-81
-162
-130
-44
68
185
253
268
223
274
532
911
1109
929
595
463
658
980
1179
1218
1157
998
725
442
357
529
793
909
814
643
553
544
534
499
556
777
1051
1180
1059
781
572
575
746
937
988
827
543
281
165
208
287
299
178
-63
-299
-446
-513
-628
-821
-1047
-1185
-1187
-1170
-1265
-1458
-1665
-1782
-1758
-1626
-1464
-1374
-1396
-1469
-1454
-1302
-1053
-865
-810
-849
-861
-772
-627
-455
-308
-209
-167
-156
-122
-74
50
196
304
306
252
322
520
711
691
465
195
29
15
138
471
979
1337
1156
500
-105
-174
315
911
1203
1103
786
416
50
-156
-8
474
1026
1261
1044
599
275
218
351
614
991
1381
1501
1186
628
200
215
596
1033
1247
1119
719
195
-193
-219
66
464
710
598
165
-344
-666
-768
-744
-671
-636
-672
-814
-1068
-1381
-1594
-1603
-1472
-1289
-1159
-1111
-1183
-1374
-1540
-1515
-1230
-850
-585
-547
-710
-886
-918
-749
-435
-116
70
53
-110
-281
-289
-70
274
532
564
392
150
12
45
173
305
374
343
228
86
7
37
157
270
290
246
218
215
184
139
159
271
424
506
489
411
340
376
537
769
983
1068
1002
841
751
830
1074
1328
1422
1306
1090
932
916
973
997
947
840
687
550
474
440
399
292
137
16
-35
-67
-181
-416
-746
-1035
-1137
-1059
-960
-992
-1197
-1487
-1691
-1700
-1556
-1384
-1310
-1336
-1366
-1330
-1192
-1023
-893
-818
-759
-678
-578
-430
-276
-207
-258
-334
-276
-69
170
294
256
162
84
81
134
203
269
319
352
315
203
97
94
223
357
396
345
249
154
100
117
195
288
358
373
327
249
202
240
360
516
652
731
763
715
584
487
573
849
1145
1262
1152
937
765
716
791
904
980
951
797
579
392
326
382
472
466
322
142
-6
-131
-264
-426
-611
-789
-898
-920
-921
-1001
-1193
-1409
-1531
-1513
-1383
-1235
-1150
-1156
-1206
-1198
-1059
-839
-653
-581
-580
-539
-412
-239
-113
-103
-152
-172
-114
-7
116
219
277
293
239
160
122
154
223
279
313
301
233
108
-7
-16
106
257
289
172
4
-90
-56
36
108
125
106
80
20
-44
-48
36
196
384
508
513
396
263
233
376
644
898
1033
1022
895
757
675
693
812
946
988
837
571
372
326
398
473
452
366
282
201
82
-53
-222
-407
-548
-598
-581
-582
-656
-812
-997
-1125
-1135
-1047
-939
-900
-940
-965
-914
-777
-633
-557
-514
-457
-360
-253
-141
-64
-41
-32
26
133
227
266
251
229
236
271
315
350
368
331
261
213
206
224
211
190
182
196
191
132
34
-73
-114
-72
-13
4
-50
-119
-149
-170
-200
-207
-137
18
158
189
110
11
-27
42
228
449
596
623
544
438
393
454
560
639
647
560
448
380
361
356
355
365
352
281
182
91
17
-79
-248
-476
-667
-738
-719
-724
-815
-951
-1064
-1136
-1143
-1078
-968
-885
-858
-863
-830
-711
-540
-390
-301
-235
-142
5
169
257
246
209
230
315
421
511
588
641
618
518
433
472
592
672
630
485
360
325
341
331
295
269
240
199
125
42
-5
-25
-40
-87
-125
-109
-72
-84
-178
-269
-253
-89
130
255
230
96
-45
-95
-11
164
340
433
405
297
204
199
286
391
443
407
332
273
233
202
154
102
75
67
69
42
-68
-288
-559
-769
-833
-761
-650
-613
-704
-878
-1060
-1159
-1106
-939
-766
-675
-674
-710
-703
-627
-521
-426
-337
-227
-78
80
184
178
125
121
225
411
583
692
719
684
606
540
571
717
871
893
740
526
398
418
513
572
563
505
419
318
243
212
238
272
242
153
78
37
-11
-99
-200
-239
-183
-64
14
0
-89
-193
-239
-175
1
202
331
329
214
86
50
140
302
416
406
262
71
-68
-117
-108
-101
-154
-260
-357
-396
-391
-427
-542
-719
-879
-937
-882
-794
-774
-854
-1022
-1174
-1207
-1103
-922
-766
-698
-705
-710
-658
-563
-456
-339
-207
-57
110
266
365
381
349
341
421
599
763
829
786
684
578
511
529
642
786
859
807
667
545
508
547
602
642
661
636
544
389
269
235
283
340
330
271
188
100
9
-75
-98
-9
162
289
270
121
-60
-150
-81
106
304
406
357
197
40
-6
86
259
405
408
252
57
-78
-115
-97
-90
-145
-246
-345
-426
-511
-631
-792
-950
-1031
-1024
-978
-948
-975
-1055
-1161
-1234
-1216
-1121
-981
-854
-764
-713
-672
-616
-542
-444
-341
-231
-111
32
151
190
165
122
128
204
331
468
559
591
549
456
376
397
549
742
835
768
629
561
587
643
689
723
735
704
639
554
507
498
495
476
427
382
338
269
161
47
7
80
214
294
231
53
-119
-166
-64
116
288
361
302
146
-2
-32
74
234
307
248
114
-17
-113
-183
-242
-291
-326
-354
-376
-413
-476
-583
-741
-905
-1003
-998
-925
-844
-833
-916
-1036
-1095
-1066
-954
-802
-662
-558
-511
-501
-494
-432
-297
-129
13
119
210
290
316
275
225
230
297
399
480
526
513
411
300
258
347
521
659
669
566
460
427
489
597
683
714
699
641
564
507
482
474
474
471
459
420
342
229
110
16
-18
32
126
185
133
-22
-194
-277
-218
-62
118
218
189
61
-74
-139
-105
24
147
186
111
-30
-158
-240
-279
-299
-308
-301
-284
-303
-394
-542
-674
-741
-741
-695
-646
-630
-665
-762
-879
-921
-859
-726
-606
-546
-518
-498
-477
-456
-400
-302
-173
-61
26
100
160
195
182
172
197
264
363
450
477
429
333
251
250
357
509
617
611
517
425
410
478
584
667
698
661
590
527
507
533
553
543
517
476
426
364
291
219
165
141
167
219
236
179
34
-121
-203
-166
-37
93
142
50
-126
-271
-299
-221
-110
-51
-67
-138
-225
-292
-327
-334
-342
-345
-336
-291
-258
-284
-399
-546
-620
-610
-530
-437
-391
-435
-559
-694
-759
-705
-583
-462
-395
-368
-364
-373
-363
-303
-212
-124
-56
14
81
114
114
99
122
194
292
358
393
415
408
381
356
377
449
545
611
613
550
478
450
494
590
666
665
593
502
452
460
490
519
507
466
405
341
297
265
216
142
77
65
111
146
113
-18
-186
-304
-328
-258
-159
-118
-184
-318
-425
-442
-389
-324
-305
-332
-369
-379
-357
-333
-343
-386
-410
-373
-287
-217
-220
-306
-410
-464
-454
-396
-322
-271
-276
-349
-462
-533
-519
-450
-365
-301
-261
-263
-302
-345
-342
-248
-99
32
105
129
111
72
62
120
230
349
425
452
434
391
356
348
407
532
656
709
685
597
509
484
537
635
719
740
693
619
560
526
527
547
570
572
535
462
373
282
201
147
139
174
207
184
72
-98
-261
-329
-285
-198
-145
-186
-321
-486
-608
-615
-523
-407
-356
-411
-507
-568
-553
-500
-448
-400
-349
-288
-238
-220
-251
-315
-362
-367
-332
-287
-248
-246
-308
-413
-514
-538
-468
-367
-296
-293
-319
-355
-401
-420
-365
-246
-128
-59
-53
-90
-122
-125
-80
-10
70
138
159
157
149
154
186
242
314
372
413
433
442
437
421
423
457
523
576
584
567
552
554
561
562
562
569
565
538
502
459
410
338
260
205
180
178
154
62
-86
-233
-324
-334
-291
-263
-298
-390
-498
-557
-555
-498
-428
-399
-402
-407
-387
-348
-327
-327
-318
-274
-188
-89
-37
-67
-149
-218
-226
-167
-86
-37
-41
-110
-207
-280
-293
-238
-176
-139
-115
-107
-123
-170
-202
-179
-86
27
106
122
83
22
-31
-26
28
102
143
132
80
20
-5
30
106
189
233
235
214
199
209
252
334
430
517
563
567
556
566
602
650
679
677
648
593
528
468
428
401
364
300
230
164
109
46
-61
-185
-279
-315
-313
-313
-357
-455
-563
-633
-626
-543
-445
-399
-430
-489
-501
-446
-358
-275
-224
-215
-207
-167
-102
-62
-87
-150
-200
-185
-117
-65
-53
-93
-143
-182
-177
-107
-39
-11
-18
-47
-53
-36
-22
-13
8
54
102
140
159
134
63
-14
-42
-2
65
103
63
-30
-128
-176
-150
-81
-10
19
5
-16
-5
50
134
215
283
342
397
452
502
554
605
631
646
653
651
632
576
508
445
388
322
248
191
142
83
-15
-138
-254
-334
-374
-387
-380
-391
-444
-530
-592
-575
-496
-397
-324
-315
-335
-357
-325
-268
-211
-158
-124
-79
-36
-16
-39
-84
-114
-105
-65
-9
34
41
16
-19
-54
-51
-21
31
67
64
53
32
10
-23
-34
-14
36
84
85
53
-11
-81
-135
-145
-114
-87
-90
-147
-236
-300
-313
-271
-196
-143
-137
-150
-143
-98
-21
69
165
264
349
406
431
460
520
598
666
691
680
641
584
525
478
450
413
360
287
204
129
50
-52
-172
-280
-354
-381
-389
-402
-433
-494
-547
-576
-551
-478
-402
-354
-345
-362
-367
-344
-299
-249
-213
-181
-146
-102
-80
-105
-149
-173
-159
-108
-37
-3
-12
-45
-76
-81
-54
-3
44
58
50
31
13
9
10
18
40
71
88
81
54
12
-29
-49
-25
27
56
31
-48
-137
-183
-153
-61
39
94
89
51
28
62
140
240
353
439
488
507
510
534
581
633
660
655
628
587
529
455
386
331
299
262
211
134
39
-64
-160
-245
-303
-326
-344
-368
-409
-463
-513
-531
-505
-443
-378
-333
-310
-314
-322
-319
-291
-246
-198
-161
-137
-111
-88
-67
-74
-90
-76
-39
9
50
51
14
-31
-45
-23
25
70
87
66
22
-7
-25
-23
-8
11
17
20
13
-5
-28
-64
-98
-119
-106
-71
-53
-69
-118
-171
-216
-206
-136
-36
43
74
70
62
85
149
247
329
387
411
409
417
444
485
516
524
503
458
398
337
275
212
153
106
71
37
-3
-72
-167
-264
-329
-333
-302
-268
-264
-311
-390
-456
-469
-418
-316
-230
-193
-197
-220
-234
-241
-216
-168
-109
-45
2
20
11
-24
-71
-93
-68
-9
51
75
38
-37
-109
-139
-107
-41
9
10
-30
-86
-117
-102
-62
-33
-40
-68
-83
-83
-69
-68
-86
-97
-88
-54
-15
-6
-25
-52
-71
-55
2
80
153
192
180
158
176
253
362
442
481
481
458
441
455
492
529
551
532
482
417
348
290
242
198
153
103
58
25
-15
-76
-153
-222
-253
-245
-219
-205
-234
-294
-354
-383
-363
-307
-238
-200
-189
-194
-212
-212
-208
-195
-168
-128
-90
-66
-51
-51
-75
-113
-137
-128
-85
-43
-22
-47
-97
-152
-175
-152
-105
-71
-79
-115
-147
-167
-164
-143
-117
-102
-100
-89
-82
-68
-64
-81
-81
-56
-1
51
77
65
28
-6
-3
53
132
206
241
233
202
194
232
316
397
445
457
431
397
368
359
359
355
345
308
247
162
75
8
-35
-68
-105
-134
-164
-210
-265
-318
-347
-346
-318
-272
-238
-234
-270
-315
-338
-312
-237
-155
-99
-69
-59
-72
-100
-122
-107
-56
8
47
60
54
40
26
4
1
34
85
122
115
64
1
-41
-39
6
65
92
72
30
-18
-37
-31
-5
25
42
42
36
36
32
14
-6
4
32
74
109
119
93
48
10
9
49
118
201
242
236
206
196
232
303
382
414
401
365
325
301
290
295
296
278
231
154
73
4
-48
-91
-136
-168
-196
-222
-254
-299
-347
-386
-395
-381
-340
-295
-271
-291
-328
-347
-322
-255
-177
-102
-62
-54
-86
-127
-143
-116
-53
-10
13
25
14
-8
-39
-58
-48
-8
36
42
13
-33
-74
-90
-85
-52
-15
7
-9
-54
-97
-115
-95
-62
-43
-35
-37
-33
-22
-32
-60
-80
-53
3
48
65
44
13
-16
-24
6
72
149
208
229
222
218
236
279
332
399
442
449
425
386
352
338
346
345
328
280
214
147
84
27
-27
-78
-101
-117
-141
-186
-242
-287
-326
-337
-332
-297
-262
-254
-281
-306
-300
-268
-217
-160
-110
-89
-79
-85
-99
-99
-85
-49
-21
1
25
25
2
-29
-32
-5
51
93
96
64
20
-22
-40
-25
14
53
73
67
25
-21
-53
-41
-6
23
44
56
48
34
-12
-57
-65
-20
39
64
51
12
-14
-27
-23
20
89
167
212
219
214
218
250
282
320
351
379
384
352
311
272
264
274
277
259
222
166
96
34
-25
-68
-101
-128
-162
-208
-257
-306
-349
-388
-395
-376
-341
-306
-290
-302
-319
-315
-280
-222
-157
-102
-77
-71
-80
-97
-103
-91
-61
-29
-9
-3
-5
-9
-14
-2
26
58
81
83
71
50
14
-12
-25
-11
23
47
43
10
-24
-43
-38
-13
13
42
50
44
14
-24
-35
-25
16
53
82
86
71
50
38
48
93
165
223
258
261
259
265
286
309
337
363
373
346
299
262
247
246
239
224
196
168
134
93
48
7
-27
-47
-72
-106
-143
-193
-221
-234
-246
-243
-226
-199
-183
-192
-205
-209
-201
-175
-142
-109
-73
-47
-56
-82
-101
-105
-90
-76
-63
-51
-46
-60
-84
-103
-89
-51
-14
-4
-25
-55
-89
-122
-131
-119
-103
-92
-107
-135
-147
-151
-147
-145
-130
-104
-79
-53
-52
-75
-95
-85
-49
-4
32
44
51
58
57
59
75
117
160
202
219
221
216
207
209
225
254
276
276
248
202
168
157
160
163
154
138
106
81
53
32
23
8
4
-23
-55
-82
-104
-114
-127
-134
-135
-124
-101
-89
-97
-112
-123
-127
-114
-82
-45
-14
-5
-16
-28
-30
-27
-14
3
13
19
19
-3
-32
-39
-24
7
37
35
-5
-49
-83
-111
-124
-112
-107
-102
-115
-137
-151
-155
-155
-151
-140
-111
-61
-28
-23
-38
-56
-48
-12
30
61
79
93
101
95
90
98
128
176
210
214
210
208
198
186
172
175
199
209
191
146
98
76
61
60
66
71
59
27
-16
-59
-71
-66
-66
-74
-100
-111
-117
-124
-130
-144
-145
-130
-100
-82
-90
-111
-138
-154
-148
-119
-73
-48
-52
-82
-114
-121
-98
-63
-33
-25
-26
-43
-68
-76
-71
-39
-6
4
-4
-39
-85
-128
-164
-170
-155
-130
-122
-143
-180
-209
-219
-212
-194
-157
-127
-108
-98
-107
-110
-99
-70
-31
0
32
52
55
50
35
42
76
116
154
158
145
127
120
117
116
123
122
123
116
104
89
76
67
64
66
79
90
82
53
22
3
12
26
30
25
22
34
45
57
55
61
74
95
124
136
125
97
63
41
35
54
75
70
42
2
-20
-19
2
21
23
12
-1
-18
-36
-43
-38
-24
-14
-15
-29
-52
-84
-111
-123
-119
-102
-84
-88
-112
-140
-151
-142
-137
-124
-107
-93
-79
-67
-54
-46
-32
-16
0
21
49
75
81
65
46
45
83
118
137
135
111
88
81
89
95
97
94
75
54
38
28
21
6
2
-3
-5
-1
-7
-22
-50
-56
-45
-32
-18
-13
-8
1
-2
-10
-6
5
24
41
53
55
48
30
-2
-31
-39
-17
10
16
-4
-36
-55
-54
-44
-26
-15
-7
-14
-23
-32
-37
-26
-14
-4
0
6
4
-9
-27
-35
-27
-20
-12
-24
-40
-53
-66
-68
-63
-49
-37
-27
-13
-5
4
8
12
22
35
57
80
98
99
78
71
72
88
107
112
104
85
72
58
52
48
47
43
26
0
-20
-39
-49
-52
-53
-52
-49
-58
-78
-105
-113
-94
-68
-42
-31
-27
-21
-12
3
11
24
34
51
74
94
106
87
50
12
-1
18
44
54
48
22
-5
-22
-22
-13
-1
9
3
-10
-26
-38
-42
-40
-29
-21
-14
-12
-19
-33
-41
-46
-48
-40
-29
-21
-19
-27
-35
-36
-21
-3
8
8
5
3
5
12
15
15
19
30
43
42
30
20
13
19
33
42
50
47
40
33
22
12
7
4
4
-2
-9
-23
-41
-54
-59
-53
-49
-40
-46
-61
-67
-71
-59
-38
-20
-7
1
9
13
20
22
27
38
58
79
93
95
78
49
20
15
22
36
43
34
14
-15
-37
-48
-52
-49
-44
-38
-41
-54
-70
-85
-92
-87
-72
-51
-45
-50
-55
-61
-57
-49
-28
-9
4
14
11
6
10
23
41
48
58
61
72
81
83
83
85
90
96
99
87
67
45
42
53
70
78
69
54
42
40
49
52
56
37
12
-8
-21
-25
-31
-38
-52
-58
-54
-50
-47
-55
-67
-70
-55
-38
-30
-26
-18
-13
-4
-2
4
19
34
51
56
61
57
43
26
6
-3
-5
-10
-21
-36
-55
-77
-86
-93
-97
-101
-107
-116
-125
-130
-134
-131
-124
-123
-129
-129
-117
-99
-80
-63
-57
-50
-41
-17
22
52
67
67
64
78
97
116
132
147
156
156
152
149
147
145
145
142
131
117
100
88
83
77
64
47
32
20
14
11
10
2
-20
-43
-55
-55
-51
-51
-57
-63
-65
-61
-57
-58
-65
-70
-70
-60
-44
-34
-25
-14
-3
3
9
18
31
50
69
87
99
94
70
46
30
23
23
26
22
10
-12
-34
-52
-63
-71
-80
-91
-101
-115
-130
-134
-132
-124
-122
-122
-123
-120
-110
-91
-72
-58
-49
-33
0
33
58
70
76
92
116
147
168
184
193
187
187
189
196
197
190
180
162
149
132
117
102
83
66
48
33
13
-6
-21
-30
-34
-38
-48
-52
-57
-57
-61
-65
-59
-54
-43
-41
-49
-56
-66
-67
-56
-42
-29
-26
-23
-24
-21
-19
-14
-3
9
25
39
45
39
30
22
14
6
-7
-17
-22
-23
-31
-41
-56
-82
-107
-134
-146
-148
-147
-148
-153
-162
-173
-172
-169
-170
-163
-149
-134
-109
-88
-76
-62
-41
-11
15
42
64
77
97
123
151
179
196
204
202
207
211
219
224
224
219
215
207
186
170
149
127
109
100
83
61
45
23
5
-9
-17
-26
-26
-25
-28
-37
-52
-59
-56
-41
-33
-31
-44
-70
-88
-88
-69
-50
-38
-33
-36
-39
-37
-30
-16
2
19
24
27
25
12
-2
-13
-24
-32
-35
-28
-29
-39
-63
-87
-100
-110
-109
-114
-118
-121
-128
-131
-136
-132
-132
-129
-130
-133
-117
-96
-72
-56
-42
-27
-11
12
38
64
84
98
119
138
155
160
161
164
160
161
166
169
168
157
145
130
118
115
104
90
76
65
47
27
14
-9
-18
-28
-36
-47
-65
-77
-85
-87
-90
-92
-90
-93
-91
-82
-81
-90
-95
-90
-82
-65
-50
-34
-28
-23
-19
-16
-5
5
14
15
13
7
-1
1
-3
-15
-39
-63
-74
-66
-53
-55
-72
-97
-121
-132
-136
-142
-142
-137
-130
-126
-115
-112
-118
-123
-125
-115
-87
-48
-19
-10
-16
-26
-17
12
45
71
88
94
96
102
109
119
137
153
162
162
161
160
155
144
138
141
142
147
144
130
106
89
79
79
82
80
67
47
28
9
5
16
33
46
36
15
3
6
19
27
35
34
26
15
10
19
25
40
50
58
61
62
61
47
34
23
22
21
17
3
-16
-42
-79
-94
-95
-85
-82
-97
-124
-150
-163
-169
-165
-163
-164
-165
-169
-164
-155
-134
-117
-114
-111
-112
-97
-77
-53
-40
-35
-30
-26
-11
10
33
54
71
82
87
93
103
116
127
136
140
144
145
137
121
107
102
107
111
112
97
75
61
54
47
44
45
35
25
9
-7
-20
-24
-16
-6
12
7
-8
-20
-23
-9
2
12
5
-7
-12
-8
4
16
28
30
32
38
52
58
52
42
34
33
27
13
-12
-39
-58
-70
-66
-56
-54
-66
-80
-98
-109
-109
-106
-100
-92
-90
-91
-92
-86
-78
-72
-61
-57
-44
-31
-17
-13
-17
-22
-26
-17
3
26
42
48
43
40
33
36
46
56
64
62
60
60
63
56
37
26
22
30
51
58
39
19
9
3
7
14
17
15
10
-1
-14
-17
-11
-5
-4
-11
-12
-13
-15
-6
4
13
23
34
43
43
52
60
66
71
75
79
83
83
80
74
63
55
42
35
19
-3
-26
-51
-67
-76
-77
-79
-83
-95
-111
-131
-146
-148
-142
-131
-120
-119
-120
-118
-113
-107
-108
-103
-93
-72
-49
-41
-35
-44
-45
-37
-21
0
23
45
48
48
49
56
65
74
79
77
80
78
77
72
59
46
45
53
56
57
49
35
22
13
6
8
14
17
8
-9
-24
-28
-26
-20
-17
-12
-9
-12
-13
-15
-5
3
13
25
40
51
60
63
63
65
72
81
89
96
86
70
57
45
39
39
28
5
-20
-42
-54
-59
-64
-70
-78
-81
-88
-91
-99
-107
-110
-102
-86
-74
-68
-70
-76
-82
-79
-73
-56
-40
-24
-14
-13
-19
-24
-16
-4
19
41
54
58
56
51
52
68
80
89
88
82
77
67
55
47
38
35
37
38
32
18
7
-10
-18
-27
-33
-30
-30
-30
-37
-43
-48
-49
-44
-36
-31
-33
-32
-23
-9
5
16
20
20
20
25
36
51
55
56
52
46
39
31
24
14
13
13
5
-3
-18
-33
-51
-66
-77
-84
-81
-78
-76
-76
-80
-88
-91
-83
-73
-63
-49
-41
-40
-41
-36
-30
-28
-26
-18
-3
16
30
29
24
14
13
24
42
57
68
70
66
62
60
63
69
73
71
72
69
64
54
34
18
15
24
34
34
20
1
-15
-25
-22
-16
-11
-9
-15
-25
-28
-28
-20
-6
2
2
7
4
1
4
10
20
28
39
44
42
39
33
31
33
40
49
50
43
25
5
-4
-8
-8
-9
-11
-23
-37
-51
-63
-68
-68
-57
-51
-50
-55
-62
-67
-69
-64
-59
-51
-40
-40
-43
-42
-40
-37
-35
-31
-22
-11
-6
-8
-6
-7
4
19
36
50
54
53
52
56
62
67
72
77
76
72
68
66
56
46
38
38
41
39
35
22
8
-1
1
0
-3
-11
-17
-17
-18
-21
-24
-24
-18
-16
-12
-15
-17
-14
-12
-7
-3
3
10
14
14
12
8
6
4
7
11
10
7
-2
-11
-16
-22
-29
-37
-44
-50
-49
-49
-53
-61
-63
-60
-51
-44
-40
-43
-49
-48
-44
-37
-27
-17
-11
-6
-9
-13
-12
-7
2
12
20
21
21
17
17
24
35
50
60
63
65
66
64
66
73
80
92
97
89
72
54
40
34
34
38
37
32
16
-2
-16
-25
-21
-21
-20
-20
-26
-26
-26
-22
-22
-15
-6
-1
5
1
-2
-5
-5
0
7
13
18
17
12
3
-3
-6
-4
-4
-9
-20
-32
-42
-49
-47
-49
-50
-56
-67
-77
-82
-81
-79
-74
-66
-60
-54
-48
-50
-54
-53
-43
-30
-13
0
4
2
-3
-5
1
10
20
29
32
35
39
42
47
51
56
62
67
72
75
77
74
74
75
78
81
85
84
78
66
52
43
36
30
25
12
0
-10
-17
-23
-33
-41
-49
-51
-48
-45
-38
-34
-32
-28
-22
-15
-6
0
5
8
13
15
19
21
20
23
22
23
19
13
10
7
6
7
3
-5
-14
-20
-28
-36
-41
-46
-50
-50
-52
-58
-65
-71
-68
-60
-52
-43
-41
-42
-45
-46
-39
-28
-16
-8
-3
-3
-6
-9
-8
-2
2
9
14
15
12
10
13
19
30
39
51
58
60
61
60
61
68
76
86
86
77
64
55
49
46
45
39
32
23
10
-1
-10
-18
-22
-22
-20
-16
-15
-17
-18
-20
-17
-10
0
7
11
11
7
4
2
0
4
7
7
3
-3
-11
-18
-23
-25
-26
-29
-35
-43
-53
-61
-66
-68
-68
-67
-70
-71
-72
-74
-76
-73
-65
-58
-46
-38
-32
-26
-21
-13
-4
6
13
20
23
27
30
33
37
41
45
50
52
53
51
49
48
48
55
59
65
66
64
59
53
49
46
50
54
54
44
31
18
8
3
2
0
-3
-12
-21
-29
-37
-46
-48
-42
-34
-26
-22
-22
-25
-25
-19
-6
10
22
29
30
28
27
25
25
30
32
35
30
21
8
-4
-12
-14
-14
-17
-23
-31
-39
-47
-55
-55
-56
-55
-54
-54
-56
-59
-62
-60
-53
-44
-37
-33
-33
-36
-35
-29
-18
-6
5
12
12
8
6
10
19
30
39
46
48
46
41
39
41
47
54
61
65
63
53
45
38
37
41
46
50
44
34
19
6
-1
-3
-5
-7
-12
-21
-30
-38
-46
-50
-52
-49
-42
-37
-34
-34
-36
-36
-29
-19
-6
6
10
13
14
12
14
15
20
23
23
20
12
1
-10
-15
-15
-16
-17
-21
-28
-35
-41
-43
-41
-40
-39
-38
-38
-40
-43
-43
-38
-29
-21
-15
-12
-17
-22
-22
-19
-11
-1
5
8
6
3
1
4
8
15
25
36
42
44
42
42
44
50
60
69
78
79
75
67
64
62
64
68
68
63
53
38
24
14
6
3
1
-5
-12
-22
-34
-42
-47
-48
-42
-36
-33
-32
-35
-38
-37
-31
-20
-7
2
7
9
9
8
9
12
13
16
16
13
6
-5
-14
-20
-23
-23
-24
-27
-34
-41
-49
-53
-51
-49
-43
-40
-38
-38
-41
-41
-36
-29
-17
-7
-2
-3
-7
-12
-10
-5
3
10
14
12
7
2
-2
-1
7
18
28
35
34
31
30
31
38
50
62
69
71
67
63
60
57
62
63
62
58
49
35
21
8
1
-2
-5
-10
-17
-29
-42
-52
-56
-54
-47
-41
-36
-38
-43
-47
-45
-38
-26
-13
-4
2
2
-4
-5
-5
-2
4
8
9
6
-4
-14
-24
-27
-26
-22
-20
-25
-33
-42
-48
-47
-43
-37
-31
-28
-27
-27
-27
-22
-16
-7
4
13
17
18
14
11
13
16
21
27
27
24
21
16
12
13
17
23
29
30
28
25
22
21
26
35
42
47
47
46
44
42
44
48
49
49
44
36
26
13
4
0
1
0
-4
-10
-23
-33
-41
-42
-39
-33
-27
-25
-30
-34
-39
-38
-30
-20
-8
1
4
4
3
0
-2
0
3
7
10
8
0
-12
-20
-25
-24
-19
-15
-17
-25
-32
-39
-42
-40
-34
-29
-26
-27
-29
-30
-28
-25
-17
-6
4
12
14
12
7
5
9
19
29
33
32
28
22
19
18
24
34
40
41
37
28
22
21
27
33
40
43
40
34
29
26
24
28
32
33
30
18
4
-9
-19
-23
-19
-15
-18
-26
-40
-53
-61
-61
-56
-47
-40
-39
-46
-52
-53
-49
-40
-27
-14
-3
1
3
1
2
7
13
21
27
28
25
19
10
5
2
8
14
15
9
-3
-13
-20
-19
-15
-11
-9
-10
-13
-17
-18
-17
-13
-5
3
11
15
15
13
11
10
16
22
30
34
34
30
26
25
27
32
40
42
41
35
32
31
32
34
36
38
37
36
32
29
26
24
22
20
17
12
3
-9
-21
-33
-39
-41
-42
-46
-55
-66
-75
-81
-83
-80
-77
-72
-70
-69
-69
-65
-60
-51
-39
-27
-15
-7
0
4
9
14
20
29
38
42
43
38
31
26
26
29
34
35
31
22
14
6
3
5
8
13
13
11
7
3
2
4
7
13
18
22
21
18
12
9
10
14
17
19
17
10
5
1
1
3
6
8
6
2
-2
-3
0
6
10
14
15
14
12
11
11
12
13
15
13
10
2
-8
-16
-21
-23
-24
-26
-32
-42
-53
-61
-64
-61
-57
-55
-53
-51
-52
-49
-44
-35
-23
-11
-1
7
12
14
17
23
31
39
47
49
50
48
44
37
33
31
32
32
30
23
15
7
1
0
1
5
7
9
8
6
6
6
9
14
18
22
23
22
18
15
13
12
13
14
12
7
1
-5
-12
-15
-17
-18
-19
-22
-24
-27
-29
-28
-26
-20
-16
-14
-13
-12
-11
-11
-9
-7
-3
-1
-2
-5
-11
-15
-17
-18
-17
-17
-20
-25
-31
-36
-38
-38
-35
-28
-24
-20
-18
-18
-15
-9
3
15
25
32
35
34
33
35
39
44
49
51
49
42
34
24
17
12
12
12
10
1
-10
-20
-27
-28
-24
-18
-12
-11
-13
-16
-15
-13
-6
3
11
17
18
17
14
12
12
16
19
19
18
13
6
-2
-8
-9
-7
-5
-4
-9
-15
-20
-20
-17
-13
-5
-1
-1
-3
-4
-4
-2
2
9
11
12
9
6
1
-1
-2
0
1
-2
-6
-12
-16
-20
-19
-17
-13
-9
-8
-6
-6
-4
0
9
18
28
34
36
35
37
39
44
50
52
52
48
43
36
27
20
14
7
3
-4
-11
-21
-31
-38
-45
-46
-44
-42
-42
-44
-45
-46
-43
-37
-31
-24
-19
-15
-12
-11
-10
-7
-4
-2
0
0
-1
-4
-7
-12
-14
-14
-12
-9
-9
-10
-13
-15
-15
-11
-3
3
8
10
13
12
14
17
20
23
26
27
25
21
17
13
10
8
6
4
-2
-7
-14
-19
-24
-25
-23
-20
-17
-16
-17
-18
-16
-11
-3
7
14
16
16
15
16
17
21
23
24
22
19
12
3
-5
-11
-15
-18
-21
-24
-31
-39
-47
-49
-48
-44
-40
-38
-37
-38
-37
-33
-28
-19
-11
-3
0
1
2
4
5
8
11
15
15
13
9
3
-1
-3
-3
-1
1
2
-1
-5
-8
-6
-1
7
14
18
20
19
17
18
20
26
31
32
31
26
18
11
7
3
2
0
-3
-10
-16
-26
-32
-36
-37
-36
-32
-28
-28
-30
-32
-32
-27
-20
-12
-8
-5
-5
-5
-4
-4
-3
-2
-2
-4
-6
-11
-17
-22
-28
-30
-30
-32
-34
-36
-39
-41
-41
-38
-33
-27
-22
-18
-14
-12
-7
-2
5
11
17
20
21
21
21
20
19
21
22
21
18
14
10
5
2
1
3
5
5
4
3
1
1
6
11
16
20
22
20
18
15
15
19
22
23
22
17
11
2
-5
-8
-10
-11
-10
-14
-19
-25
-33
-37
-36
-32
-25
-19
-16
-17
-19
-20
-17
-10
-2
5
10
10
8
5
3
1
2
3
3
1
-3
-8
-15
-18
-20
-22
-21
-20
-20
-22
-22
-22
-21
-16
-11
-7
0
2
6
10
15
20
24
28
29
29
28
29
31
30
30
26
24
21
16
13
12
11
11
11
10
8
6
6
6
8
11
15
18
19
16
13
10
10
12
15
17
15
9
3
-6
-12
-15
-16
-17
-17
-19
-23
-27
-31
-33
-34
-30
-25
-19
-13
-11
-10
-9
-8
-3
2
9
15
20
22
20
17
14
11
10
11
10
8
5
1
-6
-12
-16
-17
-17
-15
-14
-14
-14
-15
-14
-12
-8
0
5
11
15
18
19
22
25
28
30
34
34
35
32
29
26
24
21
19
18
16
15
11
9
5
2
2
2
3
3
4
6
7
7
7
6
5
5
5
6
7
6
4
2
-2
-6
-9
-11
-12
-13
-13
-16
-19
-22
-25
-25
-24
-22
-18
-15
-13
-12
-11
-10
-7
-4
2
8
12
13
12
10
9
11
14
14
16
14
14
10
7
5
5
4
5
3
2
2
0
0
1
4
6
10
13
17
19
21
23
24
28
30
31
31
32
30
29
27
26
25
23
21
17
15
12
8
3
-1
-5
-9
-10
-12
-12
-12
-13
-13
-13
-13
-13
-12
-11
-9
-7
-5
-3
-1
1
1
1
1
1
3
4
3
1
-2
-4
-6
-5
-4
-5
-3
-4
-5
-5
-5
-5
-5
-3
-2
-1
0
2
6
7
10
12
13
16
17
19
19
18
17
16
14
15
13
11
8
6
7
6
8
6
7
7
7
7
8
8
10
11
13
16
19
21
23
24
25
24
26
26
26
24
20
16
13
9
7
5
4
0
-5
-8
-12
-15
-17
-17
-18
-19
-17
-16
-15
-12
-9
-5
-1
3
7
9
9
9
9
10
12
13
15
15
14
14
12
10
9
7
4
2
-1
-4
-5
-6
-7
-7
-5
-4
-1
3
6
7
7
8
8
8
9
10
11
10
9
8
8
6
3
0
-2
-4
-6
-8
-9
-11
-13
-15
-15
-13
-11
-8
-5
-3
0
0
2
4
6
9
12
15
17
17
16
14
12
10
7
5
3
0
-5
-10
-16
-20
-21
-21
-19
-18
-19
-20
-20
-19
-19
-16
-14
-11
-9
-6
-4
-1
2
5
7
9
13
15
15
15
12
8
5
3
1
1
0
-1
-2
-4
-5
-4
-4
-3
-1
-1
0
1
2
4
3
4
5
6
7
6
7
6
4
2
0
-3
-4
-6
-10
-10
-12
-12
-12
-12
-12
-12
-12
-11
-10
-7
-4
-3
-3
-1
1
4
6
8
10
11
10
8
5
2
-1
-5
-7
-8
-10
-13
-17
-20
-22
-24
-24
-21
-19
-17
-16
-16
-16
-15
-10
-6
-1
5
7
10
11
11
12
13
13
14
14
13
11
7
5
1
-1
-2
-3
-3
-4
-5
-7
-9
-10
-9
-8
-5
-4
-3
-2
-2
-3
-1
0
1
1
-1
-2
-3
-5
-7
-8
-11
-12
-12
-15
-15
-16
-18
-18
-17
-15
-14
-11
-11
-9
-7
-4
1
5
6
8
8
9
10
11
13
13
12
9
6
2
-3
-5
-7
-11
-13
