-4
-3
-4
-2
-1
0
2
4
4
5
3
4
4
2
1
1
1
2
0
0
-1
0
0
0
0
2
2
2
2
3
2
2
2
2
2
1
1
1
-1
0
-1
0
1
2
3
5
5
5
6
6
6
6
5
5
5
3
4
4
5
4
4
4
5
6
6
6
8
8
8
7
6
5
4
4
4
4
4
5
5
6
7
7
7
9
9
9
10
8
8
6
7
5
5
4
4
4
4
5
6
7
6
6
6
6
5
4
3
3
3
4
3
3
2
1
1
1
2
2
1
0
0
0
1
1
1
1
-1
1
2
0
0
0
0
0
-1
0
0
1
2
1
0
0
1
1
1
0
-1
-2
-3
-4
-5
-4
-4
-5
-6
-8
-8
-8
-7
-6
-7
-6
-5
-5
-6
-6
-7
-7
-6
-6
-7
-8
-9
-9
-10
-9
-8
-7
-7
-7
-6
-6
-5
-5
-4
-4
-4
-5
-5
-6
-6
-5
-5
-2
-1
1
1
1
0
0
1
3
3
5
5
5
4
3
5
6
6
6
6
6
6
7
6
7
8
7
7
7
6
6
6
7
5
4
3
2
0
0
0
-1
1
0
0
0
-1
-1
-3
-2
-2
-2
-2
-2
-2
-3
-3
-3
-3
-3
-2
-2
-2
-2
-2
-1
0
0
-1
1
1
0
0
0
-1
0
2
2
2
3
3
3
3
3
3
3
4
3
2
2
2
2
1
1
1
0
0
0
-1
-2
-2
-2
-2
-2
-2
-2
-3
-5
-5
-6
-5
-6
-6
-7
-7
-8
-8
-8
-8
-7
-7
-7
-7
-9
-8
-8
-7
-7
-8
-7
-8
-9
-9
-8
-8
-6
-5
-4
-4
-3
-2
-2
-1
-1
-1
0
0
0
1
1
1
2
4
4
5
4
4
4
4
5
6
6
6
6
6
6
6
6
6
6
7
6
6
6
4
3
4
6
6
7
6
4
3
3
4
4
5
5
4
3
2
2
3
4
4
4
2
2
2
2
2
2
3
3
4
3
3
4
2
3
5
5
6
5
4
5
4
5
4
5
5
3
2
3
2
2
3
2
1
1
0
0
-1
-1
-2
-3
-4
-4
-5
-4
-5
-5
-6
-6
-7
-6
-7
-8
-8
-9
-9
-9
-8
-8
-8
-9
-9
-9
-9
-8
-7
-7
-5
-5
-5
-4
-4
-3
-2
-1
-1
0
1
1
2
2
4
4
6
6
6
6
5
5
6
6
6
7
6
6
5
5
5
6
7
5
4
2
2
2
2
2
2
1
1
1
0
0
1
1
1
1
1
0
-1
-1
-2
-1
-1
-1
0
0
0
0
0
0
1
2
2
0
0
0
1
0
0
-1
0
-1
0
0
1
0
0
1
1
1
1
2
2
1
1
1
0
0
-1
0
1
1
0
0
1
0
2
2
1
2
1
2
2
2
3
4
4
3
3
3
3
3
3
3
3
2
3
2
2
3
4
4
4
4
4
2
2
2
3
3
2
2
2
1
1
1
0
0
0
1
0
0
-1
-1
-1
-1
-2
-1
-3
-2
-3
-3
-3
-3
-2
-4
-4
-5
-7
-5
-4
-4
-5
-6
-6
-7
-6
-6
-7
-10
-9
-9
-8
-9
-9
-9
-9
-9
-10
-9
-10
-10
-10
-9
-8
-9
-9
-8
-9
-10
-9
-9
-7
-7
-7
-6
-5
-4
-4
-3
-4
-4
-4
-3
-3
-3
-1
-2
-1
-1
0
2
2
2
2
3
3
4
5
5
6
7
7
7
8
9
9
8
10
10
9
8
9
9
9
9
10
8
9
9
9
9
9
8
7
6
5
5
5
4
3
4
2
2
2
0
-1
0
0
0
1
1
0
-1
0
0
0
-1
-3
-3
-3
-3
-3
-3
-2
-2
-1
-1
0
-1
-1
-1
-2
-1
-3
-2
-2
-1
0
0
0
1
2
2
1
2
1
2
3
2
1
2
2
2
2
3
2
2
2
3
3
3
4
3
4
3
2
1
1
2
1
2
1
0
-1
0
1
0
0
0
-1
0
-1
0
-1
-2
-1
-2
-3
-3
-3
-4
-3
-3
-3
-5
-5
-6
-5
-5
-5
-6
-6
-6
-5
-5
-5
-6
-5
-5
-5
-5
-5
-5
-7
-7
-6
-6
-8
-6
-7
-5
-5
-5
-4
-4
-5
-4
-3
-4
-4
-3
-3
-2
-3
-4
-2
-2
0
-2
-1
0
0
1
1
1
1
2
1
2
2
2
3
3
4
5
5
6
6
6
6
7
6
7
7
8
8
9
9
8
8
9
9
9
7
9
7
6
5
5
6
5
5
5
4
5
5
6
5
7
7
8
8
8
7
7
7
6
5
5
4
4
4
4
6
7
5
5
5
4
4
4
3
4
3
2
2
3
1
3
2
1
3
1
1
1
1
1
0
0
0
-1
-2
-3
-3
-3
-3
-3
-3
-3
-3
-4
-4
-5
-5
-6
-5
-5
-5
-5
-5
-5
-6
-5
-5
-6
-5
-6
-6
-5
-5
-6
-6
-7
-6
-5
-4
-4
-4
-5
-5
-5
-4
-5
-4
-4
-4
-7
-5
-6
-6
-5
-7
-7
-8
-8
-9
-8
-8
-7
-6
-5
-5
-5
-6
-4
-5
-3
-3
-3
-4
-3
-3
-3
-3
-2
-3
-2
-1
0
-1
0
2
1
1
3
2
3
4
5
5
5
5
6
6
7
7
8
7
8
7
7
7
8
8
8
8
8
7
7
7
7
6
5
5
3
4
3
2
2
2
2
3
3
2
0
1
0
-1
-1
-2
-2
-2
-2
-3
-2
-2
-2
-2
-2
-3
-2
-3
-2
-4
-4
-4
-5
-6
-6
-6
-5
-6
-5
-6
-8
-7
-7
-8
-7
-9
-9
-10
-10
-10
-9
-10
-9
-9
-9
-9
-9
-9
-9
-11
-10
-9
-8
-8
-9
-8
-7
-6
-6
-5
-6
-6
-4
-5
-5
-4
-3
-3
-1
1
2
2
3
4
5
6
7
7
9
8
9
10
10
12
13
14
13
13
14
14
14
13
12
12
11
11
10
8
8
8
6
6
5
5
4
3
3
4
5
4
4
2
4
4
1
0
1
2
1
1
1
0
0
0
-1
-1
-1
-1
-3
-3
-2
-3
-5
-6
-6
-6
-7
-9
-9
-9
-9
-10
-11
-10
-11
-12
-14
-14
-14
-15
-16
-15
-14
-14
-13
-12
-11
-9
-9
-7
-7
-5
-2
-1
2
2
4
5
6
9
11
12
14
14
18
19
20
20
21
21
20
19
19
19
18
17
16
15
14
12
12
10
10
8
5
4
4
3
1
0
-2
-2
-2
-4
-5
-4
-3
-4
-6
-6
-7
-7
-7
-6
-5
-5
-5
-5
-5
-3
-2
-2
-2
-1
0
-1
-2
-2
-4
-3
-4
-6
-7
-7
-8
-10
-12
-13
-13
-15
-17
-17
-17
-17
-18
-19
-20
-20
-20
-21
-20
-19
-19
-19
-19
-17
-14
-13
-9
-7
-4
-2
1
4
7
9
11
13
16
19
21
24
26
28
29
31
32
32
32
32
33
33
32
30
30
29
28
26
24
22
20
19
18
15
13
12
10
7
6
6
4
2
0
1
1
0
-1
-3
-2
-3
-2
-3
-2
0
1
0
0
2
0
-1
-1
-1
-1
0
-2
-3
-2
-2
-4
-5
-6
-8
-8
-11
-13
-14
-16
-18
-20
-21
-22
-25
-28
-30
-32
-33
-34
-36
-37
-36
-37
-37
-38
-39
-38
-37
-37
-35
-32
-31
-30
-28
-26
-25
-22
-21
-18
-14
-9
-8
-5
-2
1
4
7
11
14
15
17
18
19
22
24
25
27
29
28
28
30
29
29
29
30
29
27
27
25
24
23
21
20
20
19
17
15
13
12
13
12
11
10
10
10
9
9
10
11
11
12
14
16
15
14
15
15
15
13
12
12
12
12
10
9
9
8
7
5
4
3
1
-3
-6
-7
-8
-10
-11
-13
-16
-18
-21
-22
-25
-24
-25
-27
-27
-28
-30
-32
-33
-32
-31
-31
-31
-29
-28
-27
-24
-21
-18
-14
-12
-9
-7
-4
-2
0
4
7
11
14
16
17
17
18
20
21
21
22
21
21
21
19
17
15
14
11
9
9
7
5
3
2
0
0
-1
-3
-4
-4
-5
-6
-6
-6
-4
-5
-4
-4
-5
-4
-5
-5
-3
-2
0
0
2
3
4
4
5
6
7
7
7
6
5
5
5
4
4
3
2
0
-3
-5
-8
-10
-13
-13
-16
-18
-22
-25
-26
-28
-28
-29
-30
-31
-32
-32
-32
-32
-30
-27
-25
-22
-19
-16
-14
-11
-9
-4
1
5
8
10
14
17
18
20
21
23
26
27
28
28
27
28
27
27
27
26
25
22
21
21
19
18
16
15
13
12
10
8
6
6
4
4
5
5
4
4
1
2
3
2
1
3
4
3
5
4
5
7
9
10
10
10
9
9
9
7
8
8
6
5
2
2
1
-2
-4
-5
-9
-11
-12
-14
-16
-16
-17
-21
-20
-21
-23
-21
-23
-24
-24
-23
-23
-21
-17
-18
-18
-13
-14
-11
-9
-8
-7
-1
0
0
4
5
5
10
11
10
13
13
10
10
10
8
8
9
7
8
6
3
2
1
-1
-1
-1
-2
-2
-3
-6
-6
-7
-8
-6
-4
-4
-5
-4
-7
-5
-3
-1
2
5
5
6
8
9
10
13
15
14
17
19
20
21
21
22
22
24
23
22
19
18
19
16
15
14
12
11
9
8
6
3
-3
-4
-5
-7
-6
-7
-10
-11
-10
-11
-12
-10
-9
-11
-9
-9
-10
-8
-7
-6
-2
-1
-1
1
1
1
2
3
3
4
6
6
6
7
5
6
7
5
2
0
-2
-3
-3
-2
-3
-4
-6
-7
-8
-9
-9
-12
-13
-14
-15
-16
-15
-14
-16
-15
-13
-15
-13
-11
-13
-11
-7
-8
-7
-5
-5
-5
2
3
3
7
7
5
9
11
9
14
13
11
12
13
9
9
10
8
8
8
4
4
4
3
2
1
-1
-2
-2
-4
-6
-6
-7
-7
-8
-9
-8
-7
-8
-7
-6
-7
-7
-7
-6
-4
-2
-1
-1
2
1
-1
2
1
0
4
4
2
4
6
6
7
9
7
7
8
5
6
6
5
4
3
2
0
-1
-2
-3
-4
-5
-4
-7
-8
-9
-11
-13
-14
-14
-14
-11
-11
-12
-10
-11
-11
-10
-9
-10
-7
-5
-6
-5
-2
-4
-2
0
1
4
8
8
8
10
10
10
13
14
14
16
16
14
14
14
13
14
15
18
18
14
12
11
7
8
8
4
7
9
4
2
5
0
1
3
-3
-3
2
-5
-6
-2
-4
-5
0
-4
-5
0
-2
-4
1
-1
-3
0
-5
-6
-2
-1
-1
1
0
0
1
-3
-4
-2
-4
-2
-2
-5
-3
-2
-7
-5
-2
-5
-3
-1
-7
-5
-4
-8
-8
-6
-7
-2
1
-1
-2
0
-5
-6
-4
-3
1
2
0
0
-1
-2
-1
-1
0
4
3
1
4
3
1
4
2
0
3
2
-1
1
1
-1
0
0
-2
-2
0
-3
-4
-3
-4
-7
-8
-8
-9
-7
-5
-6
-5
-1
-3
-7
-8
-11
-11
-8
-7
-6
-2
-2
-3
-2
0
1
4
5
4
3
2
-3
-6
-8
-7
-5
-3
1
3
2
0
-2
-5
-6
-6
-9
-7
-6
-8
-8
-9
-11
-10
-6
-6
-7
-5
-10
-14
-13
-14
-16
-11
-9
-11
-7
-4
0
2
5
2
2
4
2
1
6
8
9
12
10
9
9
7
6
8
7
8
9
8
8
5
5
7
7
8
11
12
12
16
12
5
6
4
-1
5
5
0
3
4
-1
7
12
13
20
23
17
16
15
10
16
20
20
20
14
5
8
6
0
-2
-6
-10
-11
-18
-26
-21
-16
-15
-6
-4
-7
1
4
0
0
-3
-15
-19
-30
-41
-38
-34
-28
-17
-15
-15
-10
-10
-14
-11
-14
-11
1
-1
-2
12
15
13
21
16
14
27
20
3
1
-10
-20
-13
-10
-14
-6
2
1
1
-3
-9
-7
-4
-6
-4
0
3
3
6
16
18
13
14
7
-11
-13
-10
-13
2
12
5
16
23
12
19
25
8
8
22
17
23
29
22
35
53
39
32
31
15
6
0
-18
-13
3
3
0
-2
-16
-20
-28
-50
-61
-64
-63
-51
-37
-14
27
67
105
145
158
154
136
83
27
-15
-65
-106
-119
-131
-129
-92
-57
-20
37
75
92
116
122
102
94
73
37
19
9
-12
-23
-27
-42
-40
-32
-45
-54
-54
-63
-72
-75
-89
-96
-82
-73
-68
-49
-29
-10
14
18
10
21
29
11
-6
-30
-68
-86
-96
-115
-110
-92
-85
-53
-13
-5
17
59
78
83
80
53
32
19
-24
-68
-93
-111
-120
-122
-139
-141
-105
-45
10
60
121
185
234
266
281
273
259
222
147
68
8
-53
-100
-129
-156
-154
-101
-44
13
86
144
189
228
232
212
206
190
146
100
51
7
-7
-18
-35
-43
-43
-55
-70
-87
-105
-114
-118
-131
-147
-157
-169
-170
-152
-124
-82
-36
-8
7
27
34
18
-18
-74
-114
-127
-167
-203
-179
-139
-112
-55
-7
38
103
111
93
118
87
-12
-51
-73
-144
-165
-180
-208
-142
-66
-20
105
225
247
316
366
299
273
288
218
166
142
61
21
22
-51
-91
-51
-61
-67
-22
-16
-7
67
106
115
164
200
198
207
189
158
153
129
63
13
-32
-106
-146
-163
-200
-215
-186
-168
-153
-122
-102
-91
-85
-100
-105
-73
-78
-111
-95
-77
-83
-86
-117
-156
-146
-127
-148
-137
-111
-102
-83
-79
-76
-29
13
-9
-22
-38
-72
-76
-91
-139
-175
-205
-223
-181
-117
-15
148
238
275
369
440
435
426
368
277
245
164
42
36
36
-15
-16
-22
-68
-30
36
19
26
42
37
80
121
103
147
219
192
169
175
140
107
103
59
16
-3
-53
-118
-165
-208
-217
-199
-201
-195
-146
-85
-36
16
49
66
58
23
-29
-90
-150
-191
-216
-248
-259
-235
-211
-214
-206
-125
-12
49
67
76
93
95
48
-51
-127
-174
-242
-305
-356
-412
-415
-384
-374
-353
-210
61
349
517
567
660
793
792
606
414
317
207
-1
-215
-303
-256
-153
-100
-94
-21
104
191
222
223
218
245
281
222
154
163
192
180
135
103
112
127
57
-57
-120
-137
-143
-200
-268
-263
-193
-142
-139
-146
-129
-75
-52
-76
-71
-49
-64
-92
-103
-128
-162
-221
-327
-436
-494
-490
-454
-430
-419
-333
-183
-49
37
83
108
132
116
33
-66
-163
-268
-379
-504
-568
-558
-568
-585
-531
-454
-396
-242
30
396
776
986
1046
1090
1087
968
746
479
238
52
-185
-408
-439
-352
-225
-82
32
158
362
522
563
565
525
462
438
381
290
287
345
351
329
318
310
330
274
121
-5
-90
-182
-287
-368
-379
-308
-211
-151
-107
-18
87
168
193
182
146
91
15
-82
-187
-279
-347
-416
-492
-534
-542
-526
-486
-424
-327
-214
-135
-109
-104
-133
-184
-253
-341
-465
-588
-647
-660
-659
-603
-509
-466
-403
-338
-356
-401
-383
-253
84
600
1025
1201
1191
1172
1253
1195
767
247
5
-187
-588
-954
-963
-622
-244
-82
34
363
737
904
940
889
741
608
475
265
77
77
175
238
268
324
485
605
506
278
140
39
-114
-293
-447
-487
-345
-139
-17
108
316
523
608
573
492
421
324
123
-110
-241
-301
-362
-422
-444
-399
-275
-179
-202
-249
-224
-182
-208
-301
-402
-493
-589
-720
-838
-953
-1086
-1173
-1214
-1191
-1093
-945
-776
-574
-365
-196
-67
-47
-161
-323
-414
-363
-36
587
1077
1122
961
988
1137
983
391
-186
-284
-387
-954
-1390
-1087
-394
83
248
376
829
1325
1352
1113
957
728
428
260
53
-153
-62
114
208
379
605
831
1031
940
540
269
123
-113
-329
-446
-511
-369
-108
38
202
492
692
790
882
827
675
526
304
112
69
-25
-202
-247
-189
-118
-5
26
-54
-66
-51
-146
-298
-435
-562
-630
-702
-855
-972
-1029
-1074
-1106
-1127
-1130
-1088
-1027
-981
-847
-596
-341
-213
-231
-249
-175
-172
-340
-518
-580
-415
215
1059
1381
1110
886
1047
1207
724
-237
-591
-283
-516
-1284
-1414
-670
123
396
224
379
1049
1278
811
491
424
222
73
-62
-241
-100
256
419
563
688
705
896
1044
633
97
-97
-227
-399
-530
-647
-507
-116
69
120
377
645
756
892
927
838
819
754
547
444
446
345
165
-3
-142
-119
-60
-195
-367
-356
-285
-280
-308
-402
-486
-464
-473
-595
-746
-879
-963
-1022
-1109
-1184
-1148
-1094
-1062
-991
-860
-697
-577
-544
-537
-484
-446
-436
-391
-275
-120
142
734
1500
1802
1406
932
976
1134
565
-545
-977
-584
-609
-1261
-1466
-699
293
655
381
483
1209
1480
1035
724
711
602
413
186
45
211
394
381
515
582
394
376
573
494
222
60
48
181
222
27
55
415
624
634
679
745
831
983
1009
976
953
831
692
673
619
511
417
262
107
100
80
-31
-110
-192
-276
-265
-251
-318
-347
-354
-427
-491
-544
-697
-885
-1069
-1249
-1359
-1398
-1497
-1556
-1455
-1304
-1230
-1162
-1070
-968
-854
-778
-742
-700
-717
-780
-786
-786
-756
-616
-404
9
783
1358
1248
848
793
1074
1047
262
-516
-379
-111
-592
-1111
-799
-34
394
137
-165
321
926
674
160
126
247
265
191
45
174
567
713
828
1084
1053
888
1028
1010
522
69
-170
-252
-323
-607
-799
-379
140
257
421
790
1114
1418
1599
1504
1406
1318
993
633
399
134
-98
-277
-490
-520
-262
-55
3
92
245
405
510
405
137
-109
-373
-718
-1072
-1346
-1501
-1526
-1534
-1554
-1481
-1336
-1183
-1035
-928
-893
-866
-793
-705
-627
-511
-379
-308
-343
-414
-445
-478
-552
-590
-474
-183
332
962
1288
1164
969
1113
1404
1160
323
-141
67
-11
-651
-1104
-872
-312
-154
-591
-709
-48
397
199
93
355
680
886
811
699
931
1116
905
763
682
391
202
171
-74
-441
-666
-722
-529
-282
-297
-161
390
857
1072
1297
1487
1579
1678
1601
1310
1002
665
276
32
-154
-401
-566
-613
-616
-512
-324
-197
-81
71
150
167
188
152
-5
-263
-525
-760
-1021
-1345
-1629
-1785
-1812
-1791
-1754
-1626
-1356
-1012
-679
-433
-283
-194
-130
-92
-151
-284
-382
-397
-451
-586
-732
-845
-895
-759
-485
-139
499
1306
1829
1900
1798
1858
2059
1830
916
182
73
-202
-931
-1425
-1248
-621
-167
-291
-326
361
954
883
707
729
796
864
713
466
614
900
884
908
1025
975
987
1023
708
274
36
-126
-163
-152
-247
-80
407
622
650
897
1158
1287
1395
1348
1193
1070
782
383
153
-46
-350
-531
-628
-677
-556
-349
-254
-141
61
180
206
91
-183
-462
-698
-995
-1318
-1546
-1656
-1658
-1575
-1478
-1352
-1170
-1008
-914
-816
-715
-684
-731
-760
-733
-675
-674
-781
-863
-832
-815
-878
-968
-1079
-1029
-680
-209
306
936
1416
1541
1408
1209
1069
936
426
-269
-583
-754
-1116
-1395
-1323
-982
-539
-370
-417
-86
442
546
462
533
621
674
703
609
676
955
1018
976
1101
1126
970
835
554
119
-125
-89
81
283
332
395
815
1271
1312
1242
1373
1463
1404
1268
1013
782
663
497
288
150
-6
-168
-173
-171
-231
-179
-105
-149
-192
-130
-35
-14
-133
-301
-331
-314
-485
-765
-981
-1142
-1258
-1429
-1675
-1806
-1714
-1572
-1482
-1339
-1147
-922
-673
-605
-646
-590
-526
-605
-714
-789
-863
-793
-558
-241
256
930
1478
1695
1537
1177
936
838
374
-442
-953
-991
-1011
-1165
-1206
-886
-257
100
-59
-118
257
452
212
-83
-149
1
186
185
291
762
1205
1332
1392
1416
1281
1074
695
92
-449
-785
-1051
-979
-530
-119
253
736
1176
1572
1859
1719
1434
1449
1315
885
533
210
56
250
317
5
-101
21
46
106
71
-157
-164
-18
-114
-239
-193
-281
-481
-549
-618
-648
-605
-651
-809
-874
-929
-1097
-1312
-1517
-1613
-1513
-1427
-1463
-1404
-1167
-854
-587
-436
-341
-191
-109
-219
-356
-311
-118
159
478
868
1274
1379
1039
645
572
539
82
-493
-686
-576
-583
-705
-631
-202
293
311
-21
-63
141
68
-191
-306
-230
36
327
505
879
1487
1896
2060
2145
2059
1855
1601
1099
439
-122
-540
-842
-760
-166
513
904
1062
1268
1626
1877
1583
1111
1179
1365
1018
608
391
321
541
624
124
-222
-106
-205
-334
-284
-491
-610
-332
-347
-561
-425
-310
-526
-616
-700
-849
-799
-832
-1230
-1537
-1560
-1629
-1826
-2001
-2029
-1823
-1563
-1484
-1361
-957
-415
-129
-209
-404
-412
-423
-600
-723
-556
-195
242
690
1053
1247
1127
759
561
493
4
-752
-1047
-932
-952
-1038
-934
-484
147
385
144
143
428
351
-45
-268
-254
-65
102
111
359
978
1462
1630
1770
1800
1671
1547
1352
1010
666
286
-77
-210
-219
-260
-143
178
522
843
1162
1372
1536
1732
1817
1712
1451
1149
877
669
416
91
-179
-327
-415
-491
-526
-444
-274
-70
35
26
-27
-118
-330
-670
-1041
-1376
-1657
-1887
-1981
-1899
-1759
-1616
-1402
-1180
-956
-702
-534
-511
-525
-584
-693
-765
-957
-1329
-1551
-1597
-1640
-1449
-845
-93
729
1569
2107
2255
2076
1638
1247
929
184
-778
-1244
-1321
-1492
-1596
-1425
-867
-74
300
181
396
895
895
492
148
11
144
264
136
325
988
1511
1740
1943
2010
1988
1836
1300
657
377
233
-3
-222
-369
-218
333
834
1071
1447
1935
2204
2222
2094
1798
1536
1261
784
286
2
-183
-366
-497
-583
-534
-332
-239
-308
-229
14
159
46
-242
-558
-806
-1174
-1715
-2214
-2521
-2719
-2818
-2767
-2524
-2107
-1704
-1430
-1155
-801
-547
-484
-528
-626
-723
-835
-1086
-1388
-1554
-1565
-1433
-964
-229
474
1180
1957
2459
2371
1843
1352
1136
759
-152
-1027
-1195
-1050
-1149
-1304
-1060
-375
213
230
50
344
755
720
439
316
410
644
772
804
1087
1564
1826
1864
1832
1681
1535
1336
876
353
111
97
143
148
195
478
1021
1457
1706
2035
2417
2560
2419
2191
1896
1540
1064
457
-113
-427
-641
-881
-1025
-1008
-891
-662
-441
-347
-208
-27
2
-126
-325
-665
-1144
-1672
-2212
-2724
-3119
-3398
-3549
-3499
-3222
-2817
-2345
-1834
-1253
-615
-92
196
285
250
45
-345
-907
-1462
-1887
-2088
-1957
-1434
-585
510
1613
2259
2390
2276
2197
2072
1526
493
-355
-689
-1044
-1542
-1691
-1338
-656
-79
-60
-74
438
828
600
361
333
353
478
533
545
1007
1645
1871
1965
2080
1974
1787
1501
856
276
94
-51
-272
-353
-227
245
967
1475
1840
2433
2957
3055
2888
2597
2167
1685
1074
364
-181
-504
-777
-937
-944
-918
-843
-679
-545
-413
-192
-29
-10
-123
-318
-550
-849
-1378
-2005
-2536
-2972
-3378
-3717
-3916
-3815
-3394
-2863
-2309
-1638
-916
-276
240
494
514
428
225
-253
-781
-1214
-1405
-1208
-724
-119
740
1591
1828
1595
1467
1519
1420
876
38
-398
-388
-519
-819
-701
-244
180
256
26
-17
238
138
-337
-562
-492
-376
-189
96
569
1376
2068
2364
2528
2572
2358
2072
1642
914
168
-324
-603
-657
-528
-322
177
966
1647
2128
2615
3040
3246
3299
3087
2618
2147
1675
1095
547
82
-369
-703
-904
-1108
-1258
-1224
-1104
-920
-682
-467
-301
-158
-178
-404
-767
-1238
-1820
-2447
-3017
-3465
-3737
-3883
-3902
-3706
-3242
-2593
-1900
-1273
-744
-302
105
340
300
27
-271
-475
-563
-492
-255
286
1068
1719
1912
1712
1408
1249
1079
452
-413
-793
-805
-921
-984
-713
-123
599
944
717
654
898
675
-4
-592
-961
-1042
-897
-861
-571
361
1293
1846
2278
2522
2451
2231
1568
564
-271
-771
-746
-325
-173
-245
182
1052
1780
2122
2287
2724
3265
3146
2677
2259
1951
1854
1705
1001
330
215
-79
-464
-580
-853
-1142
-1000
-1059
-1234
-908
-516
-546
-424
-301
-477
-688
-1068
-1849
-2598
-3050
-3539
-3991
-4212
-4167
-3883
-3330
-2735
-2100
-1390
-710
-136
299
501
480
295
49
-17
228
602
1060
1587
1817
1563
1203
1077
1012
575
-293
-1050
-1207
-1179
-1355
-1283
-564
485
1123
1177
1128
1365
1372
725
-185
-848
-1270
-1618
-1905
-1782
-987
87
936
1582
2220
2634
2737
2475
1855
1101
404
-383
-1157
-1583
-1606
-1308
-757
-64
791
1873
2768
3294
3629
3829
3829
3544
2909
2153
1620
1159
585
111
-228
-476
-561
-669
-842
-821
-624
-560
-563
-486
-442
-445
-549
-853
-1219
-1522
-1865
-2300
-2718
-3048
-3246
-3309
-3396
-3441
-3225
-2753
-2223
-1748
-1268
-711
-186
55
3
-124
-130
59
314
557
999
1631
2004
1819
1280
938
947
703
-174
-1046
-1297
-1271
-1328
-1328
-895
100
1073
1330
1302
1696
1995
1584
725
-137
-774
-1152
-1580
-1855
-1404
-515
248
972
1663
2098
2351
2269
1614
777
151
-402
-829
-1006
-974
-628
-4
557
1142
1985
2737
3188
3429
3372
3140
2942
2555
1946
1497
1156
757
487
270
46
33
69
-148
-348
-321
-273
-241
-192
-200
-173
-146
-341
-760
-1161
-1554
-2068
-2695
-3307
-3722
-3844
-3761
-3594
-3376
-3026
-2473
-1846
-1298
-850
-363
-2
128
23
-110
-10
382
843
1237
1651
1871
1701
1319
1075
874
534
-90
-678
-982
-1096
-1211
-1100
-555
184
780
1053
1234
1506
1619
1228
616
38
-471
-994
-1393
-1527
-1197
-545
132
795
1411
1829
1960
1796
1294
619
-44
-608
-1131
-1524
-1671
-1401
-801
-109
625
1458
2288
2887
3171
3216
3116
2922
2571
2055
1581
1230
905
555
275
107
-4
-100
-234
-367
-354
-232
-112
5
175
298
250
-11
-473
-1026
-1561
-2104
-2704
-3289
-3716
-3924
-3945
-3804
-3491
-2958
-2273
-1625
-1085
-602
-128
203
293
200
123
276
623
1058
1566
1961
2010
1663
1230
999
831
376
-355
-782
-906
-1002
-1073
-866
-311
423
923
1080
1339
1761
1822
1423
934
426
-42
-529
-1061
-1323
-1007
-533
-150
285
775
1193
1466
1323
760
168
-372
-882
-1201
-1267
-1227
-1003
-597
-70
674
1532
2192
2669
3017
3115
2900
2536
2088
1688
1392
1015
592
355
287
239
174
93
-54
-149
-225
-373
-419
-333
-206
-104
-109
-318
-622
-935
-1366
-1978
-2593
-3128
-3521
-3805
-4001
-3968
-3580
-3031
-2517
-2005
-1398
-761
-272
-78
-111
-139
-192
-161
56
572
1268
1854
1951
1665
1401
1259
1006
455
-270
-754
-852
-964
-1078
-784
-26
703
1117
1149
1234
1579
1660
1160
565
169
-166
-474
-735
-803
-436
160
539
897
1343
1647
1678
1436
910
382
11
-483
-1129
-1593
-1716
-1511
-1034
-494
178
1144
2116
2683
3014
3320
3474
3309
2764
1990
1339
949
517
60
-170
-182
-122
-42
13
62
157
186
73
17
53
45
-82
-366
-711
-1039
-1355
-1771
-2232
-2617
-2892
-3087
-3226
-3230
-2988
-2577
-2192
-1851
-1456
-1003
-586
-353
-401
-587
-721
-611
-156
515
1252
1897
2229
2125
1764
1453
1215
793
-7
-805
-1222
-1393
-1481
-1346
-850
-97
614
908
1024
1357
1582
1280
719
196
-220
-538
-843
-1015
-661
4
446
757
1127
1416
1511
1310
640
-175
-890
-1478
-1692
-1472
-1229
-988
-515
123
847
1583
2242
2877
3403
3496
3252
2817
2302
1829
1419
885
388
123
-51
-62
92
170
216
350
354
257
252
294
249
218
86
-152
-408
-720
-1176
-1645
-2109
-2641
-3187
-3611
-3765
-3668
-3468
-3216
-2754
-2145
-1466
-838
-354
-83
-9
-165
-422
-603
-572
-209
468
1114
1428
1465
1406
1472
1520
1244
590
47
-306
-726
-1115
-1133
-709
-103
329
486
755
1226
1477
1242
839
480
145
-213
-559
-676
-345
187
603
1011
1454
1752
1767
1473
948
467
-14
-723
-1486
-1937
-2020
-1840
-1486
-947
-67
1004
1847
2357
2704
3007
3220
3105
2538
1873
1438
1008
482
60
-219
-293
-242
-300
-409
-277
-44
59
138
255
397
481
360
-15
-435
-839
-1331
-1911
-2448
-2886
-3210
-3441
-3570
-3459
-3018
-2354
-1739
-1243
-768
-283
68
158
-47
-405
-775
-1061
-1101
-764
-72
743
1437
1726
1755
1761
1754
1533
1013
283
-265
-595
-967
-1236
-1008
-386
243
687
884
1129
1436
1433
941
475
115
-289
-673
-861
-707
-146
495
953
1435
1914
2064
1818
1255
441
-339
-989
-1515
-1855
-1902
-1761
-1356
-638
192
1032
1894
2623
3093
3271
3193
2863
2419
1925
1412
937
515
219
68
47
60
43
-25
-52
-28
8
44
163
282
402
452
367
96
-305
-804
-1421
-2091
-2776
-3403
-3847
-4048
-4036
-3752
-3223
-2524
-1810
-1080
-350
255
632
659
365
-146
-558
-702
-599
-268
189
511
614
641
710
828
829
539
65
-196
-400
-638
-739
-498
-75
365
594
657
913
1202
1058
602
213
-147
-464
-744
-876
-643
29
664
1155
1653
2074
2249
2170
1701
983
412
-96
-821
-1568
-1972
-1979
-1634
-1210
-708
210
1407
2222
2611
2887
3107
3184
2901
2190
1499
1126
751
278
-31
-174
-195
-122
-195
-339
-265
-111
-45
56
212
358
493
453
160
-218
-625
-1144
-1782
-2425
-2962
-3315
-3540
-3632
-3472
-3037
-2467
-1867
-1231
-554
84
540
662
436
-8
-476
-730
-731
-474
-39
444
769
880
905
990
1101
992
526
29
-264
-563
-897
-1019
-744
-230
254
448
621
1042
1343
1130
700
310
-79
-499
-890
-1032
-669
19
596
1172
1827
2300
2401
2133
1460
654
-92
-872
-1583
-1938
-2008
-1890
-1493
-881
-21
1051
2003
2657
3169
3446
3354
2992
2413
1749
1221
729
162
-233
-353
-400
-383
-317
-288
-186
-47
13
104
341
593
721
665
423
105
-230
-715
-1396
-2105
-2721
-3208
-3593
-3828
-3758
-3372
-2851
-2324
-1679
-897
-142
390
620
579
315
-73
-481
-736
-708
-292
303
725
784
732
787
934
921
579
63
-242
-427
-759
-1014
-856
-369
112
448
570
859
1273
1330
937
579
270
-93
-499
-832
-851
-342
321
775
1258
1788
2152
2220
1924
1307
785
331
-389
-1251
-1762
-1834
-1549
-1121
-633
187
1340
2271
2763
3104
3355
3387
3067
2367
1577
1072
687
213
-146
-263
-210
-89
-25
-48
23
209
320
338
396
492
488
295
-85
-489
-845
-1250
-1815
-2399
-2788
-3005
-3144
-3174
-3011
-2660
-2281
-1932
-1464
-819
-233
40
63
-100
-326
-561
-832
-997
-802
-303
261
761
1053
1086
1039
1110
1099
831
347
-101
-440
-795
-1150
-1229
-867
-292
74
163
422
935
1233
1034
666
366
119
-197
-590
-733
-307
306
760
1175
1580
1833
1835
1519
856
131
-562
-1162
-1441
-1398
-1223
-903
-388
281
1052
1855
2544
3039
3318
3323
3023
2436
1775
1206
741
314
-14
-225
-271
-145
-16
48
140
228
248
296
390
492
589
532
259
-76
-401
-810
-1360
-1970
-2526
-2998
-3361
-3537
-3475
-3165
-2706
-2217
-1745
-1180
-521
60
356
347
181
-25
-367
-919
-1376
-1362
-908
-284
306
704
992
1291
1541
1647
1576
1245
747
225
-381
-990
-1294
-1226
-1027
-808
-604
-307
225
693
747
645
631
495
167
-181
-364
-211
144
346
509
842
1149
1237
1163
957
647
234
-405
-1113
-1488
-1572
-1529
-1282
-744
56
1032
1918
2532
3019
3400
3450
3105
2486
1777
1120
502
-111
-560
-722
-719
-624
-467
-210
184
632
932
1097
1215
1189
904
395
-239
-856
-1424
-2015
-2570
-2907
-2954
-2855
-2721
-2533
-2193
-1726
-1283
-992
-797
-517
-204
-132
-311
-484
-609
-779
-1026
-1254
-1178
-655
17
566
1130
1608
1771
1710
1696
1704
1466
830
114
-334
-624
-935
-1138
-1013
-609
-206
-50
159
616
921
795
528
347
243
100
-115
-175
155
612
847
1032
1272
1394
1283
866
185
-467
-865
-1028
-1038
-1011
-988
-747
-174
466
1056
1719
2430
2938
3102
2938
2591
2242
1853
1306
688
194
-169
-392
-478
-458
-386
-210
31
274
505
714
857
875
776
556
228
-267
-923
-1627
-2255
-2749
-3126
-3416
-3494
-3297
-2900
-2460
-1951
-1379
-857
-425
-94
119
187
54
-316
-848
-1375
-1849
-2189
-2154
-1708
-991
-96
874
1685
2143
2297
2345
2302
1980
1252
480
-113
-657
-1189
-1509
-1451
-1060
-640
-466
-248
258
665
651
512
454
457
394
184
24
272
722
977
1120
1293
1330
1173
770
146
-378
-757
-1161
-1406
-1227
-843
-453
-1
585
1348
2142
2641
2881
3054
3063
2769
2267
1647
1093
734
360
-92
-343
-366
-301
-89
187
423
701
986
1068
1027
991
881
631
201
-430
-1090
-1579
-1980
-2377
-2700
-2921
-3005
-2924
-2705
-2328
-1835
-1359
-967
-600
-199
126
270
169
-119
-479
-847
-1264
-1737
-2009
-1827
-1224
-333
599
1260
1622
1827
1928
1910
1726
1216
611
145
-449
-1124
-1446
-1359
-1104
-832
-709
-597
-143
308
313
237
325
350
275
108
-78
66
482
648
642
750
744
554
283
-126
-485
-614
-777
-992
-939
-648
-272
196
647
1101
1673
2136
2315
2400
2428
2246
1854
1329
808
480
288
32
-197
-248
-133
78
274
396
496
595
611
547
504
463
295
-118
-707
-1256
-1635
-1952
-2326
-2669
-2865
-2859
-2664
-2398
-2054
-1562
-1045
-633
-344
-135
42
130
30
-252
-596
-1023
-1535
-1974
-2182
-2012
-1434
-606
365
1410
2216
2535
2580
2680
2775
2513
1734
885
302
-283
-1050
-1614
-1597
-1178
-764
-627
-415
247
936
1060
909
934
1034
939
590
249
305
621
676
584
661
794
816
731
460
166
31
-114
-335
-352
-89
320
742
998
1207
1649
2103
2207
2148
2102
1987
1734
1300
731
370
294
128
-146
-209
-78
55
133
106
58
154
234
77
-108
-185
-305
-603
-1063
-1528
-1880
-2180
-2563
-2902
-3008
-2907
-2714
-2475
-2146
-1630
-1085
-758
-588
-392
-214
-205
-406
-782
-1214
-1598
-1941
-2227
-2296
-2062
-1534
-772
189
1262
2212
2723
2800
2758
2746
2466
1673
711
6
-619
-1337
-1892
-1973
-1597
-1085
-778
-529
95
814
1087
1063
1083
1082
934
572
126
-31
125
177
190
437
735
926
1000
889
701
612
531
431
436
405
315
462
795
1112
1402
1651
1872
2089
2138
1954
1725
1474
1170
896
620
322
136
33
-93
-113
-47
-40
18
119
102
41
-20
-175
-382
-620
-990
-1454
-1871
-2219
-2456
-2557
-2579
-2487
-2251
-1934
-1605
-1252
-915
-647
-454
-328
-274
-328
-506
-764
-1017
-1214
-1376
-1536
-1643
-1667
-1529
-1091
-352
568
1599
2471
2754
2570
2390
2322
2034
1321
402
-282
-758
-1414
-2101
-2239
-1756
-1146
-832
-678
-188
589
1013
916
811
793
614
181
-285
-410
-106
183
274
472
876
1264
1522
1584
1452
1313
1176
880
497
184
-28
-33
117
292
650
1274
1814
2064
2155
2198
2155
1999
1589
1016
589
261
-181
-581
-771
-824
-744
-560
-413
-283
-110
-45
-96
-159
-302
-605
-1025
-1524
-1930
-2125
-2202
-2248
-2203
-2036
-1718
-1299
-972
-731
-480
-255
-154
-175
-318
-544
-751
-975
-1246
-1413
-1452
-1448
-1413
-1341
-1228
-887
-303
328
1087
1970
2597
2638
2281
1947
1817
1497
613
-400
-1000
-1407
-1921
-2304
-2184
-1517
-767
-486
-375
232
900
978
720
566
551
542
270
-120
-39
477
877
1162
1542
1889
2136
2153
1809
1422
1255
1055
692
306
27
12
289
536
736
1197
1748
2026
2056
1984
1842
1663
1283
670
158
-109
-373
-673
-811
-758
-598
-439
-388
-369
-265
-197
-287
-500
-713
-881
-1033
-1269
-1570
-1761
-1825
-1841
-1801
-1697
-1472
-1189
-992
-939
-889
-765
-694
-695
-722
-794
-883
-960
-1032
-1063
-1006
-997
-1111
-1247
-1368
-1405
-1149
-587
101
871
1678
2246
2315
1959
1533
1273
854
-40
-1020
-1585
-1902
-2208
-2411
-2190
-1425
-570
-208
15
690
1391
1532
1275
985
836
755
422
8
82
552
918
1235
1634
2031
2355
2460
2216
1925
1728
1398
1014
724
447
257
224
193
290
635
1039
1370
1621
1650
1574
1478
1190
818
545
206
-238
-560
-772
-850
-712
-602
-640
-600
-512
-515
-527
-547
-637
-656
-662
-782
-905
-954
-963
-954
-973
-1044
-1063
-1029
-1065
-1157
-1184
-1118
-978
-835
-699
-559
-450
-414
-448
-529
-645
-810
-1040
-1280
-1400
-1298
-942
-427
189
965
1757
2122
1858
1303
906
635
-31
-1032
-1710
-1898
-2103
-2400
-2357
-1690
-609
167
357
675
1396
1761
1473
1035
752
543
255
-227
-448
3
681
1163
1675
2232
2684
2969
2893
2485
2129
1745
1086
404
-82
-471
-689
-718
-636
-249
412
967
1328
1634
1796
1793
1622
1201
706
318
-141
-611
-873
-976
-972
-923
-983
-1048
-951
-832
-812
-757
-614
-409
-180
-91
-171
-254
-324
-538
-823
-1071
-1228
-1289
-1322
-1348
-1262
-1027
-815
-695
-615
-548
-523
-609
-794
-962
-1053
-1084
-1137
-1192
-1154
-975
-758
-513
-187
180
635
1116
1243
829
251
-81
-128
-324
-814
-1125
-974
-795
-896
-950
-585
114
611
510
365
735
1076
869
465
317
410
518
403
355
875
1678
2152
2385
2664
2937
3026
2720
2053
1478
1091
514
-220
-792
-1081
-1094
-961
-825
-433
284
942
1364
1651
1839
1906
1791
1311
689
236
-204
-743
-1188
-1480
-1600
-1546
-1481
-1404
-1081
-594
-202
64
262
462
650
633
313
-48
-336
-640
-933
-1200
-1374
-1351
-1253
-1237
-1228
-1097
-953
-907
-963
-1057
-1031
-928
-899
-941
-876
-710
-602
-685
-904
-1107
-1276
-1412
-1470
-1458
-1286
-813
-221
140
152
124
412
837
747
261
43
60
-189
-704
-1094
-995
-441
-232
-556
-459
261
716
709
684
891
1326
1599
1422
1417
1955
2386
2408
2376
2358
2364
2264
1761
1085
654
205
-484
-1004
-1155
-1063
-837
-685
-480
157
1013
1608
1889
2041
2135
2096
1662
845
124
-345
-835
-1392
-1842
-1971
-1705
-1311
-1005
-616
-31
502
818
959
1049
1146
1072
672
171
-178
-423
-752
-1176
-1528
-1603
-1503
-1481
-1547
-1537
-1391
-1190
-1059
-962
-728
-406
-179
-157
-234
-326
-413
-664
-1112
-1554
-1912
-2213
-2350
-2227
-1915
-1341
-470
511
1233
1485
1408
1504
1779
1548
784
217
-29
-375
-875
-1244
-1062
-329
163
34
166
911
1472
1505
1384
1398
1633
1740
1412
1226
1631
2068
2107
2070
2070
2080
1984
1487
725
184
-190
-679
-1136
-1363
-1298
-973
-575
-215
407
1265
1880
2075
2041
1903
1647
1139
314
-502
-1006
-1332
-1657
-1813
-1636
-1263
-840
-418
78
674
1155
1354
1352
1279
1187
1012
612
45
-446
-829
-1249
-1655
-1906
-1966
-1841
-1664
-1536
-1348
-1015
-702
-503
-317
-148
-65
-159
-482
-879
-1160
-1395
-1692
-1969
-2161
-2267
-2314
-2372
-2268
-1827
-1253
-615
236
1098
1556
1622
1560
1635
1737
1345
587
160
-21
-486
-1021
-1176
-823
-202
93
-37
246
1006
1348
1244
1256
1436
1636
1615
1260
1172
1635
1957
1841
1764
1767
1684
1428
829
93
-335
-659
-1100
-1272
-989
-505
7
475
902
1473
2002
2076
1807
1505
1125
572
-99
-786
-1200
-1195
-1073
-937
-568
-30
469
865
1088
1184
1276
1237
903
482
217
70
-91
-334
-609
-771
-858
-1035
-1261
-1338
-1300
-1281
-1335
-1390
-1329
-1145
-983
-923
-859
-755
-687
-702
-811
-1010
-1158
-1267
-1498
-1828
-2092
-2220
-2301
-2345
-2286
-1924
-1269
-591
139
1134
2034
2295
2089
1961
2074
1885
1107
225
-231
-510
-1034
-1581
-1559
-880
-272
-236
-123
674
1504
1681
1501
1513
1731
1828
1510
1179
1317
1579
1459
1225
1159
1153
998
526
-111
-510
-700
-1016
-1182
-909
-428
23
386
610
895
1293
1463
1372
1213
990
731
440
-36
-424
-435
-372
-484
-498
-336
-100
180
299
269
398
613
572
405
327
309
293
164
-159
-468
-643
-882
-1237
-1521
-1624
-1569
-1493
-1491
-1394
-1075
-760
-651
-644
-650
-636
-664
-840
-1084
-1237
-1306
-1447
-1657
-1847
-1898
-1835
-1773
-1674
-1420
-975
-459
23
581
1396
2171
2373
2048
1777
1834
1782
1163
368
-11
-151
-586
-1146
-1269
-732
1
237
229
763
1629
1946
1744
1600
1710
1864
1691
1248
1144
1430
1516
1276
1098
1015
903
621
29
-525
-785
-1012
-1362
-1449
-1083
-384
486
1213
1714
2155
2455
2346
1989
1502
900
307
-290
-915
-1233
-1100
-822
-500
-121
232
597
950
1018
921
878
738
391
71
-176
-278
-228
-286
-473
-548
-537
-612
-772
-1041
-1311
-1500
-1654
-1792
-1783
-1682
-1576
-1443
-1302
-1162
-978
-816
-782
-818
-892
-951
-1027
-1159
-1319
-1427
-1518
-1619
-1722
-1767
-1644
-1343
-980
-620
6
965
1880
2273
2163
2038
2172
2081
1358
529
119
-150
-697
-1306
-1450
-859
-78
143
143
765
1676
2061
1927
1760
1757
1713
1258
551
261
350
303
69
22
229
522
587
365
233
299
170
-240
-492
-388
-139
6
-13
123
695
1279
1337
1059
984
1096
1051
623
58
-171
-134
-288
-576
-586
-314
60
308
358
566
968
1056
773
557
433
237
-27
-496
-977
-1121
-1116
-1332
-1582
-1560
-1394
-1330
-1467
-1589
-1460
-1247
-1205
-1274
-1208
-955
-716
-666
-698
-624
-559
-652
-918
-1194
-1364
-1504
-1785
-2111
-2196
-2022
-1793
-1556
-1173
-567
80
717
1478
2263
2660
2475
2048
1798
1707
1227
487
50
-91
-372
-750
-903
-575
20
157
-165
-132
349
518
332
259
474
788
869
678
784
1251
1507
1406
1305
1255
1199
999
466
-100
-461
-842
-1293
-1455
-1323
-848
-26
694
1050
1353
1704
1909
1915
1656
1347
1222
988
466
80
-85
-159
-91
-28
-10
287
623
594
575
724
703
531
411
234
118
115
-78
-457
-761
-942
-1101
-1366
-1708
-1895
-1829
-1726
-1609
-1397
-1114
-829
-630
-541
-457
-294
-229
-309
-432
-512
-562
-647
-823
-1005
-1114
-1226
-1341
-1391
-1387
-1344
-1302
-1242
-1019
-521
86
772
1767
2832
3401
3278
2845
2491
2125
1223
-42
-967
-1446
-1972
-2519
-2600
-1941
-886
-235
-50
463
1322
1658
1362
1018
912
840
555
107
41
475
834
873
862
857
801
585
101
-448
-788
-1043
-1336
-1417
-1098
-443
354
1105
1688
2208
2656
2863
2615
1998
1200
463
-150
-760
-1245
-1317
-1060
-772
-345
203
706
1152
1382
1214
986
803
341
-288
-745
-1105
-1357
-1432
-1491
-1510
-1379
-1245
-1235
-1246
-1224
-1153
-1096
-1191
-1299
-1169
-884
-594
-330
-62
199
335
219
9
-123
-296
-620
-990
-1234
-1288
-1178
-1006
-821
-551
-256
-105
-125
-119
-2
154
302
533
999
1661
2137
2033
1665
1517
1454
901
10
-679
-1091
-1525
-2031
-2268
-1833
-842
-78
269
772
1534
1985
1963
1690
1367
1068
648
54
-277
-157
107
345
598
877
1190
1463
1467
1258
1026
711
287
-111
-221
44
427
558
555
751
1072
1227
1062
813
646
486
157
-232
-545
-612
-469
-446
-530
-357
-103
-110
-193
-237
-342
-455
-558
-802
-963
-897
-807
-853
-951
-1042
-1065
-1121
-1244
-1318
-1312
-1270
-1158
-956
-713
-329
122
476
695
825
845
767
525
88
-371
-677
-904
-1062
-1082
-1021
-880
-704
-542
-398
-220
-209
-394
-611
-779
-817
-665
-414
-230
34
489
1014
1265
1089
793
644
424
-181
-837
-1141
-1136
-1116
-1178
-1072
-515
206
594
706
933
1246
1323
1169
995
975
999
905
762
787
1010
1237
1313
1299
1327
1382
1292
994
672
445
270
65
-90
84
499
842
954
988
1018
964
673
192
-123
-290
-474
-633
-666
-583
-276
22
85
196
416
394
251
159
-13
-144
-159
-319
-527
-481
-380
-335
-295
-267
-256
-260
-416
-637
-732
-747
-749
-707
-650
-526
-269
-2
216
427
579
606
462
135
-231
-514
-807
-1201
-1591
-1850
-1899
-1772
-1568
-1331
-1045
-804
-735
-795
-877
-963
-1069
-1139
-1080
-862
-545
-172
298
812
1160
1254
1148
920
597
178
-284
-654
-851
-924
-929
-764
-357
173
690
1140
1521
1815
1972
1939
1765
1572
1359
1066
737
461
327
336
393
434
522
653
746
761
688
580
452
319
182
60
-48
-163
-231
-262
-210
-106
26
179
331
482
592
612
555
485
370
205
48
-110
-244
-243
-141
-30
114
290
425
514
535
448
306
111
-144
-427
-695
-897
-996
-1020
-983
-836
-616
-436
-281
-133
-36
-32
-134
-325
-501
-620
-758
-851
-855
-799
-759
-742
-741
-750
-720
-751
-848
-933
-981
-1033
-1072
-1060
-1022
-932
-807
-707
-590
-401
-181
26
256
451
588
663
639
538
423
307
174
81
6
-47
-36
28
144
351
567
685
741
787
811
810
759
630
493
399
316
255
316
475
630
760
880
984
1053
1061
1003
959
941
872
716
545
400
289
215
141
80
10
-68
-94
-61
1
92
210
319
432
594
774
948
1054
1027
929
805
582
244
-100
-417
-738
-1061
-1354
-1531
-1564
-1579
-1623
-1569
-1379
-1116
-839
-558
-254
67
319
452
514
485
316
83
-205
-533
-808
-999
-1132
-1179
-1123
-1011
-859
-677
-511
-377
-299
-303
-357
-413
-488
-592
-669
-720
-748
-754
-739
-674
-552
-459
-445
-415
-313
-183
-87
-14
116
319
491
532
539
607
622
514
320
175
171
239
228
168
229
412
584
692
786
929
1091
1183
1229
1310
1389
1416
1366
1255
1164
1112
1005
839
709
645
610
567
506
485
541
607
633
649
704
753
748
659
562
526
470
336
167
30
-81
-256
-481
-672
-813
-966
-1143
-1242
-1217
-1113
-1025
-943
-815
-669
-572
-548
-561
-580
-636
-750
-866
-927
-944
-944
-916
-835
-689
-522
-403
-368
-417
-493
-596
-720
-874
-1012
-1108
-1165
-1157
-1122
-1058
-958
-819
-706
-665
-712
-801
-857
-867
-842
-787
-677
-558
-449
-360
-267
-156
-61
-32
-58
-47
52
223
398
574
744
907
1043
1136
1169
1162
1096
966
828
724
679
691
747
838
992
1175
1319
1414
1468
1467
1425
1326
1179
1039
970
933
935
1018
1171
1375
1527
1579
1579
1528
1316
929
472
58
-272
-521
-723
-819
-734
-533
-276
23
314
541
668
653
525
343
85
-262
-616
-898
-1099
-1196
-1210
-1154
-1007
-807
-622
-481
-373
-279
-201
-191
-263
-364
-439
-524
-645
-771
-871
-962
-1042
-1143
-1266
-1314
-1317
-1339
-1391
-1358
-1256
-1152
-1088
-1045
-943
-747
-517
-350
-272
-297
-395
-570
-763
-955
-1096
-1176
-1180
-1086
-901
-645
-350
-63
181
409
628
814
877
880
870
806
679
524
402
338
339
337
336
424
576
697
779
861
957
1067
1118
1101
1117
1229
1353
1415
1415
1386
1353
1317
1274
1203
1120
1046
968
860
758
705
679
636
582
559
602
663
684
651
605
586
578
511
378
251
131
19
-71
-121
-145
-163
-207
-266
-288
-280
-288
-329
-378
-419
-469
-559
-681
-814
-933
-1033
-1091
-1101
-1062
-951
-832
-759
-713
-662
-608
-596
-657
-781
-897
-988
-1081
-1146
-1134
-1076
-1003
-901
-789
-657
-515
-407
-361
-325
-296
-304
-314
-305
-286
-286
-256
-206
-126
-52
2
62
168
273
348
430
475
529
583
556
485
459
408
336
310
255
185
161
138
115
157
196
169
159
165
185
267
395
534
679
777
828
889
917
880
790
666
549
424
255
99
38
51
108
234
371
510
662
763
796
815
785
676
536
371
206
99
42
2
-1
47
119
189
237
248
226
167
38
-136
-270
-370
-498
-661
-790
-825
-796
-753
-706
-655
-593
-526
-482
-459
-445
-464
-532
-621
-695
-716
-702
-699
-706
-660
-547
-405
-282
-239
-271
-358
-483
-664
-862
-1001
-1041
-1014
-921
-728
-438
-96
217
466
650
777
807
727
538
346
222
111
-2
-78
-56
61
199
285
345
393
387
313
224
163
159
180
186
204
280
395
511
573
558
518
457
344
227
163
98
57
68
108
208
366
483
503
499
492
429
331
204
50
-72
-123
-142
-159
-135
-80
-19
33
60
75
100
116
91
83
140
232
320
360
347
303
237
137
-3
-184
-363
-523
-664
-737
-692
-547
-368
-167
56
278
480
597
587
511
394
214
7
-178
-328
-408
-434
-431
-399
-325
-240
-178
-161
-177
-204
-234
-249
-239
-158
-29
85
145
164
176
173
119
0
-138
-245
-297
-315
-298
-232
-113
29
158
282
384
434
416
354
286
213
120
27
-30
-53
-65
-91
-128
-149
-188
-278
-382
-436
-423
-364
-263
-136
44
278
461
589
723
797
746
622
426
239
99
-88
-266
-325
-304
-283
-210
-103
15
169
270
290
310
334
299
235
208
218
252
274
243
195
201
226
186
102
42
-28
-125
-199
-255
-258
-196
-162
-165
-86
28
87
107
57
-67
-195
-324
-482
-593
-641
-686
-698
-632
-490
-313
-159
-106
-118
-141
-177
-224
-276
-309
-300
-259
-229
-194
-102
-9
14
-36
-119
-177
-200
-217
-227
-181
-72
62
197
357
527
666
728
706
621
497
334
124
-92
-270
-387
-430
-394
-314
-233
-168
-121
-82
-45
-20
-32
-53
-36
22
102
186
262
309
335
326
278
203
104
-14
-120
-197
-249
-262
-218
-138
-33
95
225
351
463
536
555
567
574
554
512
481
492
550
605
613
599
591
593
595
557
486
419
347
273
252
272
275
267
231
156
105
70
-36
-191
-315
-419
-521
-583
-627
-658
-651
-637
-617
-560
-481
-454
-452
-442
-417
-409
-449
-511
-560
-611
-678
-745
-828
-911
-967
-1000
-990
-915
-830
-746
-649
-523
-392
-257
-145
-71
-23
-8
-18
-52
-116
-232
-373
-483
-521
-522
-509
-484
-422
-324
-217
-111
-7
112
235
342
402
432
434
384
309
239
193
158
119
94
96
137
221
317
412
525
616
660
658
645
642
637
627
600
575
575
601
657
730
811
868
894
890
882
864
829
801
775
741
716
708
694
687
666
633
597
519
376
211
59
-75
-211
-348
-454
-492
-471
-439
-384
-294
-199
-142
-122
-143
-186
-246
-341
-442
-520
-558
-600
-651
-687
-694
-659
-670
-737
-807
-869
-921
-973
-1008
-1003
-939
-820
-704
-566
-381
-208
-108
-95
-130
-179
-224
-296
-399
-475
-499
-501
-487
-455
-377
-267
-177
-140
-129
-123
-140
-197
-302
-386
-396
-358
-305
-242
-153
-46
59
126
128
121
106
61
-21
-82
-91
-58
16
96
212
375
532
606
634
679
733
743
697
618
547
524
525
543
608
729
858
947
1010
1068
1109
1090
1013
926
861
812
750
674
600
552
515
468
397
322
232
99
-62
-191
-261
-298
-353
-420
-432
-398
-337
-272
-195
-123
-73
-73
-147
-252
-365
-498
-639
-788
-920
-1010
-1065
-1104
-1095
-1039
-974
-907
-810
-691
-561
-424
-295
-172
-69
-11
3
11
26
52
49
18
14
47
59
5
-85
-170
-226
-278
-344
-387
-354
-262
-152
-37
112
277
405
452
434
416
363
242
62
-128
-278
-384
-451
-476
-423
-312
-177
-42
105
266
400
468
468
462
444
388
313
242
191
154
115
66
44
62
81
113
173
258
385
530
670
802
894
928
908
827
690
531
361
178
-14
-192
-318
-358
-319
-243
-171
-105
-39
13
56
95
126
123
61
-9
-63
-107
-169
-246
-329
-399
-442
-482
-532
-572
-605
-636
-639
-596
-523
-429
-306
-167
-10
125
215
257
254
199
99
-9
-118
-207
-257
-264
-224
-168
-100
-17
77
160
241
313
358
381
386
385
371
343
275
179
87
-12
-110
-204
-260
-288
-296
-272
-196
-84
21
130
233
319
369
391
389
348
302
249
194
159
155
175
208
256
308
363
412
452
487
484
445
428
420
412
402
399
419
424
418
391
366
338
277
170
27
-87
-160
-233
-317
-374
-390
-392
-392
-381
-356
-326
-320
-333
-357
-396
-451
-540
-638
-716
-773
-819
-844
-843
-813
-751
-683
-620
-573
-523
-457
-413
-392
-391
-381
-367
-363
-356
-334
-292
-247
-222
-207
-177
-113
-38
35
118
210
300
357
394
397
377
335
279
219
152
106
89
113
144
166
202
248
291
325
342
349
356
361
353
325
300
279
254
235
240
271
291
303
346
415
485
516
518
522
539
556
549
527
496
470
439
401
371
364
370
367
365
370
379
394
383
327
252
188
101
-4
-105
-162
-174
-188
-207
-214
-203
-199
-221
-259
-297
-302
-289
-290
-276
-241
-198
-183
-195
-223
-252
-306
-398
-499
-592
-669
-732
-771
-783
-742
-666
-587
-504
-417
-322
-240
-186
-164
-149
-148
-168
-216
-268
-305
-338
-370
-418
-463
-481
-481
-465
-440
-386
-314
-233
-177
-111
-14
83
165
191
175
144
117
70
10
-32
-57
-82
-89
-62
1
82
164
234
302
391
481
553
597
619
654
667
635
577
523
481
432
378
324
319
373
437
510
601
704
784
818
810
770
712
591
415
237
86
-18
-100
-131
-102
-23
78
157
227
301
359
362
313
231
140
51
-40
-132
-205
-248
-275
-303
-320
-314
-289
-259
-240
-242
-229
-196
-160
-113
-63
-15
37
58
34
-2
-43
-116
-211
-293
-333
-337
-339
-341
-339
-341
-356
-376
-372
-354
-345
-350
-346
-292
-201
-131
-126
-149
-149
-165
-217
-288
-343
-378
-417
-427
-411
-337
-235
-161
-114
-59
17
78
88
55
22
-2
-22
-49
-38
27
112
182
230
285
328
331
282
210
175
149
114
61
38
67
117
162
183
216
250
247
218
179
168
173
174
157
151
188
206
179
134
90
46
-10
-76
-138
-171
-181
-166
-128
-67
14
71
93
96
118
141
136
97
55
33
17
10
9
35
95
162
216
259
297
305
268
210
141
79
2
-77
-123
-142
-151
-152
-122
-75
-38
-15
-19
-48
-92
-146
-202
-261
-312
-346
-362
-344
-296
-223
-152
-102
-70
-70
-94
-135
-179
-231
-285
-321
-329
-302
-239
-163
-77
19
124
220
285
326
326
306
276
236
208
171
120
67
22
-7
-22
-20
-10
5
42
86
128
161
168
167
156
126
68
-16
-106
-197
-283
-363
-429
-458
-452
-420
-382
-327
-278
-240
-214
-220
-253
-294
-324
-355
-365
-343
-286
-214
-136
-64
8
75
122
137
131
99
47
-4
-31
-24
7
55
120
206
297
380
438
470
463
402
294
163
42
-48
-107
-130
-104
-43
55
169
271
358
413
429
391
319
246
168
81
-7
-78
-112
-127
-128
-113
-78
-32
7
28
36
63
92
109
129
166
215
243
253
258
255
245
219
168
126
89
69
58
52
54
88
132
157
174
196
216
230
225
200
159
110
57
-6
-62
-115
-168
-222
-282
-327
-348
-363
-367
-365
-349
-321
-286
-239
-184
-131
-98
-99
-126
-151
-191
-261
-326
-374
-399
-397
-370
-319
-249
-166
-90
-28
13
17
1
-24
-47
-69
-75
-65
-26
48
118
166
183
178
142
65
-46
-164
-265
-325
-364
-372
-334
-248
-117
33
172
267
321
317
270
186
71
-64
-203
-315
-390
-427
-411
-356
-261
-154
-48
70
171
248
297
320
335
340
326
277
220
182
146
110
69
44
26
13
5
12
49
100
144
187
234
293
357
406
432
445
452
423
352
263
174
88
5
-79
-153
-191
-201
-193
-170
-126
-50
26
85
127
185
235
246
229
189
143
88
13
-78
-159
-203
-215
-205
-171
-108
-21
84
178
256
320
370
368
320
262
202
141
59
-23
-77
-77
-51
-22
13
60
119
145
124
82
37
-27
-100
-168
-226
-257
-272
-285
-283
-267
-247
-233
-232
-228
-217
-215
-237
-265
-275
-264
-252
-241
-208
-150
-91
-50
-24
-16
-26
-61
-117
-172
-227
-282
-322
-333
-295
-232
-169
-105
-33
28
76
130
166
191
187
149
103
65
43
12
-28
-68
-89
-84
-83
-80
-66
-46
-15
-6
7
28
47
58
63
77
85
77
51
22
4
-11
-35
-87
-124
-137
-124
-96
-62
-10
51
131
212
288
360
408
420
407
378
356
331
292
247
218
204
203
207
212
237
259
278
306
331
350
341
331
321
291
243
173
110
54
26
23
33
54
84
118
149
179
187
162
111
39
-33
-100
-154
-191
-217
-208
-172
-125
-72
-30
9
31
38
31
12
-17
-48
-72
-78
-67
-47
-20
0
13
21
20
6
-26
-66
-114
-164
-212
-244
-249
-243
-223
-197
-164
-127
-108
-101
-104
-112
-140
-192
-242
-298
-338
-363
-380
-383
-381
-369
-354
-347
-336
-329
-329
-345
-366
-375
-375
-363
-348
-310
-257
-204
-152
-111
-49
15
55
67
78
104
123
124
116
113
118
128
131
147
150
139
119
88
71
67
67
53
48
57
82
111
133
145
158
162
151
132
124
119
98
79
57
30
7
-7
-18
-25
-28
-20
11
52
93
138
184
223
260
292
314
328
330
326
308
287
254
224
215
218
224
228
247
276
299
311
314
313
295
259
223
187
166
138
114
112
122
123
106
76
46
0
-60
-131
-210
-271
-328
-375
-408
-416
-391
-340
-282
-225
-171
-128
-110
-111
-134
-174
-226
-283
-336
-380
-391
-364
-322
-256
-191
-121
-60
-25
1
16
21
14
0
-31
-58
-65
-73
-75
-73
-71
-65
-55
-46
-38
-36
-51
-88
-131
-168
-196
-212
-223
-239
-240
-226
-205
-177
-154
-130
-118
-116
-120
-130
-148
-162
-172
-178
-166
-134
-81
-27
18
76
149
220
270
299
318
320
297
261
232
207
182
148
116
110
132
170
210
253
294
342
378
407
419
417
388
341
290
246
211
176
143
119
110
103
98
94
98
100
106
94
71
63
68
82
100
102
91
70
41
15
-13
-34
-58
-72
-91
-93
-63
-13
47
107
160
191
207
200
170
127
81
20
-39
-100
-150
-177
-187
-187
-185
-168
-147
-132
-119
-105
-86
-63
-46
-30
-18
-8
-3
-8
-16
-34
-60
-97
-142
-189
-241
-279
-293
-292
-277
-248
-202
-135
-50
35
99
148
170
159
131
94
55
11
-32
-75
-108
-122
-125
-116
-108
-87
-56
-24
-3
14
45
74
86
81
64
50
30
-4
-36
-54
-55
-56
-62
-63
-53
-27
-3
14
33
48
51
40
20
-3
-34
-65
-102
-120
-115
-96
-81
-71
-53
-39
-33
-39
-46
-41
-31
-26
-19
-4
18
46
65
84
103
110
107
90
68
47
31
23
14
0
-15
-24
-27
-26
-10
7
24
45
66
99
129
157
178
186
173
131
80
24
-28
-75
-124
-158
-169
-161
-126
-65
2
65
115
156
189
215
230
223
201
168
126
78
43
12
-17
-48
-87
-114
-118
-108
-90
-59
-14
53
123
179
220
253
270
260
217
155
84
6
-76
-145
-183
-194
-182
-155
-115
-66
-28
-10
-9
-20
-37
-67
-116
-154
-191
-212
-217
-218
-214
-214
-212
-220
-225
-234
-247
-258
-270
-284
-283
-270
-245
-212
-182
-150
-126
-109
-102
-102
-112
-135
-154
-173
-183
-187
-178
-153
-123
-76
-38
-1
41
72
95
97
94
85
57
24
-16
-54
-74
-78
-71
-51
-22
5
36
60
81
110
137
164
189
211
237
267
296
318
336
350
343
332
317
305
283
255
236
226
235
248
267
282
312
351
383
406
421
429
422
394
354
311
268
221
169
122
81
54
25
-1
-7
-11
-8
-13
-25
-30
-28
-36
-67
-100
-132
-161
-184
-208
-214
-208
-207
-221
-242
-255
-255
-256
-273
-286
-285
-281
-277
-276
-263
-238
-217
-207
-214
-216
-212
-208
-203
-193
-177
-166
-151
-131
-107
-71
-44
-39
-45
-64
-80
-107
-132
-149
-162
-177
-200
-213
-216
-206
-188
-166
-135
-93
-47
-6
26
54
77
82
69
49
27
-1
-27
-36
-34
-28
-17
7
51
104
156
202
240
271
292
298
296
294
284
262
230
200
170
156
155
171
197
222
245
263
282
287
281
258
212
161
109
64
25
-18
-49
-65
-74
-77
-70
-63
-54
-42
-31
-26
-22
-15
-20
-31
-41
-46
-54
-65
-82
-96
-107
-115
-127
-139
-140
-139
-132
-121
-98
-73
-51
-26
-9
9
23
25
9
-23
-56
-84
-119
-163
-195
-205
-206
-196
-176
-147
-114
-82
-54
-35
-23
-23
-31
-45
-62
-79
-95
-104
-105
-102
-90
-73
-53
-31
-16
-1
25
55
76
87
96
108
125
135
140
146
144
132
109
84
68
54
38
25
34
68
107
149
193
231
261
256
220
162
97
20
-65
-142
-202
-227
-234
-223
-193
-139
-80
-36
-14
2
17
22
1
-22
-34
-29
-28
-34
-30
-16
-1
2
-14
-37
-51
-64
-75
-77
-59
-22
22
56
100
153
189
200
183
159
129
86
38
-8
-32
-39
-41
-39
-26
7
38
58
59
56
53
42
20
0
4
20
32
33
40
56
59
40
8
-29
-61
-87
-115
-124
-102
-64
-31
0
32
61
79
72
52
34
22
0
-23
-35
-29
-9
17
49
88
125
147
153
148
132
103
57
6
-30
-53
-67
-73
-70
-58
-39
-30
-26
-32
-44
-69
-103
-138
-165
-172
-177
-169
-148
-115
-75
-33
-3
17
27
23
7
-22
-55
-80
-94
-98
-100
-98
-92
-83
-74
-65
-57
-47
-41
-44
-37
-25
-11
10
29
46
57
67
71
80
84
79
67
50
35
17
-5
-30
-47
-65
-80
-91
-91
-78
-57
-21
15
62
107
144
170
186
195
188
165
131
94
51
11
-19
-35
-39
-40
-32
-17
21
62
92
117
140
160
160
150
143
145
153
152
143
133
121
106
77
43
15
-9
-36
-66
-85
-83
-67
-49
-31
-11
13
22
14
-6
-29
-67
-114
-161
-194
-206
-201
-184
-151
-105
-55
-14
7
19
28
24
2
-34
-69
-93
-112
-131
-133
-113
-84
-60
-44
-23
2
18
16
1
-15
-24
-27
-29
-22
-6
19
47
67
84
96
95
74
45
13
-15
-46
-75
-89
-88
-71
-46
-10
25
53
67
60
48
30
3
-31
-72
-102
-113
-110
-96
-73
-39
-4
23
40
49
52
46
24
-1
-20
-30
-36
-33
-24
-5
13
26
39
48
53
58
56
55
58
62
66
76
92
107
121
128
137
134
119
92
61
32
7
-16
-34
-40
-40
-34
-25
-10
5
15
17
18
22
29
37
38
28
18
5
-15
-35
-51
-65
-76
-88
-95
-90
-75
-61
-44
-31
-15
1
5
2
-6
-13
-19
-30
-33
-24
-6
15
33
53
69
78
72
53
35
20
1
-13
-20
-16
-3
11
27
45
61
66
57
39
14
-15
-49
-86
-115
-137
-148
-145
-131
-101
-65
-30
0
22
35
40
35
20
-3
-26
-48
-61
-65
-61
-47
-31
-13
6
22
31
40
45
44
36
29
29
32
37
45
55
69
81
88
89
87
79
61
34
3
-23
-44
-63
-76
-79
-76
-67
-56
-43
-24
-8
1
4
2
-1
-10
-29
-51
-70
-86
-101
-114
-120
-114
-94
-73
-51
-24
1
26
46
57
67
71
61
41
16
-3
-10
-14
-9
2
27
57
89
117
138
147
140
116
88
61
41
28
16
14
21
30
37
40
41
34
12
-23
-63
-94
-123
-143
-151
-144
-121
-90
-55
-17
20
45
52
43
24
-1
-27
-52
-71
-78
-74
-63
-46
-24
0
20
35
45
46
41
31
22
18
18
22
31
45
61
77
90
103
106
95
73
45
19
-5
-24
-43
-56
-65
-72
-75
-70
-69
-68
-72
-76
-75
-68
-59
-49
-36
-23
-15
-12
-13
-16
-22
-37
-52
-66
-71
-71
-68
-64
-52
-40
-29
-19
-7
8
18
23
28
32
38
43
49
55
64
70
71
73
75
78
76
73
72
78
85
88
93
97
98
89
69
43
12
-22
-59
-90
-110
-118
-119
-113
-97
-71
-39
-5
27
59
84
96
96
87
69
42
8
-28
-56
-74
-86
-91
-85
-67
-41
-12
20
52
80
100
111
111
104
90
69
42
17
-5
-23
-34
-39
-39
-36
-36
-34
-31
-26
-20
-7
8
24
41
57
66
69
59
37
8
-26
-60
-94
-119
-136
-142
-136
-120
-93
-59
-27
-3
13
21
19
8
-9
-30
-49
-62
-70
-66
-50
-28
-4
15
30
43
47
42
34
28
26
28
36
48
67
88
104
113
115
110
94
60
18
-23
-61
-92
-115
-121
-107
-81
-43
0
45
86
116
128
124
110
87
54
20
-11
-34
-48
-58
-61
-55
-47
-36
-29
-21
-11
-3
-1
-4
-8
-11
-10
-3
4
13
22
26
27
27
22
16
5
-6
-13
-17
-12
-1
13
28
41
53
60
59
52
40
22
2
-15
-32
-40
-43
-44
-42
-35
-26
-17
-12
-14
-19
-25
-33
-41
-41
-32
-19
-4
9
25
36
40
33
18
0
-18
-38
-53
-61
-61
-53
-43
-28
-5
19
37
49
58
65
68
65
56
49
41
30
19
13
13
14
15
11
11
12
12
10
9
13
20
26
29
35
41
42
39
32
24
15
5
-11
-26
-33
-38
-42
-42
-38
-35
-32
-33
-35
-30
-29
-29
-31
-27
-20
-8
5
18
31
41
42
38
27
10
-8
-26
-42
-49
-46
-38
-24
-6
11
26
39
48
54
54
48
42
35
29
25
23
22
19
13
9
7
7
9
11
13
16
19
22
22
20
17
9
-2
-11
-18
-26
-32
-34
-32
-24
-13
-1
10
16
21
23
24
23
22
23
21
18
16
15
14
10
5
1
-5
-8
-12
-14
-14
-12
-9
-6
-3
0
6
8
12
19
26
35
41
42
40
34
21
6
-8
-21
-34
-45
-51
-52
-45
-36
-25
-16
-7
-2
4
5
3
3
2
-1
-1
1
4
7
9
7
4
-1
-10
-20
-31
-42
-49
-50
-49
-43
-32
-21
-13
-4
1
5
8
9
9
12
15
18
21
23
26
25
18
11
2
-7
-17
-28
-36
-39
-35
-29
-20
-10
-1
7
12
16
15
9
-1
-14
-27
-34
-39
-37
-31
-20
-6
10
26
41
51
55
54
49
38
24
7
-12
-32
-52
-68
-80
-85
-87
-83
-73
-58
-37
-11
14
37
58
72
83
84
80
71
58
38
17
-5
-23
-37
-48
-53
-52
-46
-37
-26
-14
0
13
22
29
35
39
40
36
28
21
13
-1
-14
-30
-44
-57
-69
-80
-85
-85
-81
-74
-59
-41
-16
5
25
46
64
74
72
61
43
21
-4
-26
-44
-52
-53
-51
-40
-26
-8
8
17
20
19
14
2
-10
-19
-25
-26
-26
-22
-15
-6
1
9
16
21
26
30
33
38
41
41
35
27
13
-6
-26
-50
-74
-93
-103
-105
-96
-80
-58
-32
-7
13
28
40
48
51
47
40
34
29
22
15
11
8
3
-2
-7
-7
-5
-1
2
8
18
25
31
31
31
29
25
17
10
6
3
1
0
2
7
10
8
5
-1
-7
-15
-23
-27
-26
-19
-11
-2
10
20
24
22
17
8
-3
-18
-32
-43
-45
-42
-32
-18
2
20
38
50
60
64
62
51
33
11
-11
-30
-44
-54
-56
-49
-34
-14
8
31
53
67
75
75
67
52
31
4
-23
-44
-61
-72
-78
-78
-71
-60
-45
-29
-12
4
15
20
19
17
12
4
-7
-16
-22
-25
-30
-33
-32
-29
-23
-18
-10
-4
4
8
12
17
22
25
23
21
15
11
5
-2
-9
-14
-16
-16
-14
-9
-1
8
17
28
39
48
54
57
57
55
51
41
31
17
2
-16
-35
-51
-64
-72
-75
-72
-64
-50
-32
-13
5
20
32
39
38
32
23
14
6
0
-3
-2
-1
3
6
6
6
3
-2
-7
-12
-12
-10
-4
3
13
22
30
32
31
25
15
3
-9
-17
-19
-16
-9
2
15
29
40
49
50
48
38
25
8
-8
-23
-35
-42
-46
-44
-40
-33
-25
-18
-11
-4
-1
-3
-7
-12
-15
-19
-22
-23
-21
-19
-16
-13
-9
-6
-2
-2
-3
-5
-6
-7
-9
-8
-5
0
4
10
15
21
26
27
28
28
26
23
17
12
7
3
-2
-7
-11
-17
-21
-27
-29
-32
-30
-27
-22
-14
-4
7
18
27
36
39
38
33
23
10
-6
-21
-33
-43
-48
-48
-41
-32
-19
-7
5
12
15
13
7
1
-6
-13
-18
-16
-7
3
17
33
48
58
61
58
53
41
26
11
-2
-9
-10
-8
0
9
17
22
23
19
12
2
-8
-17
-21
-21
-17
-7
5
17
28
35
38
35
29
19
7
-3
-10
-13
-12
-7
-1
6
15
19
21
22
17
13
7
1
-6
-9
-12
-10
-8
-5
1
8
14
16
18
19
17
13
6
-1
-6
-10
-13
-14
-11
-8
-3
0
2
6
5
2
-5
-12
-18
-22
-28
-33
-33
-31
-27
-23
-21
-16
-9
-5
-4
-4
-4
-5
-8
-13
-17
-20
-23
-25
-25
-22
-15
-7
3
15
26
34
39
38
34
26
14
1
-14
-24
-29
-32
-30
-23
-14
-5
1
5
6
7
5
0
-2
-6
-6
-4
0
5
10
13
13
12
8
5
1
-3
-5
-5
-3
1
5
8
12
15
16
14
10
7
4
0
-3
-4
-3
-2
0
1
3
4
4
4
2
-1
-2
-3
-3
-1
4
11
20
28
35
42
46
44
40
31
21
8
-3
-13
-18
-19
-17
-12
-5
5
8
10
7
0
-6
-15
-22
-27
-28
-25
-17
-7
3
13
20
21
19
14
8
1
-6
-11
-12
-10
-5
-2
2
4
2
-1
-7
-15
-21
-26
-30
-34
-32
-28
-23
-20
-16
-13
-10
-6
-2
3
9
18
28
37
46
51
50
45
34
17
0
-18
-34
-48
-56
-57
-52
-43
-29
-13
1
13
19
21
18
13
5
-2
-8
-13
-14
-12
-8
-1
4
11
15
17
17
14
11
7
4
3
5
4
6
9
13
15
14
12
8
3
-3
-9
-12
-14
-14
-11
-10
-8
-6
-3
-1
-1
-1
0
2
3
9
16
24
32
37
41
40
36
26
14
3
-7
-16
-20
-21
-18
-10
-1
9
16
20
19
14
7
-2
-10
-17
-23
-24
-23
-18
-10
-1
8
15
20
23
22
20
17
14
7
0
-8
-18
-27
-37
-46
-51
-55
-55
-51
-44
-34
-20
-6
8
21
31
35
36
34
27
20
15
7
-1
-4
-8
-9
-8
-6
-2
2
8
12
14
18
21
21
21
18
12
3
-8
-20
-30
-40
-46
-49
-50
-48
-44
-37
-30
-21
-14
-8
-3
1
5
8
12
17
20
22
23
21
17
13
7
0
-5
-11
-14
-13
-12
-6
-1
4
6
6
5
2
-3
-7
-10
-10
-7
-4
4
12
20
27
31
32
28
22
12
3
-7
-17
-25
-28
-30
-29
-27
-23
-18
-12
-8
-6
-5
-5
-6
-8
-9
-9
-6
-2
4
13
22
33
42
48
51
51
49
44
36
27
19
12
6
2
-1
-3
-5
-8
-10
-13
-17
-20
-22
-23
-23
-21
-16
-11
-5
-2
-1
-2
-7
-13
-21
-30
-37
-41
-42
-40
-35
-25
-16
-6
2
8
12
15
16
15
14
13
11
11
11
12
12
13
12
9
4
0
-4
-8
-10
-11
-9
-5
0
8
15
21
25
27
25
19
11
1
-10
-20
-28
-34
-38
-39
-38
-36
-33
-32
-30
-29
-29
-30
-28
-27
-21
-17
-10
-3
6
14
19
22
23
22
20
17
12
10
10
14
18
24
30
36
38
38
35
28
18
7
-1
-8
-11
-11
-7
-2
6
12
18
20
18
14
9
3
-2
-4
-2
4
13
23
34
42
47
44
37
23
7
-10
-25
-35
-40
-36
-28
-15
-1
15
28
37
39
35
27
14
2
-8
-17
-20
-18
-13
-5
5
13
19
20
19
14
5
-6
-15
-22
-25
-26
-24
-21
-16
-13
-11
-11
-12
-15
-18
-22
-26
-26
-26
-24
-20
-16
-14
-11
-10
-11
-9
-7
-5
-3
0
4
9
13
16
19
20
18
15
12
8
2
-1
-4
-6
-7
-7
-7
-6
-7
-7
-9
-12
-13
-16
-16
-16
-13
-9
-5
1
8
14
19
20
22
20
18
14
10
7
6
6
7
9
12
15
15
14
10
5
-2
-10
-19
-25
-29
-30
-26
-20
-10
-1
11
20
29
35
40
42
40
38
33
27
21
14
8
1
-7
-14
-21
-28
-34
-38
-39
-38
-34
-27
-17
-5
6
18
27
32
32
31
26
21
13
3
-3
-8
-12
-14
-15
-16
-16
-16
-15
-11
-9
-6
0
4
9
12
15
17
17
16
12
7
-2
-9
-16
-23
-27
-32
-34
-33
-30
-23
-16
-7
2
8
14
17
17
18
17
14
12
9
7
6
6
6
7
8
9
9
9
8
6
3
0
-3
-6
-8
-12
-14
-16
-16
-15
-15
-15
-14
-11
-8
-5
1
8
15
21
27
31
31
31
27
21
11
2
-8
-16
-23
-26
-29
-28
-26
-23
-19
-15
-11
-7
-3
-1
3
7
11
18
25
31
37
41
43
42
38
30
21
11
-1
-11
-19
-25
-23
-22
-16
-8
1
10
15
18
17
13
6
-3
-12
-22
-28
-31
-29
-23
-15
-5
6
15
21
23
23
20
13
7
2
-2
-5
-4
-2
1
5
8
10
12
11
5
-1
-9
-16
-22
-25
-25
-22
-14
-5
6
17
25
32
35
34
29
24
16
6
-2
-10
-16
-20
-19
-17
-11
-4
3
10
16
18
17
14
11
7
2
-4
-10
-14
-17
-17
-16
-14
-11
-9
-7
-7
-9
-11
-11
-10
-10
-7
-2
3
8
13
16
16
14
9
4
-3
-11
-18
-22
-26
-26
-26
-22
-17
-12
-9
-9
-8
-9
-13
-16
-18
-18
-18
-15
-11
-6
0
4
10
15
18
18
16
12
9
4
2
-1
-1
0
1
3
2
0
-3
-7
-10
-14
-17
-18
-18
-15
-12
-4
3
12
22
29
35
38
40
39
34
31
26
19
17
12
6
1
-6
-10
-16
-19
-19
-17
-15
-9
-3
2
7
12
18
21
22
22
21
19
16
12
10
9
7
4
2
-4
-8
-11
-16
-19
-20
-20
-15
-8
0
9
17
24
27
27
22
14
3
-9
-23
-36
-44
-48
-45
-39
-29
-17
-5
5
11
14
12
8
1
-8
-17
-23
-27
-27
-25
-18
-11
-3
4
10
14
13
9
5
0
-6
-10
-12
-13
-14
-13
-10
-9
-9
-9
-9
-11
-13
-13
-12
-9
-4
4
11
20
29
35
37
37
33
25
15
2
-9
-20
-29
-35
-37
-36
-33
-25
-16
-5
6
14
21
26
30
30
29
26
22
16
8
2
-3
-7
-9
-10
-9
-7
-2
3
10
17
23
25
26
23
20
11
1
-8
-17
-25
-31
-33
-31
-27
-19
-10
-1
8
15
20
23
22
19
14
7
1
-6
-11
-14
-16
-17
-16
-14
-11
-7
-2
3
6
10
12
14
17
20
22
24
23
21
18
12
5
-4
-10
-14
-17
-17
-14
-9
-2
4
11
18
22
23
23
19
13
5
-3
-7
-12
-16
-18
-19
-18
-16
-15
-14
-12
-12
-12
-11
-9
-9
-6
-3
0
5
8
13
15
15
13
9
4
0
-4
-7
-8
-7
-4
-1
2
5
7
9
10
9
6
1
-4
-7
-11
-14
-17
-17
-18
-19
-19
-18
-17
-17
-15
-12
-9
-5
0
2
4
7
9
8
5
1
-5
-11
-18
-23
-28
-30
-30
-27
-23
-17
-9
-1
5
10
16
17
17
18
18
15
14
10
6
3
-2
-7
-10
-11
-12
-11
-8
-4
0
4
10
14
18
19
19
17
12
5
-1
-7
-11
-14
-14
-13
-10
-4
1
7
13
17
20
23
24
24
24
24
22
22
19
17
14
11
6
1
-3
-10
-15
-18
-18
-16
-13
-7
-1
5
11
15
17
18
17
12
6
-1
-8
-14
-21
-25
-26
-25
-23
-18
-14
-7
2
9
15
20
24
26
25
24
22
17
11
4
-3
-9
-14
-19
-21
-21
-20
-16
-12
-6
0
7
14
19
24
24
22
19
14
9
4
-2
-7
-12
-13
-14
-12
-10
-5
-1
2
7
9
10
11
9
7
5
1
-2
-6
-8
-10
-10
-10
-9
-6
-1
3
8
13
17
21
25
28
29
27
23
17
10
2
-6
-13
-20
-23
-25
-24
-21
-17
-11
-5
3
9
14
18
19
17
14
9
5
0
-5
-10
-12
-14
-15
-14
-13
-12
-10
-8
-7
-6
-5
-3
-2
2
3
6
7
8
7
7
4
2
-2
-5
-8
-12
-14
-15
-16
-15
-14
-12
-10
-6
-2
2
6
11
14
17
18
19
19
17
14
10
5
-1
-8
-12
-14
-15
-13
-10
-4
1
5
9
13
14
14
11
8
4
-1
-5
-5
-5
-4
0
6
11
15
19
22
22
22
17
13
6
0
-6
-11
-16
-20
-24
-27
-29
-30
-29
-27
-23
-20
-17
-10
-5
1
7
10
14
14
13
11
6
2
-3
-7
-11
-13
-14
-12
-10
-4
0
5
9
10
10
9
6
2
-1
-6
-10
-12
-14
-12
-9
-8
-3
-1
0
1
0
-1
-2
-3
-4
-6
-6
-5
-4
-2
0
3
4
5
6
6
4
3
0
-2
-4
-5
-5
-7
-7
-8
-9
-8
-9
-8
-5
-4
-1
1
4
7
10
14
15
17
17
16
15
12
8
5
2
0
-4
-6
-9
-12
-12
-13
-13
-13
-12
-12
-11
-10
-7
-5
-3
1
4
5
6
8
9
12
13
14
14
14
14
15
16
17
17
15
12
8
6
3
1
-2
-6
-9
-11
-12
-10
-9
-5
-1
0
1
3
3
4
4
4
2
1
0
0
0
3
6
5
7
8
7
6
5
5
4
3
0
1
2
2
3
3
4
4
4
1
-1
-2
-1
-1
-1
1
1
2
4
5
8
8
9
7
5
3
-1
-4
-3
-4
-3
-2
-4
-4
-4
-2
-2
-2
-5
-9
-13
-18
-21
-23
-25
-27
-27
-26
-23
-18
-12
-7
-1
3
7
10
11
13
14
13
12
8
5
1
-2
-2
-3
-4
-4
-5
-3
-2
0
2
2
0
-1
-3
-4
-4
-7
-7
-10
-11
-11
-8
-7
-5
-2
0
3
6
8
10
12
14
14
13
10
7
4
-1
-5
-9
-13
-15
-16
-15
-13
-10
-6
-2
2
5
6
6
7
6
4
3
3
4
4
5
7
8
10
13
15
16
14
13
12
10
9
5
1
-3
-7
-8
-9
-9
-8
-10
-11
-11
-11
-8
-7
-5
-5
-4
-3
-3
-3
-2
-1
0
2
3
4
5
7
10
11
12
11
9
6
4
1
-3
-6
-7
-11
-14
-16
-18
-20
-21
-24
-26
-28
-28
-25
-23
-20
-18
-15
-11
-9
-8
-6
-4
-3
-1
1
2
4
6
9
9
9
8
7
6
3
1
-1
-1
-3
-4
-5
-5
-4
-4
-3
-2
-2
1
2
4
7
11
14
20
23
25
25
24
24
22
22
18
17
14
12
11
11
12
12
12
12
10
7
5
3
2
1
0
1
2
4
6
8
8
9
7
6
5
3
4
5
6
7
7
9
11
11
10
8
7
3
-1
-5
-8
-10
-10
-9
-8
-7
-7
-6
-6
-7
-10
-12
-15
-17
-18
-18
-17
-13
-9
-3
2
4
8
9
9
8
7
6
5
4
2
0
-1
-2
-3
-6
-9
-13
-17
-19
-21
-23
-24
-23
-22
-20
-17
-14
-11
-9
-6
-6
-5
-4
-2
-1
3
3
6
7
7
8
7
6
4
1
-2
-3
-3
-4
-3
