-1
-2
-3
-3
-3
-2
-3
-4
-4
-3
-2
-2
-2
-1
-2
-2
-2
-2
-3
-3
-3
-3
-3
-4
-5
-5
-5
-5
-6
-4
-5
-5
-5
-4
-4
-4
-4
-4
-5
-4
-5
-4
-4
-3
-3
-2
-3
-2
-2
0
0
1
0
0
1
1
2
1
2
3
2
2
3
4
3
5
4
4
4
4
3
3
3
3
3
3
2
2
2
2
2
2
3
1
2
0
1
2
2
2
2
2
2
1
1
2
1
1
2
2
2
2
3
2
3
2
2
1
2
2
0
1
1
1
2
2
2
2
2
1
2
3
2
2
1
1
1
2
1
0
0
1
0
0
1
0
-1
0
-1
-1
-2
-1
-2
-2
-1
-2
-3
-2
-3
-3
-3
-4
-4
-6
-5
-4
-4
-3
-3
-2
-2
-3
-2
-3
-3
-2
-1
-1
-1
-1
-3
-2
-2
-1
0
-1
-1
-1
-2
-1
-1
0
-1
-1
-1
-1
-2
-1
-2
0
-1
0
-1
-1
0
-1
-1
-1
1
-1
0
0
0
-1
0
0
0
2
2
2
2
2
1
1
2
2
2
2
2
3
4
4
5
5
5
4
4
4
3
3
4
4
3
2
2
2
2
1
1
1
1
1
1
1
1
1
1
1
1
0
0
0
-1
0
-1
-1
-1
-2
-1
-1
-1
-1
-1
-2
-2
-3
-2
-2
-2
-3
-2
-2
-2
-3
-3
-4
-5
-4
-5
-5
-4
-4
-3
-3
-2
-2
-2
-2
-2
-2
-2
-2
-1
-2
-2
-2
-2
-1
-1
0
0
0
1
0
1
1
0
1
1
1
1
1
1
1
1
2
1
1
0
1
0
1
1
0
2
2
2
2
3
3
3
3
3
3
3
1
1
0
1
0
-1
-1
-1
-1
1
1
2
2
1
1
0
1
1
2
1
0
0
-1
-1
-1
-1
0
0
0
-1
0
0
0
1
1
1
0
1
1
0
2
2
2
1
1
1
2
2
1
0
1
1
1
1
1
2
2
1
1
0
0
-1
-1
-2
-1
-1
-2
-1
-1
-1
-1
-1
-2
-1
-1
-1
0
-1
-1
0
0
0
0
1
0
2
2
2
2
2
2
2
2
2
2
3
3
4
4
4
4
3
3
3
1
2
1
1
1
2
2
2
2
2
2
4
2
3
2
1
1
0
1
0
-1
-2
-1
0
-2
0
-1
-1
-1
-1
-1
-1
0
1
0
0
-2
-1
-1
-3
-2
-2
-2
-2
-2
-2
-2
-3
-2
-3
-3
-3
-3
-3
-3
-4
-2
-2
-3
-4
-5
-4
-5
-5
-5
-5
-5
-5
-5
-5
-3
-2
-2
-2
-2
-2
-1
-1
0
-1
-1
-1
-1
0
-1
-1
-1
-1
-1
-1
-3
-1
0
1
0
-1
0
0
1
1
2
1
1
2
1
1
1
1
2
1
1
2
2
2
2
3
2
3
3
3
3
2
2
2
1
1
0
1
2
3
3
3
4
5
5
4
2
3
2
2
2
2
1
1
2
2
2
2
3
3
4
4
3
2
2
2
3
2
1
1
0
-1
-1
-1
-2
-2
-2
-3
-2
-2
-2
-2
-3
-2
-4
-3
-3
-3
-3
-4
-4
-5
-6
-5
-4
-4
-5
-4
-4
-3
-4
-3
-3
-3
-4
-5
-5
-4
-4
-3
-2
-2
-2
-1
-2
-1
-2
-1
-2
-3
-2
-1
-1
-1
-2
-1
-1
0
0
1
1
2
2
2
2
2
1
1
1
0
1
1
-1
0
0
2
3
2
3
3
3
3
3
2
2
1
3
1
1
-1
0
2
1
1
0
0
1
2
2
2
2
3
3
2
1
1
1
2
2
1
2
2
2
3
3
2
2
1
1
1
0
-1
-1
-1
-1
-1
-2
-1
-1
-1
-2
-1
0
0
0
0
0
0
0
-1
-1
0
0
-1
0
-1
-1
1
1
1
1
1
1
2
2
2
2
2
2
2
2
1
1
1
2
2
3
2
1
3
2
2
2
1
1
0
-1
0
0
0
1
1
1
2
2
2
3
2
2
2
3
3
2
3
2
1
0
0
0
1
1
1
1
1
2
1
1
1
2
2
1
2
0
0
1
1
1
1
1
1
0
0
0
-2
0
-2
-2
-2
-3
-3
-3
-2
-2
-3
-2
-2
-2
-4
-2
-3
-2
-1
-3
-3
-2
-2
-3
-3
-2
-3
-2
-1
-2
-2
-2
-1
-1
0
-1
-1
-2
-3
-1
-1
-1
-1
-1
-1
-3
-2
-2
0
-1
0
0
-1
0
0
1
0
1
0
0
1
1
0
2
2
3
3
3
1
2
2
3
3
4
4
2
2
3
3
3
5
4
3
2
2
2
3
2
2
1
0
1
0
0
1
2
1
-1
0
-2
-2
-1
0
-1
0
-1
-2
-3
-2
0
-1
-1
-2
-3
-5
-2
-3
-2
-1
-1
0
-1
0
-1
-2
-1
0
-2
-2
-2
-2
-2
-3
-1
-3
-3
-3
-4
-4
-3
-4
-5
-5
-5
-4
-5
-4
-4
-5
-5
-5
-6
-7
-6
-6
-6
-7
-7
-6
-7
-7
-6
-7
-6
-5
-5
-5
-3
-2
-3
-2
-2
0
0
1
0
1
0
2
1
2
3
3
2
3
3
3
4
5
5
5
6
5
4
6
7
7
7
8
5
5
4
4
4
3
3
1
-1
1
0
-1
-1
-1
-2
-2
-3
-2
-3
-2
-1
-1
-1
-1
1
-1
0
1
0
0
1
2
1
2
2
1
3
4
4
3
4
5
4
5
5
4
4
4
5
3
3
2
2
2
1
1
-1
-1
-1
-2
-3
-3
-4
-5
-6
-6
-6
-7
-7
-8
-10
-9
-8
-9
-10
-10
-9
-9
-7
-8
-8
-8
-6
-5
-4
-4
-2
-2
-1
1
2
3
4
4
4
4
7
6
6
6
7
6
7
8
8
7
9
8
7
7
7
6
6
6
5
4
4
4
1
1
1
0
-2
-3
-3
-5
-6
-6
-6
-6
-5
-6
-5
-7
-6
-6
-6
-6
-6
-5
-5
-3
-2
-2
0
1
1
2
4
2
3
5
5
5
5
7
7
7
8
8
8
9
9
8
7
7
6
5
6
6
5
3
4
3
2
1
2
0
-1
-3
-4
-6
-4
-6
-7
-8
-8
-10
-10
-9
-9
-9
-9
-9
-9
-9
-8
-8
-7
-6
-5
-4
-4
-3
-1
-1
1
2
3
4
6
7
6
9
9
9
10
11
12
11
12
12
11
11
11
11
9
9
8
6
6
5
3
1
0
-1
-3
-4
-5
-6
-8
-8
-8
-9
-10
-10
-12
-11
-12
-12
-12
-12
-12
-12
-11
-9
-9
-9
-8
-8
-6
-4
-3
-1
-1
1
2
3
4
6
6
7
7
9
10
9
10
10
10
10
9
7
7
8
7
6
5
5
4
2
1
1
-1
-2
-4
-5
-6
-8
-9
-10
-10
-10
-12
-11
-12
-13
-12
-11
-11
-9
-9
-8
-8
-8
-7
-6
-5
-3
-3
-2
-1
1
3
5
8
9
10
12
12
13
14
14
15
15
16
16
15
15
16
15
14
15
15
14
15
13
12
12
10
9
8
5
3
2
-1
-2
-3
-5
-6
-7
-8
-8
-8
-9
-8
-8
-9
-8
-7
-8
-7
-7
-5
-5
-5
-4
-3
-1
0
3
3
4
6
7
6
8
9
9
9
10
10
10
9
8
7
8
7
7
7
5
5
5
4
3
2
1
-1
-3
-4
-5
-5
-7
-8
-11
-12
-12
-14
-14
-15
-15
-16
-17
-17
-17
-17
-17
-16
-14
-14
-13
-13
-11
-10
-8
-6
-4
-2
-1
1
1
6
7
9
10
11
11
12
13
14
14
16
16
17
18
19
19
19
20
19
17
16
15
13
11
9
8
6
4
2
0
-2
-3
-6
-9
-10
-10
-10
-11
-12
-14
-15
-16
-17
-16
-17
-17
-18
-18
-15
-13
-13
-11
-9
-7
-5
-2
1
2
4
5
7
8
9
10
12
14
15
17
17
19
20
20
20
20
20
19
18
18
15
13
12
11
8
7
6
3
0
-1
-3
-3
-5
-8
-10
-12
-13
-16
-17
-19
-19
-21
-23
-23
-24
-23
-22
-20
-19
-17
-16
-14
-12
-11
-10
-8
-6
-4
-3
0
1
4
6
9
10
12
14
16
18
18
19
19
19
19
17
16
15
15
13
12
10
9
7
4
3
1
-1
-2
-6
-8
-10
-11
-14
-16
-16
-18
-19
-19
-19
-19
-18
-18
-16
-16
-14
-13
-12
-10
-9
-9
-8
-7
-5
-3
-1
2
5
7
10
13
17
18
20
21
21
21
23
23
24
23
22
21
20
18
17
15
14
13
10
9
7
4
1
-1
-5
-9
-10
-13
-15
-19
-20
-22
-23
-24
-25
-25
-26
-26
-26
-25
-25
-25
-26
-25
-25
-24
-22
-20
-16
-14
-10
-8
-4
0
3
5
8
11
14
16
17
19
21
21
21
23
24
25
27
27
27
27
27
26
26
23
20
19
16
14
10
7
4
1
-3
-6
-6
-10
-11
-12
-14
-16
-18
-20
-22
-23
-24
-25
-25
-24
-25
-26
-24
-23
-20
-18
-16
-12
-11
-8
-6
-4
-1
0
3
4
8
10
13
16
18
20
20
23
23
23
23
24
24
23
21
18
15
13
12
9
7
6
3
0
-3
-4
-8
-10
-12
-14
-17
-20
-23
-24
-26
-27
-27
-28
-29
-28
-28
-26
-23
-20
-17
-15
-12
-11
-8
-6
-4
0
3
5
6
10
12
16
20
23
26
28
31
32
34
34
35
34
31
30
28
26
24
24
22
18
16
13
9
7
5
2
-2
-6
-10
-12
-16
-19
-22
-25
-28
-29
-30
-31
-31
-31
-30
-29
-28
-27
-26
-24
-22
-20
-18
-16
-13
-10
-6
-3
1
5
9
13
16
19
21
25
27
29
30
31
30
31
31
30
28
28
27
26
24
22
20
16
13
10
6
2
-1
-7
-10
-13
-17
-20
-23
-25
-26
-29
-30
-30
-30
-30
-31
-31
-32
-31
-30
-28
-27
-26
-24
-20
-18
-15
-10
-7
-5
-1
4
7
10
12
15
16
18
19
20
21
22
24
24
24
24
24
24
24
24
22
20
18
16
12
10
6
3
-1
-3
-5
-7
-9
-10
-12
-14
-16
-17
-18
-18
-19
-19
-20
-21
-21
-19
-19
-19
-18
-16
-14
-12
-8
-7
-3
0
2
4
7
9
12
13
14
15
15
18
20
21
21
22
22
23
23
22
21
20
19
17
14
12
10
7
4
1
-2
-4
-6
-7
-7
-10
-11
-13
-15
-17
-18
-21
-22
-23
-25
-25
-24
-25
-24
-22
-21
-19
-17
-15
-12
-8
-6
-4
-2
-1
2
5
7
9
12
12
16
17
19
21
22
23
24
23
24
25
24
23
21
19
18
16
14
12
10
8
6
4
2
0
-1
-4
-6
-8
-11
-11
-14
-15
-17
-18
-19
-20
-21
-21
-21
-20
-20
-17
-17
-16
-14
-12
-12
-11
-9
-8
-5
-4
-2
0
3
4
6
9
10
13
15
15
17
17
18
18
19
19
18
17
16
15
14
13
11
11
9
6
5
3
2
1
-2
-4
-8
-10
-12
-15
-15
-16
-17
-18
-17
-18
-18
-17
-17
-16
-16
-14
-15
-14
-13
-12
-10
-8
-7
-4
-3
-1
0
3
3
6
8
8
9
11
12
13
14
15
16
16
16
15
15
15
14
14
13
12
12
11
11
9
8
8
7
5
4
2
1
-1
-2
-3
-6
-6
-5
-7
-7
-7
-8
-8
-9
-9
-10
-8
-9
-9
-9
-8
-9
-7
-7
-6
-5
-3
-1
1
2
3
4
6
6
7
7
8
8
9
10
10
10
12
12
13
13
13
12
10
9
7
7
7
5
4
1
1
-1
-1
-2
-3
-5
-7
-8
-10
-11
-12
-14
-16
-16
-18
-19
-20
-21
-19
-19
-17
-17
-15
-14
-13
-13
-12
-11
-10
-7
-8
-6
-4
-3
-1
1
2
4
5
7
8
10
11
13
14
14
14
15
15
15
15
14
13
12
11
10
9
9
8
6
5
4
2
-1
-2
-3
-4
-7
-8
-9
-10
-10
-11
-11
-11
-12
-12
-11
-11
-10
-9
-10
-8
-8
-6
-5
-4
-1
0
2
3
6
7
9
10
12
14
15
16
17
17
16
16
16
17
16
15
14
15
12
12
10
10
9
7
6
3
1
-2
-5
-8
-10
-12
-13
-16
-17
-18
-19
-19
-19
-19
-21
-21
-21
-21
-21
-20
-19
-19
-19
-17
-16
-12
-10
-8
-6
-4
-1
1
3
4
7
7
10
12
13
14
15
15
15
15
16
16
16
17
17
15
13
13
11
11
8
8
6
4
3
1
-1
-2
-5
-4
-6
-8
-10
-11
-12
-13
-14
-14
-15
-17
-17
-17
-16
-14
-14
-14
-14
-13
-11
-9
-5
-4
-3
-2
-1
1
2
4
5
7
8
9
10
11
11
12
13
14
14
14
13
12
11
9
9
9
8
6
5
3
1
0
-2
-5
-6
-7
-8
-9
-10
-12
-14
-17
-19
-20
-21
-21
-22
-21
-22
-22
-21
-19
-19
-17
-14
-12
-10
-8
-5
-2
1
2
5
8
9
9
11
15
16
20
23
25
29
31
34
36
38
37
34
32
32
31
31
29
30
26
23
20
18
17
16
11
7
7
5
4
3
0
-5
-10
-13
-13
-14
-13
-11
-10
-9
-9
-7
-6
-9
-12
-9
-8
-8
-8
-7
-5
-3
-2
1
6
8
8
10
13
18
22
22
19
15
11
9
8
4
1
-4
-10
-15
-16
-17
-18
-21
-27
-36
-38
-40
-45
-49
-51
-53
-62
-68
-66
-64
-63
-61
-58
-56
-58
-60
-58
-56
-54
-51
-50
-45
-37
-30
-18
-11
-6
3
15
22
26
30
38
48
51
53
57
60
55
50
52
60
65
64
59
57
61
67
75
72
66
60
59
61
56
52
53
51
37
32
35
38
39
32
28
25
24
24
16
6
1
1
3
5
1
-4
-4
-4
-7
-13
-16
-15
-7
-4
-4
2
12
21
27
27
23
20
24
28
36
45
72
115
152
175
201
248
313
371
400
414
436
469
491
484
452
414
368
307
231
151
79
11
-60
-145
-231
-298
-338
-368
-415
-472
-521
-553
-571
-589
-624
-668
-698
-717
-736
-769
-810
-838
-857
-884
-920
-948
-960
-958
-952
-943
-920
-866
-762
-641
-541
-460
-344
-177
5
152
264
385
525
652
753
847
934
994
1017
1015
1016
1020
1019
1013
982
910
833
787
768
717
616
519
446
377
297
227
172
110
40
-21
-63
-100
-140
-162
-165
-177
-189
-170
-115
-63
-33
9
87
172
234
283
334
390
437
466
490
512
519
523
519
497
465
452
436
383
310
251
213
165
94
7
-82
-171
-265
-370
-479
-581
-679
-783
-888
-987
-1071
-1131
-1175
-1234
-1298
-1326
-1322
-1318
-1302
-1263
-1197
-1114
-1009
-891
-751
-585
-427
-279
-117
65
239
388
539
698
835
932
1012
1096
1153
1177
1192
1198
1177
1129
1071
1011
928
816
694
593
488
342
187
72
-25
-151
-278
-370
-447
-533
-608
-649
-688
-719
-714
-687
-645
-611
-566
-453
-291
-144
-40
66
211
380
525
627
693
762
842
900
914
890
867
852
817
747
663
601
550
478
374
259
162
89
-1
-139
-312
-476
-602
-715
-847
-1000
-1133
-1234
-1317
-1410
-1508
-1580
-1613
-1634
-1654
-1654
-1635
-1587
-1485
-1353
-1241
-1105
-910
-676
-451
-245
-42
191
455
694
869
1023
1194
1337
1445
1537
1605
1639
1629
1615
1587
1521
1430
1324
1225
1098
935
775
637
483
299
120
-39
-188
-342
-484
-596
-692
-793
-879
-918
-927
-928
-899
-824
-717
-596
-461
-311
-141
34
210
385
530
649
763
881
964
1000
1021
1052
1071
1047
996
958
930
896
846
773
693
599
503
405
271
107
-56
-206
-378
-574
-766
-938
-1099
-1259
-1415
-1567
-1688
-1775
-1831
-1864
-1890
-1889
-1857
-1799
-1721
-1623
-1498
-1347
-1172
-976
-758
-512
-278
-43
215
466
686
874
1070
1261
1417
1521
1591
1649
1690
1688
1658
1603
1529
1432
1319
1188
1028
861
694
542
372
173
-20
-187
-345
-510
-671
-799
-905
-994
-1062
-1103
-1123
-1126
-1083
-986
-853
-722
-596
-443
-234
-6
197
377
544
706
862
993
1090
1147
1202
1243
1247
1214
1166
1130
1090
1030
925
794
674
566
435
275
106
-48
-185
-338
-513
-703
-879
-1028
-1171
-1326
-1470
-1588
-1687
-1775
-1839
-1890
-1913
-1910
-1879
-1833
-1780
-1674
-1516
-1330
-1142
-940
-704
-452
-195
78
350
613
859
1080
1304
1504
1661
1769
1859
1934
1963
1952
1902
1835
1748
1630
1487
1326
1153
962
775
591
383
166
-23
-182
-348
-534
-704
-834
-944
-1043
-1123
-1166
-1184
-1174
-1102
-975
-849
-732
-585
-367
-115
102
276
454
659
837
962
1045
1115
1171
1211
1212
1150
1076
1037
1004
932
805
662
538
436
328
166
-1
-128
-238
-375
-531
-698
-882
-1047
-1202
-1388
-1586
-1737
-1833
-1925
-2023
-2094
-2117
-2104
-2067
-2001
-1918
-1802
-1629
-1423
-1231
-1033
-803
-537
-259
12
295
595
894
1165
1402
1633
1849
2010
2123
2219
2287
2290
2241
2185
2099
1970
1814
1657
1489
1285
1071
860
645
403
148
-84
-279
-483
-701
-879
-1025
-1158
-1286
-1373
-1403
-1392
-1327
-1197
-1032
-893
-744
-516
-233
28
217
401
630
842
1002
1105
1186
1249
1303
1331
1301
1245
1192
1162
1113
1003
857
723
621
516
356
185
59
-52
-192
-383
-585
-805
-1039
-1252
-1466
-1701
-1923
-2091
-2223
-2353
-2454
-2494
-2478
-2426
-2372
-2299
-2185
-2024
-1831
-1627
-1406
-1158
-879
-572
-258
63
385
717
1054
1362
1644
1889
2104
2277
2413
2524
2569
2545
2501
2454
2374
2234
2070
1892
1683
1446
1199
945
677
395
120
-133
-393
-657
-900
-1095
-1265
-1429
-1560
-1620
-1607
-1550
-1452
-1334
-1198
-1012
-755
-461
-201
-2
212
482
727
899
1025
1160
1289
1374
1403
1393
1374
1346
1312
1233
1103
952
820
723
614
473
339
273
209
68
-126
-318
-525
-767
-1026
-1291
-1574
-1837
-2044
-2205
-2359
-2472
-2530
-2549
-2554
-2554
-2517
-2427
-2275
-2125
-1981
-1801
-1560
-1280
-984
-666
-331
24
396
758
1089
1394
1694
1967
2169
2324
2448
2517
2540
2533
2511
2452
2354
2224
2067
1883
1664
1427
1182
920
618
310
43
-207
-473
-733
-939
-1109
-1281
-1425
-1504
-1507
-1454
-1385
-1299
-1170
-977
-725
-449
-213
-23
185
450
708
883
1006
1143
1287
1387
1410
1397
1371
1354
1301
1192
1048
901
786
711
644
525
418
384
338
207
26
-170
-383
-622
-887
-1177
-1479
-1738
-1944
-2124
-2299
-2438
-2532
-2584
-2608
-2637
-2642
-2592
-2486
-2371
-2248
-2064
-1800
-1500
-1186
-848
-488
-95
307
703
1067
1405
1710
1959
2172
2361
2497
2568
2593
2609
2609
2558
2449
2320
2177
2009
1808
1568
1316
1033
718
416
145
-131
-424
-679
-884
-1092
-1292
-1437
-1499
-1490
-1459
-1426
-1357
-1237
-1041
-807
-583
-391
-208
34
297
503
636
772
936
1075
1150
1155
1121
1096
1068
998
867
713
593
529
501
455
402
405
434
392
248
81
-80
-277
-513
-773
-1065
-1355
-1596
-1788
-1962
-2125
-2234
-2300
-2337
-2382
-2435
-2430
-2357
-2261
-2165
-2031
-1820
-1547
-1244
-914
-545
-157
225
615
992
1332
1627
1864
2076
2266
2409
2490
2530
2570
2594
2579
2518
2419
2296
2142
1962
1751
1505
1233
930
631
352
62
-234
-508
-734
-941
-1139
-1296
-1368
-1381
-1380
-1378
-1341
-1242
-1091
-898
-698
-510
-335
-128
118
336
489
617
755
870
924
939
916
878
826
745
631
501
397
324
285
262
247
262
272
238
123
-39
-209
-399
-611
-850
-1106
-1358
-1578
-1761
-1922
-2066
-2170
-2230
-2269
-2321
-2371
-2368
-2309
-2248
-2170
-2040
-1851
-1600
-1309
-978
-626
-259
120
509
892
1239
1539
1788
2020
2228
2357
2440
2496
2547
2592
2582
2524
2420
2294
2136
1932
1706
1447
1150
830
515
223
-75
-358
-604
-808
-999
-1183
-1312
-1376
-1390
-1378
-1349
-1296
-1200
-1044
-868
-696
-528
-367
-158
77
272
422
557
710
827
880
900
893
862
815
733
615
490
398
343
307
274
256
262
267
202
59
-106
-274
-462
-693
-938
-1183
-1412
-1609
-1780
-1927
-2057
-2139
-2189
-2235
-2297
-2343
-2326
-2273
-2185
-2069
-1903
-1675
-1397
-1077
-718
-336
42
429
821
1200
1540
1824
2073
2316
2496
2603
2681
2755
2818
2849
2817
2736
2625
2475
2281
2058
1810
1502
1147
812
500
186
-133
-415
-649
-878
-1089
-1247
-1329
-1358
-1370
-1368
-1339
-1259
-1129
-989
-857
-730
-576
-393
-199
-26
108
247
403
541
615
650
688
706
700
662
577
479
420
409
404
388
392
417
426
368
232
54
-128
-309
-532
-793
-1027
-1246
-1444
-1626
-1792
-1921
-2020
-2089
-2164
-2241
-2290
-2292
-2257
-2194
-2099
-1964
-1773
-1512
-1183
-831
-474
-107
289
702
1090
1417
1673
1916
2153
2324
2426
2509
2602
2674
2706
2702
2649
2575
2471
2319
2106
1841
1545
1233
935
627
311
3
-259
-493
-730
-936
-1077
-1129
-1155
-1180
-1195
-1164
-1071
-953
-843
-762
-664
-535
-384
-247
-147
-47
84
239
347
393
421
447
465
441
389
336
318
336
365
394
432
467
470
403
265
100
-77
-256
-462
-695
-915
-1108
-1277
-1439
-1587
-1695
-1784
-1865
-1953
-2039
-2096
-2121
-2102
-2058
-1995
-1890
-1714
-1445
-1121
-804
-477
-118
277
670
1022
1314
1570
1829
2029
2163
2263
2361
2476
2562
2609
2611
2598
2556
2469
2337
2128
1862
1556
1258
957
630
305
15
-221
-452
-679
-850
-946
-1018
-1100
-1139
-1134
-1084
-1013
-947
-903
-870
-816
-748
-670
-622
-585
-526
-445
-362
-313
-252
-178
-116
-83
-79
-60
-23
43
130
213
287
354
406
388
290
171
51
-82
-249
-439
-630
-806
-980
-1148
-1274
-1361
-1441
-1530
-1624
-1713
-1771
-1779
-1742
-1703
-1675
-1614
-1464
-1235
-993
-727
-453
-147
195
530
836
1097
1356
1600
1795
1937
2052
2191
2351
2476
2541
2581
2617
2624
2588
2514
2374
2167
1918
1670
1394
1068
754
491
271
44
-167
-311
-397
-461
-512
-550
-558
-537
-512
-497
-495
-518
-529
-526
-543
-595
-679
-718
-740
-783
-832
-856
-858
-859
-852
-829
-771
-674
-557
-442
-335
-232
-145
-90
-97
-153
-229
-316
-416
-552
-689
-804
-912
-1007
-1084
-1129
-1158
-1199
-1254
-1303
-1315
-1310
-1274
-1209
-1164
-1112
-1015
-841
-611
-391
-180
22
260
519
738
916
1074
1254
1386
1471
1528
1587
1705
1829
1907
1938
1959
1995
2011
2001
1941
1818
1660
1494
1322
1098
845
612
416
230
43
-99
-177
-214
-238
-241
-199
-132
-62
-9
25
59
79
73
54
15
-64
-165
-257
-347
-460
-565
-650
-744
-835
-904
-934
-918
-853
-771
-703
-644
-577
-541
-554
-608
-673
-750
-838
-944
-1064
-1163
-1246
-1339
-1426
-1474
-1486
-1497
-1520
-1550
-1544
-1498
-1412
-1273
-1151
-1018
-863
-643
-361
-86
163
380
616
870
1064
1204
1317
1435
1514
1528
1521
1513
1567
1629
1663
1660
1658
1684
1692
1684
1632
1515
1375
1236
1113
960
774
608
474
341
197
84
23
-2
-16
-17
4
70
166
263
339
397
435
454
466
461
399
315
235
137
8
-145
-297
-456
-601
-735
-856
-951
-1013
-1034
-1037
-1035
-1046
-1058
-1074
-1135
-1215
-1281
-1355
-1440
-1524
-1580
-1648
-1713
-1764
-1785
-1785
-1786
-1779
-1768
-1722
-1640
-1500
-1306
-1109
-916
-683
-373
-27
294
588
862
1170
1439
1629
1762
1862
1966
1995
1945
1861
1796
1774
1729
1653
1545
1432
1345
1264
1198
1081
920
752
593
451
278
113
-13
-111
-215
-324
-374
-352
-294
-237
-188
-113
-3
158
333
471
582
684
804
907
962
965
954
936
881
795
671
528
369
203
25
-147
-295
-401
-489
-581
-692
-814
-943
-1095
-1268
-1449
-1611
-1755
-1899
-2016
-2107
-2192
-2253
-2270
-2246
-2233
-2222
-2203
-2174
-2120
-2036
-1873
-1666
-1465
-1251
-994
-632
-219
187
567
937
1344
1692
1977
2196
2372
2530
2585
2569
2497
2440
2412
2351
2257
2112
1980
1837
1678
1514
1294
1027
745
493
245
-38
-296
-490
-632
-762
-867
-895
-856
-799
-752
-661
-518
-355
-179
-13
135
274
421
564
677
753
808
865
905
909
869
839
800
718
622
525
445
370
303
222
109
-15
-170
-360
-607
-895
-1181
-1441
-1689
-1948
-2157
-2326
-2478
-2601
-2687
-2722
-2727
-2723
-2713
-2675
-2611
-2505
-2315
-2093
-1886
-1682
-1400
-999
-583
-196
165
569
1019
1405
1717
1976
2244
2460
2574
2609
2600
2623
2629
2604
2536
2411
2308
2186
2051
1875
1626
1352
1069
799
475
127
-170
-401
-596
-800
-944
-994
-977
-943
-892
-782
-615
-425
-250
-94
71
231
383
517
626
701
767
833
870
885
890
903
901
867
820
783
779
772
747
701
621
512
355
130
-168
-496
-815
-1125
-1442
-1779
-2080
-2314
-2523
-2725
-2883
-2972
-3030
-3077
-3110
-3101
-3038
-2895
-2688
-2494
-2306
-2065
-1706
-1270
-855
-492
-124
324
769
1137
1453
1766
2087
2327
2481
2572
2654
2764
2821
2829
2770
2688
2616
2530
2413
2201
1928
1646
1373
1084
720
348
47
-220
-510
-781
-967
-1060
-1096
-1135
-1141
-1073
-926
-751
-597
-438
-288
-128
37
174
278
352
444
526
567
594
626
680
720
735
750
773
840
911
969
983
969
917
801
626
365
81
-211
-525
-881
-1243
-1541
-1821
-2088
-2336
-2542
-2692
-2819
-2923
-3000
-3035
-3000
-2891
-2745
-2627
-2495
-2250
-1885
-1490
-1146
-832
-450
-9
382
697
998
1327
1610
1816
1960
2086
2242
2392
2505
2552
2556
2554
2548
2522
2422
2222
1979
1743
1499
1190
843
544
294
50
-208
-429
-579
-672
-745
-803
-805
-760
-682
-596
-498
-387
-280
-177
-87
-21
12
43
97
137
150
148
168
201
240
291
366
479
595
714
830
939
1006
991
895
729
524
290
40
-256
-571
-854
-1107
-1359
-1621
-1828
-1974
-2119
-2268
-2390
-2454
-2458
-2410
-2346
-2289
-2223
-2064
-1787
-1489
-1233
-1017
-734
-398
-91
149
375
657
893
1048
1172
1321
1512
1688
1842
1951
2026
2105
2185
2248
2226
2104
1940
1774
1601
1348
1050
784
547
315
48
-157
-251
-305
-355
-413
-412
-340
-229
-146
-107
-51
24
96
111
74
33
-3
-18
-59
-138
-203
-228
-234
-257
-267
-221
-107
54
211
349
498
659
754
728
615
457
279
84
-143
-414
-680
-896
-1089
-1287
-1472
-1611
-1714
-1798
-1891
-1969
-1985
-1910
-1806
-1756
-1746
-1667
-1451
-1190
-978
-828
-663
-425
-177
4
118
275
446
539
582
648
799
975
1143
1288
1386
1492
1614
1737
1798
1745
1645
1528
1423
1260
1017
788
606
454
273
149
124
130
136
140
206
315
464
595
666
747
799
835
824
763
673
538
419
263
96
-43
-181
-289
-416
-502
-518
-460
-341
-235
-134
-27
107
205
212
129
-15
-150
-320
-527
-761
-988
-1163
-1317
-1477
-1614
-1675
-1703
-1750
-1793
-1816
-1785
-1661
-1498
-1388
-1325
-1211
-977
-684
-451
-312
-182
18
222
339
380
458
556
585
555
532
565
635
716
783
815
870
974
1082
1145
1127
1041
944
861
733
522
322
174
46
-81
-193
-192
-141
-79
-2
115
315
550
772
935
1077
1229
1347
1394
1376
1322
1239
1128
970
764
550
356
177
-17
-183
-292
-330
-295
-235
-166
-93
28
147
166
81
-77
-229
-407
-633
-900
-1156
-1353
-1540
-1713
-1879
-1977
-2001
-2012
-2031
-2022
-1963
-1811
-1595
-1428
-1314
-1165
-877
-534
-233
-25
140
363
577
703
745
774
837
827
748
666
627
651
673
690
677
670
709
756
800
759
660
556
462
357
170
-21
-166
-293
-418
-536
-563
-504
-420
-317
-182
24
272
533
776
981
1182
1352
1476
1550
1567
1537
1468
1370
1245
1079
909
735
542
341
170
65
15
1
1
13
64
122
140
68
-80
-246
-426
-623
-871
-1121
-1332
-1533
-1732
-1912
-2031
-2082
-2103
-2114
-2093
-2023
-1865
-1657
-1475
-1333
-1160
-877
-522
-198
38
247
511
767
940
1030
1107
1179
1156
1056
935
853
811
760
709
630
574
564
576
577
492
359
222
99
-51
-258
-453
-590
-701
-831
-941
-958
-898
-801
-716
-605
-409
-142
158
424
684
928
1162
1374
1494
1558
1584
1604
1576
1485
1372
1232
1116
974
806
641
507
451
421
426
419
426
459
438
339
138
-84
-301
-536
-801
-1083
-1302
-1503
-1694
-1852
-1964
-1998
-2005
-1990
-1956
-1898
-1732
-1517
-1317
-1180
-1037
-771
-455
-134
97
301
570
810
998
1115
1239
1355
1357
1283
1174
1105
1066
1013
952
859
780
725
695
664
549
398
240
74
-124
-385
-619
-805
-962
-1125
-1276
-1338
-1283
-1158
-1057
-945
-757
-480
-164
106
334
575
858
1108
1260
1340
1390
1451
1468
1413
1297
1157
1060
947
794
615
469
408
386
373
363
392
469
516
468
306
102
-118
-372
-666
-1000
-1300
-1564
-1789
-1978
-2138
-2192
-2175
-2107
-2027
-1935
-1741
-1464
-1179
-988
-863
-646
-359
-63
159
312
516
737
924
1044
1130
1246
1302
1257
1157
1065
1037
994
938
873
797
755
716
699
634
477
301
130
-48
-305
-589
-818
-1007
-1189
-1388
-1513
-1513
-1413
-1272
-1127
-918
-641
-303
63
393
677
940
1209
1429
1562
1614
1637
1658
1625
1545
1406
1270
1143
995
850
703
585
508
484
487
494
542
602
625
555
376
151
-109
-392
-733
-1099
-1425
-1732
-1960
-2138
-2256
-2296
-2272
-2182
-2065
-1910
-1665
-1353
-1078
-877
-713
-495
-219
39
234
389
575
753
890
979
1054
1135
1147
1082
979
893
867
840
786
709
632
594
573
558
481
324
133
-69
-264
-514
-790
-1024
-1216
-1390
-1555
-1644
-1613
-1495
-1350
-1176
-936
-634
-285
72
415
729
1032
1307
1525
1669
1721
1739
1721
1663
1569
1434
1316
1195
1063
936
815
726
644
595
574
576
608
640
643
551
384
174
-86
-385
-723
-1076
-1410
-1712
-1972
-2166
-2283
-2336
-2317
-2249
-2127
-1956
-1721
-1397
-1095
-874
-685
-458
-157
112
306
448
606
809
953
1048
1100
1169
1223
1174
1103
1014
972
961
908
830
725
668
621
553
457
281
74
-138
-345
-592
-893
-1140
-1319
-1461
-1612
-1721
-1695
-1572
-1405
-1241
-1040
-752
-404
-52
270
565
839
1112
1361
1527
1618
1666
1705
1710
1656
1557
1461
1392
1304
1197
1094
1004
944
879
832
781
746
752
739
670
487
280
56
-210
-523
-898
-1247
-1569
-1832
-2039
-2209
-2296
-2328
-2265
-2165
-2034
-1848
-1619
-1324
-1097
-926
-747
-507
-208
17
187
327
521
742
882
971
1038
1141
1198
1173
1113
1051
1046
1032
980
896
788
719
657
571
419
206
3
-182
-374
-635
-904
-1097
-1241
-1376
-1531
-1610
-1574
-1466
-1322
-1189
-1011
-782
-505
-209
58
321
572
833
1043
1183
1281
1351
1424
1452
1437
1386
1348
1334
1295
1252
1191
1134
1080
1013
942
861
801
752
688
582
421
235
16
-242
-534
-859
-1156
-1414
-1628
-1815
-1968
-2039
-2050
-1991
-1911
-1827
-1703
-1529
-1307
-1117
-986
-857
-685
-459
-259
-83
79
273
506
676
799
902
1036
1169
1204
1174
1117
1116
1148
1127
1052
937
853
775
670
541
360
169
-24
-213
-408
-615
-763
-863
-968
-1109
-1214
-1197
-1105
-993
-903
-803
-641
-420
-178
36
230
410
598
781
917
1004
1066
1144
1207
1213
1193
1208
1262
1301
1290
1247
1214
1184
1128
1011
849
690
558
448
317
133
-71
-281
-492
-721
-956
-1177
-1390
-1574
-1734
-1861
-1927
-1924
-1886
-1847
-1808
-1750
-1649
-1514
-1363
-1248
-1161
-1068
-924
-726
-524
-336
-182
-6
210
411
580
731
917
1077
1139
1154
1166
1213
1240
1195
1111
1004
920
845
752
637
470
299
149
27
-109
-287
-408
-481
-551
-647
-739
-745
-705
-648
-601
-547
-438
-284
-91
63
186
309
453
640
775
847
909
1018
1147
1234
1313
1393
1480
1554
1598
1593
1529
1442
1326
1153
942
720
543
403
253
89
-97
-242
-370
-543
-744
-948
-1144
-1319
-1452
-1557
-1661
-1742
-1785
-1808
-1821
-1824
-1800
-1756
-1710
-1640
-1581
-1517
-1432
-1323
-1174
-1024
-864
-675
-425
-125
128
327
523
753
948
1035
1070
1075
1082
1079
1053
1020
963
919
883
837
785
717
637
543
443
328
206
112
25
-91
-241
-358
-421
-454
-468
-466
-429
-374
-293
-196
-80
85
246
390
517
675
863
1020
1175
1311
1429
1539
1624
1673
1655
1625
1563
1433
1265
1070
869
660
461
278
105
3
-63
-145
-241
-346
-442
-561
-688
-841
-1032
-1207
-1366
-1504
-1647
-1770
-1852
-1927
-1992
-2051
-2073
-2059
-2002
-1922
-1878
-1824
-1722
-1537
-1308
-1099
-878
-644
-360
-78
151
351
533
735
872
931
978
1023
1091
1150
1170
1176
1176
1214
1236
1221
1182
1110
1030
918
777
597
418
276
115
-68
-275
-431
-521
-594
-649
-679
-648
-563
-445
-309
-144
60
272
474
674
884
1075
1234
1375
1477
1537
1572
1583
1552
1486
1421
1333
1198
1014
829
671
524
385
248
142
85
57
23
-39
-118
-216
-352
-532
-764
-999
-1213
-1402
-1599
-1811
-1982
-2113
-2212
-2305
-2393
-2451
-2461
-2428
-2353
-2249
-2143
-2008
-1831
-1591
-1334
-1093
-857
-616
-336
-75
144
360
587
817
991
1152
1302
1453
1622
1737
1805
1835
1861
1883
1851
1781
1662
1502
1324
1131
909
649
405
177
-35
-246
-453
-594
-684
-737
-759
-739
-648
-533
-398
-231
-30
183
367
537
699
850
964
1033
1088
1137
1173
1178
1150
1106
1054
1013
963
893
809
718
650
577
487
379
284
214
138
36
-71
-175
-295
-448
-645
-866
-1099
-1328
-1538
-1761
-1992
-2194
-2336
-2447
-2522
-2579
-2604
-2557
-2469
-2342
-2220
-2113
-1982
-1829
-1613
-1378
-1135
-879
-618
-307
2
310
616
930
1252
1506
1705
1875
2023
2165
2234
2256
2245
2215
2177
2082
1962
1798
1597
1379
1133
896
654
427
223
34
-131
-283
-392
-448
-477
-503
-504
-441
-345
-248
-164
-58
82
214
326
412
505
610
697
764
813
873
926
974
996
987
981
988
983
933
845
760
671
566
418
248
98
-31
-144
-278
-416
-545
-704
-897
-1133
-1373
-1612
-1835
-2037
-2243
-2418
-2549
-2617
-2664
-2698
-2724
-2744
-2716
-2646
-2548
-2422
-2271
-2086
-1851
-1579
-1276
-959
-613
-256
118
505
870
1217
1524
1815
2072
2249
2381
2461
2536
2575
2547
2474
2359
2261
2131
1967
1785
1580
1384
1176
976
765
544
354
168
-1
-180
-347
-458
-538
-608
-681
-715
-699
-680
-662
-635
-564
-457
-326
-194
-80
68
247
434
594
718
852
981
1096
1157
1171
1187
1201
1192
1122
1023
922
817
681
499
272
35
-171
-351
-552
-761
-942
-1090
-1235
-1414
-1604
-1787
-1958
-2127
-2302
-2462
-2599
-2704
-2770
-2808
-2818
-2787
-2720
-2591
-2430
-2254
-2041
-1783
-1493
-1201
-892
-549
-183
197
562
921
1268
1582
1876
2149
2399
2601
2727
2804
2844
2870
2861
2802
2716
2600
2471
2313
2137
1946
1716
1469
1204
939
673
402
145
-108
-343
-579
-794
-965
-1091
-1201
-1305
-1370
-1380
-1328
-1246
-1152
-1023
-847
-634
-412
-205
5
222
467
690
850
973
1106
1236
1300
1313
1288
1231
1158
1053
913
741
579
412
220
21
-185
-372
-539
-688
-835
-994
-1126
-1246
-1390
-1544
-1705
-1861
-2012
-2153
-2289
-2412
-2487
-2518
-2521
-2508
-2472
-2384
-2257
-2079
-1890
-1694
-1458
-1199
-924
-637
-324
5
352
698
1019
1335
1654
1949
2201
2394
2565
2698
2783
2826
2820
2796
2743
2644
2506
2336
2158
1950
1731
1493
1204
889
572
275
-29
-346
-646
-902
-1108
-1302
-1460
-1557
-1604
-1629
-1635
-1585
-1487
-1337
-1162
-980
-766
-523
-246
27
273
483
662
836
982
1083
1143
1184
1227
1226
1188
1144
1087
1044
962
849
718
598
498
357
200
20
-148
-296
-457
-618
-798
-962
-1103
-1256
-1413
-1590
-1752
-1902
-2036
-2152
-2232
-2249
-2232
-2179
-2107
-2004
-1861
-1684
-1485
-1286
-1076
-857
-613
-348
-86
164
408
648
906
1167
1409
1616
1808
2012
2194
2341
2444
2526
2581
2565
2502
2387
2253
2094
1875
1612
1325
1038
736
433
134
-176
-470
-747
-987
-1199
-1395
-1532
-1614
-1650
-1661
-1642
-1571
-1471
-1367
-1272
-1148
-1020
-886
-720
-573
-414
-250
-72
108
275
422
539
668
801
904
981
1065
1142
1184
1218
1258
1273
1267
1242
1167
1054
920
761
555
303
32
-241
-489
-719
-952
-1167
-1345
-1481
-1586
-1658
-1692
-1702
-1687
-1667
-1623
-1556
-1457
-1347
-1222
-1094
-990
-873
-752
-627
-529
-436
-340
-238
-116
15
182
371
560
775
1007
1254
1493
1684
1845
1993
2112
2166
2150
2104
2037
1933
1779
1590
1396
1191
978
735
476
233
-11
-235
-427
-611
-791
-959
-1080
-1155
-1223
-1296
-1342
-1359
-1376
-1399
-1411
-1390
-1356
-1319
-1263
-1172
-1039
-874
-706
-522
-298
-48
216
490
753
981
1199
1391
1531
1621
1670
1701
1682
1620
1520
1383
1248
1092
913
724
543
362
175
-2
-168
-328
-462
-584
-693
-787
-867
-928
-976
-1024
-1081
-1129
-1171
-1210
-1250
-1286
-1295
-1282
-1233
-1169
-1090
-993
-882
-753
-629
-504
-381
-246
-103
28
153
272
401
541
676
788
880
978
1095
1193
1231
1242
1260
1256
1194
1083
988
913
808
666
490
335
209
57
-124
-308
-469
-643
-808
-954
-1105
-1229
-1313
-1360
-1402
-1428
-1381
-1267
-1125
-984
-832
-642
-412
-194
16
243
466
659
818
960
1084
1195
1294
1371
1419
1450
1458
1458
1442
1391
1319
1259
1188
1086
981
889
788
665
537
397
250
104
-34
-187
-350
-497
-632
-756
-870
-963
-1024
-1041
-1045
-1055
-1052
-1008
-939
-869
-794
-719
-635
-532
-428
-332
-233
-125
-24
59
129
178
239
274
259
214
156
99
24
-55
-144
-216
-256
-285
-321
-365
-381
-370
-366
-389
-431
-461
-485
-535
-599
-649
-677
-714
-766
-813
-821
-788
-740
-681
-626
-548
-448
-308
-153
-21
117
264
419
566
701
843
1005
1141
1225
1285
1349
1407
1461
1503
1520
1512
1477
1433
1391
1343
1259
1167
1068
942
800
646
494
333
153
-28
-193
-323
-436
-530
-611
-678
-724
-754
-755
-754
-733
-681
-611
-533
-452
-359
-261
-151
-42
67
179
277
355
406
441
443
412
362
290
198
89
-34
-152
-277
-402
-536
-678
-835
-992
-1147
-1301
-1441
-1581
-1700
-1790
-1850
-1885
-1886
-1857
-1792
-1678
-1549
-1414
-1264
-1079
-865
-660
-464
-271
-59
142
308
457
598
753
890
1006
1112
1206
1304
1386
1447
1503
1547
1585
1628
1669
1686
1683
1669
1636
1564
1467
1368
1238
1072
884
691
508
340
188
41
-93
-197
-282
-334
-376
-400
-381
-360
-333
-310
-265
-191
-104
-23
45
124
209
291
347
396
454
507
557
591
604
626
648
657
644
616
587
552
507
423
312
181
33
-139
-357
-601
-853
-1102
-1345
-1590
-1829
-2033
-2188
-2307
-2395
-2449
-2464
-2429
-2360
-2272
-2163
-2039
-1895
-1733
-1588
-1439
-1280
-1115
-940
-783
-622
-452
-277
-111
58
249
442
647
838
1007
1169
1326
1479
1603
1695
1761
1793
1784
1745
1686
1598
1487
1359
1221
1080
946
820
715
608
503
411
340
287
235
204
183
182
185
196
232
282
327
369
419
479
544
603
660
717
764
801
838
861
876
884
875
853
805
740
670
590
484
346
204
61
-81
-219
-362
-499
-630
-749
-846
-945
-1033
-1118
-1207
-1281
-1343
-1392
-1448
-1496
-1552
-1599
-1628
-1658
-1672
-1684
-1683
-1661
-1623
-1557
-1466
-1352
-1225
-1078
-916
-738
-552
-366
-186
-21
128
261
373
452
507
539
550
541
530
512
487
467
440
413
393
380
366
365
368
364
367
387
404
407
423
430
444
459
491
531
563
595
628
665
715
775
824
867
906
941
980
1018
1044
1056
1053
1038
1022
992
956
897
817
728
630
529
420
316
200
80
-37
-147
-240
-334
-416
-506
-585
-637
-676
-705
-740
-768
-794
-815
-842
-865
-881
-897
-901
-889
-872
-839
-800
-766
-719
-660
-604
-552
-499
-453
-403
-369
-337
-297
-279
-268
-283
-304
-335
-372
-402
-445
-492
-547
-584
-605
-619
-619
-621
-624
-609
-587
-555
-509
-451
-389
-318
-237
-148
-47
62
178
295
404
512
625
737
847
949
1039
1113
1173
1219
1248
1261
1252
1223
1186
1143
1098
1039
970
905
828
751
661
563
468
360
253
150
47
-42
-131
-208
-278
-340
-392
-436
-476
-514
-548
-569
-571
-563
-545
-518
-477
-421
-359
-284
-192
-103
-21
63
159
249
338
422
507
583
641
684
708
712
698
664
607
546
474
389
300
205
104
-3
-119
-233
-340
-452
-566
-687
-796
-888
-976
-1047
-1115
-1176
-1225
-1258
-1286
-1291
-1275
-1240
-1181
-1100
-998
-875
-725
-556
-373
-198
-8
182
367
541
691
820
938
1031
1093
1139
1161
1162
1146
1112
1057
989
918
834
739
639
543
438
329
213
87
-36
-156
-270
-395
-525
-650
-775
-879
-965
-1037
-1098
-1143
-1162
-1160
-1123
-1065
-990
-893
-776
-633
-481
-320
-152
27
210
379
542
692
826
939
1032
1106
1171
1234
1284
1312
1333
1352
1362
1365
1355
1324
1273
1197
1098
980
865
746
604
452
282
116
-45
-200
-352
-509
-666
-819
-947
-1046
-1109
-1150
-1178
-1170
-1142
-1091
-1006
-913
-797
-678
-562
-456
-339
-212
-107
-6
91
178
264
336
396
439
474
513
542
570
585
587
595
598
579
544
491
418
314
195
64
-82
-235
-402
-578
-736
-888
-1025
-1147
-1255
-1337
-1403
-1439
-1447
-1432
-1380
-1305
-1210
-1098
-966
-828
-684
-536
-402
-270
-137
-19
107
225
346
473
602
744
875
1000
1115
1211
1301
1382
1436
1471
1498
1505
1500
1481
1435
1370
1280
1176
1043
894
739
571
412
261
113
-38
-181
-303
-413
-513
-599
-668
-718
-754
-771
-777
-777
-764
-738
-701
-653
-604
-548
-473
-390
-294
-196
-91
24
129
234
335
435
520
593
649
685
712
716
699
663
604
538
466
380
288
185
75
-38
-158
-279
-397
-504
-610
-712
-806
-892
-964
-1035
-1104
-1161
-1197
-1215
-1211
-1203
-1177
-1132
-1068
-985
-886
-763
-639
-501
-359
-218
-71
66
188
299
409
503
577
644
715
768
814
859
897
922
940
955
964
975
968
956
948
936
914
881
835
771
688
591
480
361
230
104
-19
-146
-263
-355
-431
-496
-540
-572
-588
-598
-592
-571
-542
-495
-452
-410
-371
-326
-264
-202
-144
-96
-41
5
55
122
182
249
307
363
411
449
494
518
527
521
493
458
406
327
236
133
27
-95
-220
-341
-455
-566
-667
-743
-799
-846
-883
-901
-894
-871
-840
-806
-761
-725
-690
-646
-603
-554
-512
-466
-419
-371
-314
-270
-209
-140
-70
5
74
142
211
296
374
445
513
568
616
650
664
673
673
662
637
611
569
521
484
437
389
338
285
242
197
159
108
54
-1
-53
-108
-161
-198
-233
-269
-302
-328
-347
-354
-349
-337
-317
-286
-245
-190
-123
-61
20
97
173
252
316
382
435
484
527
560
577
578
575
557
532
506
473
437
397
359
321
282
237
192
149
102
50
-3
-61
-129
-198
-271
-347
-411
-471
-519
-561
-598
-627
-647
-650
-642
-623
-595
-571
-543
-500
-445
-379
-317
-247
-179
-117
-55
6
61
108
142
164
176
182
183
172
163
142
129
114
95
72
43
25
-5
-30
-57
-96
-132
-175
-219
-271
-323
-374
-425
-465
-504
-532
-552
-557
-542
-521
-489
-444
-386
-319
-246
-153
-55
46
143
233
324
405
471
525
567
590
595
600
596
578
566
550
551
548
546
547
540
544
539
535
532
517
495
465
429
388
344
287
220
155
82
9
-55
-122
-186
-231
-263
-283
-287
-285
-270
-246
-214
-185
-149
-105
-68
-27
2
14
26
41
58
66
65
60
46
32
24
13
7
-7
-19
-20
-26
-27
-41
-59
-89
-138
-198
-266
-339
-423
-518
-606
-679
-740
-796
-834
-870
-889
-891
-890
-867
-834
-782
-719
-649
-579
-516
-450
-380
-311
-240
-171
-101
-34
30
104
181
266
352
434
507
570
632
687
735
769
782
782
770
743
705
665
612
543
471
405
339
272
213
161
123
87
70
57
54
66
74
78
87
105
128
155
169
184
192
203
212
208
200
192
190
186
192
196
208
215
218
229
234
243
247
250
245
237
220
195
164
124
70
10
-47
-102
-155
-206
-246
-290
-333
-366
-396
-430
-466
-497
-521
-534
-544
-553
-566
-578
-592
-602
-605
-609
-607
-593
-575
-545
-496
-446
-390
-331
-268
-189
-112
-44
25
90
161
218
269
304
323
339
348
351
344
327
300
267
234
196
158
113
74
39
14
1
-13
-19
-23
-14
0
14
40
71
109
151
194
225
253
285
296
305
301
297
298
291
294
296
300
312
311
309
313
315
310
294
284
272
251
237
219
190
149
106
62
15
-30
-76
-130
-189
-236
-265
-289
-304
-311
-312
-307
-301
-293
-280
-260
-238
-222
-208
-198
-175
-155
-141
-126
-126
-129
-129
-132
-129
-126
-129
-123
-124
-111
-95
-83
-57
-47
-40
-39
-36
-36
-39
-48
-74
-100
-122
-155
-187
-217
-253
-290
-325
-355
-378
-382
-384
-375
-353
-325
-288
-238
-170
-96
-27
35
105
177
241
290
342
386
430
467
504
541
563
588
610
625
620
602
586
557
521
483
449
409
360
314
264
209
153
87
20
-48
-119
-178
-227
-276
-327
-371
-406
-445
-477
-497
-499
-485
-470
-442
-403
-352
-288
-220
-148
-77
-18
35
85
136
176
207
238
259
277
284
293
298
299
290
277
260
239
222
196
169
140
109
73
41
-2
-44
-98
-157
-222
-289
-353
-415
-466
-510
-540
-559
-570
-564
-550
-531
-499
-459
-409
-361
-311
-253
-182
-109
-34
45
113
180
232
291
350
391
428
456
484
505
522
536
546
548
538
520
497
464
426
380
335
276
207
132
52
-22
-100
-173
-243
-315
-378
-431
-471
-491
-501
-497
-483
-454
-418
-366
-295
-230
-160
-96
-35
27
87
141
185
226
264
296
331
353
377
395
410
426
431
445
444
443
426
403
375
321
267
203
139
69
-4
-72
-137
-202
-264
-318
-357
-394
-433
-466
-494
-513
-525
-523
-516
-499
-479
-455
-416
-375
-323
-268
-213
-153
-105
-52
3
59
118
172
222
265
306
341
368
388
395
396
384
362
335
306
270
224
166
103
48
-6
-58
-106
-153
-194
-240
-279
-310
-335
-353
-364
-358
-355
-346
-329
-310
-285
-265
-237
-206
-171
-128
-91
-49
0
51
104
147
197
237
276
320
344
377
407
420
425
426
424
408
389
362
330
301
255
217
177
133
88
45
6
-42
-90
-137
-168
-199
-233
-265
-291
-306
-316
-324
-322
-308
-289
-258
-211
-157
-108
-60
-7
45
104
153
197
243
275
303
326
345
355
353
337
313
281
245
203
160
116
72
31
-6
-43
-86
-127
-161
-189
-219
-243
-265
-282
-295
-308
-318
-324
-332
-334
-338
-340
-342
-333
-310
-287
-257
-225
-187
-143
-101
-66
-31
0
28
54
80
100
107
112
104
103
98
76
60
48
37
27
23
20
15
10
12
21
19
10
6
12
13
7
4
-1
-5
-13
-28
-40
-41
-41
-42
-38
-34
-21
-6
9
24
47
65
90
125
146
166
188
204
216
228
235
247
255
256
248
246
250
251
253
250
247
246
243
235
222
205
190
173
153
131
109
83
64
49
40
39
35
29
36
40
36
40
32
26
21
17
12
-5
-18
-34
-54
-73
-95
-132
-162
-191
-224
-267
-306
-337
-364
-388
-412
-440
-460
-471
-480
-475
-468
-459
-451
-432
-407
-381
-350
-324
-287
-252
-216
-177
-131
-88
-43
0
38
79
118
154
182
208
227
244
259
272
281
277
262
242
210
177
131
88
44
-4
-51
-101
-137
-170
-200
-218
-228
-220
-200
-178
-158
-125
-80
-38
17
66
108
140
171
208
239
273
301
328
353
377
402
430
452
474
495
516
536
553
564
563
558
545
516
483
443
383
321
244
160
77
-6
-89
-173
-251
-320
-379
-432
-468
-507
-533
-547
-556
-557
-558
-549
-541
-523
-504
-485
-470
-448
-418
-389
-350
-306
-268
-214
-153
-87
-17
53
123
187
254
312
361
398
417
422
416
397
361
319
256
181
108
32
-44
-117
-186
-247
-298
-342
-376
-403
-422
-432
-437
-433
-422
-411
-393
-369
-346
-319
-279
-233
-193
-144
-96
-37
30
102
181
257
342
421
497
567
632
686
729
767
785
791
771
742
702
647
584
508
430
344
261
180
97
10
-74
-154
-226
-291
-354
-412
-466
-506
-544
-567
-579
-585
-584
-578
-563
-538
-511
-481
-441
-401
-345
-279
-209
-132
-65
6
70
132
197
250
289
317
332
344
350
346
332
313
295
268
233
193
145
89
38
1
-41
-93
-142
-198
-252
-301
-340
-383
-417
-445
-467
-481
-480
-465
-451
-421
-388
-341
-289
-238
-176
-107
-36
33
109
182
264
344
411
479
542
594
638
676
705
720
738
738
727
706
681
653
609
565
500
432
361
281
199
114
31
-50
-122
-188
-249
-295
-342
-375
-401
-424
-434
-448
-447
-448
-440
-423
-397
-370
-338
-289
-243
-195
-140
-94
-46
-3
29
60
87
118
144
165
176
182
181
180
180
167
150
123
84
47
12
-24
-69
-116
-155
-194
-229
-268
-304
-342
-376
-407
-430
-441
-444
-443
-445
-436
-422
-408
-385
-355
-328
-284
-239
-182
-125
-80
-21
32
87
137
194
243
285
326
357
389
412
433
454
469
477
473
460
436
414
380
342
301
255
217
180
144
108
75
40
9
-21
-48
-68
-87
-100
-107
-107
-104
-100
-94
-86
-70
-54
-44
-29
-14
-10
-2
8
25
40
56
75
87
103
118
132
148
159
168
169
169
166
158
146
124
89
50
12
-33
-75
-115
-154
-194
-238
-279
-304
-324
-329
-332
-324
-307
-299
-279
-265
-239
-208
-189
-166
-145
-120
-101
-87
-65
-39
-12
7
24
45
66
97
129
161
190
207
226
237
240
243
236
225
199
172
139
96
54
12
-24
-64
-109
-144
-161
-180
-189
-195
-193
-177
-159
-145
-125
-101
-79
-48
-32
-11
-4
2
7
9
18
21
35
48
64
77
89
109
133
162
184
201
217
228
244
257
258
262
260
242
204
168
129
81
33
-18
-65
-113
-150
-187
-209
-225
-243
-251
-257
-256
-255
-241
-224
-206
-193
-184
-170
-160
-143
-129
-110
-87
-72
-54
-37
-23
-7
15
50
83
120
145
166
193
210
228
249
256
258
251
237
225
206
181
147
107
65
25
-8
-40
-62
-86
-104
-117
-128
-126
-132
-133
-128
-121
-106
-97
-93
-93
-87
-86
-76
-66
-51
-38
-30
-18
-1
23
50
81
117
157
189
223
256
286
318
338
353
355
341
332
313
292
259
213
165
111
65
13
-35
-70
-108
-133
-166
-198
-221
-231
-235
-242
-248
-258
-262
-273
-285
-292
-288
-279
-276
-276
-281
-278
-274
-257
-224
-197
-174
-154
-122
-86
-44
-4
36
76
90
109
126
144
163
173
178
178
168
159
146
126
108
89
77
64
48
37
23
14
3
-5
-15
-27
-36
-49
-58
-56
-53
-54
-53
-53
-54
-43
-28
-9
7
27
47
67
84
107
142
170
191
205
214
219
219
218
220
216
207
199
185
173
161
147
142
130
113
96
73
53
35
23
3
-24
-49
-71
-90
-112
-131
-145
-159
-176
-188
-201
-218
-230
-242
-248
-248
-245
-241
-229
-212
-199
-185
-168
-149
-131
-120
-101
-85
-72
-65
-58
-46
-39
-28
-13
2
9
16
26
34
47
56
65
71
71
75
80
77
71
58
47
36
26
19
8
-4
-21
-30
-28
-24
-15
-2
17
29
45
71
95
123
145
159
168
171
172
170
159
153
138
122
110
95
79
65
57
50
43
38
36
33
34
46
60
72
80
87
90
91
85
78
67
53
36
15
-4
-29
-52
-78
-100
-122
-140
-149
-154
-158
-158
-162
-167
-172
-177
-185
-194
-201
-215
-225
-231
-235
-241
-244
-250
-253
-255
-252
-242
-232
-219
-201
-183
-166
-140
-114
-89
-63
-36
-6
23
49
77
101
117
131
142
148
162
177
191
202
216
226
229
234
238
243
249
252
249
243
240
238
223
204
189
175
154
137
119
97
71
45
29
8
-5
-16
-27
-32
-36
-31
-24
-17
-3
16
33
54
76
91
99
109
115
116
117
117
114
107
99
78
64
53
35
16
-4
-24
-43
-58
-75
-95
-112
-135
-153
-180
-203
-236
-270
-298
-332
-352
-382
-411
-426
-438
-438
-436
-429
-413
-399
-375
-345
-311
-274
-233
-187
-146
-105
-69
-38
-11
20
48
81
118
148
177
200
222
243
263
276
289
302
313
320
318
308
299
281
261
236
202
179
153
126
101
75
59
50
38
28
16
6
2
3
4
7
11
10
13
14
11
8
2
4
12
13
13
14
22
34
50
66
79
95
107
127
143
150
160
162
161
152
138
117
88
60
24
-16
-57
-89
-116
-142
-165
-185
-197
-206
-214
-219
-221
-221
-223
-220
-216
-215
-208
-205
-202
-193
-183
-178
-169
-153
-134
-108
-81
-61
-37
-15
11
37
57
74
88
98
107
109
110
103
88
78
65
58
45
31
23
21
28
28
36
44
49
56
62
69
75
83
93
104
113
115
114
118
120
119
113
111
114
113
114
109
108
107
98
89
80
70
67
61
53
46
34
19
6
-10
-26
-36
-53
-69
-76
-83
-96
-102
-112
-117
-122
-123
-120
-118
-114
-114
-113
-103
-92
-81
-70
-63
-51
-32
-14
1
9
23
42
57
74
84
95
103
106
104
97
89
78
72
64
48
33
10
-5
-25
-44
-58
-76
-90
-113
-131
-149
-163
-172
-183
-193
-200
-197
-192
-188
-179
-162
-142
-123
-102
-75
-39
-2
35
74
109
136
166
194
216
235
247
260
268
273
275
267
263
250
236
215
194
161
120
88
60
32
0
-31
-63
-100
-134
-160
-185
-206
-222
-232
-242
-246
-245
-241
-226
-204
-187
-166
-145
-121
-91
-64
-37
-7
23
52
73
101
124
147
165
184
200
210
225
225
229
227
218
213
199
183
159
135
119
95
72
49
24
-1
-34
-61
-88
-119
-145
-170
-187
-197
-199
-202
-202
-200
-202
-187
-169
-152
-126
-109
-86
-65
-48
-32
-11
14
34
51
70
88
103
111
122
133
143
146
144
132
121
116
108
99
81
62
41
13
-11
-31
-51
-73
-93
-119
-142
-156
-171
-174
-176
-181
-183
-182
-183
-179
-171
-158
-136
-112
-82
-58
-35
-13
16
47
77
107
127
141
159
173
182
182
179
172
165
162
152
144
131
122
108
95
88
74
57
52
42
31
24
15
7
0
-14
-27
-31
-38
-49
-57
-63
-62
-54
-42
-28
-14
3
23
45
73
101
124
140
158
163
164
169
171
164
151
134
116
98
74
46
18
-4
-28
-48
-72
-88
-96
-108
-114
-126
-135
-146
-151
-155
-162
-161
-167
-171
-173
-184
-185
-187
-185
-176
-161
-132
-109
-79
-43
-19
19
54
85
109
132
154
160
171
176
170
166
153
144
130
115
98
79
62
40
19
0
-13
-21
-31
-44
-55
-64
-74
-87
-94
-98
-101
-107
-111
-114
-113
-116
-109
-99
-85
-69
-49
-32
-12
14
33
59
79
96
111
121
138
150
159
163
158
152
138
123
106
90
76
56
40
16
-10
-32
-53
-71
-90
-108
-128
-148
-165
-174
-178
-180
-182
-181
-179
-183
-171
-157
-141
-117
-94
-69
-53
-31
-5
20
47
71
101
115
131
144
152
167
176
189
192
190
190
187
185
175
172
166
141
115
88
59
38
19
-8
-37
-68
-95
-115
-133
-140
-143
-153
-160
-168
-176
-183
-173
-162
-144
-123
-113
-91
-72
-47
-19
5
31
53
70
83
92
111
128
134
140
134
133
127
122
116
107
100
82
62
40
15
-8
-31
-50
-71
-90
-108
-134
-146
-160
-167
-172
-182
-187
-188
-189
-189
-175
-161
-152
-137
-115
-98
-78
-58
-41
-22
5
28
49
72
91
105
120
131
136
145
152
153
157
161
155
149
146
133
111
97
78
61
43
27
10
-18
-40
-67
-89
-109
-134
-154
-172
-181
-191
-199
-208
-209
-201
-191
-179
-163
-146
-123
-98
-73
-47
-24
-2
17
36
54
69
79
92
99
108
111
108
108
108
110
102
94
87
74
59
43
31
18
3
-16
-38
-52
-67
-74
-79
-93
-98
-101
-109
-105
-97
-87
-80
-70
-57
-43
-21
-7
8
25
34
51
61
68
78
85
96
105
113
117
118
123
117
121
123
121
121
116
109
97
101
99
88
79
63
50
39
26
15
1
-8
-20
-39
-53
-62
-62
-61
-55
-57
-59
-53
-55
-53
-47
-42
-36
-31
-29
-30
-27
-22
-18
-12
-11
-12
-8
-5
-5
-5
-5
-8
-10
-14
-27
-38
-46
-54
-62
-67
-72
-83
-93
-103
-107
-104
-98
-90
-86
-84
-74
-62
-49
-39
-22
-10
-4
5
18
30
41
59
71
80
95
100
108
113
115
119
119
121
123
119
118
111
109
106
94
87
75
67
54
44
30
15
5
-15
-31
-46
-55
-59
-64
-65
-57
-51
-43
-34
-25
-10
4
17
30
34
39
45
49
54
61
65
68
70
67
67
70
74
79
81
79
75
69
62
55
46
37
20
6
-20
-45
-61
-79
-102
-120
-134
-148
-160
-168
-173
-175
-170
-170
-166
-162
-156
-152
-146
-133
-121
-107
-92
-80
-70
-61
-53
-39
-19
-1
15
32
46
65
86
99
120
133
147
153
156
166
167
162
154
145
134
113
90
74
50
32
15
0
-21
-35
-51
-69
-78
-87
-90
-91
-96
-100
-105
-106
-104
-105
-99
-97
-92
-81
-71
-58
-44
-28
-12
9
27
43
57
72
89
98
105
107
105
100
92
83
76
66
52
32
22
11
-2
-12
-21
-30
-41
-47
-53
-59
-62
-68
-72
-76
-78
-84
-95
-105
-112
-109
-109
-108
-103
-96
-80
-68
-55
-36
-25
-8
7
24
43
59
73
80
84
90
89
87
84
80
77
75
71
66
63
55
52
56
59
61
62
65
64
63
61
57
55
48
36
26
16
7
-3
-13
-20
-24
-29
-34
-32
-28
-22
-7
4
15
23
29
35
37
40
34
27
20
8
-3
-11
-19
-25
-28
-34
-43
-46
-39
-29
-17
-10
-8
-4
3
3
-1
-4
-6
-11
-20
-29
-39
-44
-53
-57
-57
-57
-55
-50
-49
-47
-32
-12
5
21
36
48
60
73
76
76
78
70
63
56
43
38
33
26
21
17
16
16
14
18
21
24
32
28
24
23
15
16
14
4
-6
-18
-26
-34
-44
-51
-57
-55
-51
-46
-39
-30
-21
-9
3
13
27
36
38
41
37
36
31
21
10
-7
-23
-32
-44
-54
-55
-56
-50
-48
-45
-38
-32
-24
-21
-18
-16
-13
-13
-19
-25
-29
-35
-42
-51
-64
-76
-84
-86
-83
-78
-73
-67
-58
-42
-30
-13
6
19
34
41
46
52
55
55
50
48
41
35
33
27
21
23
24
23
21
23
24
29
33
35
38
34
26
22
21
22
17
10
-2
-9
-8
-9
-5
-2
2
6
14
22
31
44
55
66
72
75
76
75
68
56
44
32
21
12
3
-3
-7
-12
-14
-14
-11
-11
-11
-8
-10
-13
-15
-21
-28
-33
-42
-52
-66
-77
-86
-91
-101
-108
-109
-108
-107
-105
-101
-91
-79
-69
-59
-44
-29
-22
-16
-13
-13
-12
-8
-10
-12
-12
-12
-13
-12
-5
3
12
19
24
29
38
45
48
50
50
48
44
38
29
27
20
13
8
1
1
-1
-1
4
7
13
22
31
46
59
72
76
81
85
86
87
85
79
69
64
56
46
40
34
30
31
29
30
30
32
35
35
38
42
39
34
29
22
18
10
0
-10
-21
-33
-46
-54
-62
-73
-77
-78
-80
-79
-76
-78
-77
-72
-68
-64
-62
-62
-59
-55
-52
-51
-48
-47
-44
-41
-36
-30
-23
-15
-10
-3
4
11
19
23
21
20
19
16
15
13
9
8
3
-7
-13
-17
-19
-22
-22
-23
-23
-23
-22
-19
-13
-7
-5
-2
0
1
7
11
12
16
17
19
26
30
35
41
45
47
51
56
62
65
69
70
70
71
73
74
73
69
64
58
54
49
45
40
32
27
21
17
11
6
0
-5
-9
-14
-18
-21
-24
-26
-31
-31
-34
-31
-30
-32
-29
-27
-24
-18
-14
-8
0
2
4
4
7
10
11
13
12
10
6
4
1
-1
-6
-11
-19
-27
-31
-36
-41
-48
-54
-58
-62
-65
-67
-68
-71
-75
-77
-79
-77
-73
-73
-70
-66
-62
-57
-51
-43
-35
-30
-23
-17
-9
1
9
16
26
33
43
51
56
60
64
67
70
69
71
74
73
74
71
67
66
62
57
53
48
42
33
27
22
17
12
8
3
-1
-4
-7
-9
-10
-10
-9
-8
-6
-1
6
10
14
19
24
31
36
41
44
46
48
49
50
54
56
55
53
48
44
43
40
35
31
25
18
10
1
-5
-12
-22
-31
-41
-49
-58
-66
-73
-81
-86
-91
-96
-98
-102
-103
-104
-104
-102
-99
-92
-85
-80
-69
-61
-55
-48
-41
-30
-20
-12
-4
4
10
17
24
30
35
39
41
41
42
41
41
39
36
30
28
24
19
14
8
3
-2
-7
-9
-11
-12
-14
-17
-16
-12
-8
-3
0
3
7
13
19
24
32
38
44
47
54
58
64
68
70
75
80
86
91
93
96
98
97
93
90
86
78
68
59
48
37
26
15
3
-6
-18
-29
-41
-52
-60
-66
-72
-76
-81
-83
-84
-85
-83
-80
-77
-73
-70
-66
-59
-54
-50
-43
-35
-27
-18
-10
-3
5
10
15
19
22
25
25
24
22
17
13
9
2
-4
-10
-18
-25
-32
-39
-44
-50
-53
-56
-56
-55
-54
-52
-49
-43
-36
-28
-21
-15
-6
-1
6
12
16
22
29
34
39
45
51
58
65
71
79
86
91
96
98
100
101
98
94
89
82
72
63
51
39
26
14
3
-9
-18
-27
-36
-43
-50
-54
-56
-57
-56
-56
-56
-55
-53
-48
-44
-38
-32
-28
-22
-17
-9
-1
5
12
21
26
32
38
41
44
46
45
46
45
41
37
29
20
12
1
-10
-19
-32
-43
-55
-66
-74
-82
-87
-90
-92
-94
-93
-91
-88
-81
-76
-68
-62
-56
-45
-39
-31
-22
-13
-5
4
10
19
28
35
45
53
61
69
77
83
89
93
96
97
95
92
88
81
72
62
51
40
29
16
3
-8
-17
-25
-33
-40
-44
-49
-52
-53
-53
-50
-47
-45
-40
-37
-31
-24
-18
-11
-2
5
11
19
25
31
39
45
50
56
60
63
65
66
66
64
60
54
48
39
31
19
6
-5
-17
-29
-42
-53
-62
-72
-79
-84
-90
-90
-93
-94
-93
-91
-87
-82
-76
-71
-64
-56
-49
-40
-32
-23
-13
-4
5
14
23
33
40
47
53
61
66
68
70
72
75
70
66
61
55
49
39
29
20
11
0
-9
-19
-26
-33
-39
-45
-47
-51
-52
-53
-52
-51
-47
-44
-39
-36
-30
-25
-20
-13
-6
2
10
19
26
35
43
49
55
62
66
69
71
72
71
70
66
62
56
50
43
34
25
17
7
-1
-9
-17
-24
-31
-37
-44
-49
-52
-57
-61
-62
-61
-61
-60
-58
-53
-48
-43
-37
-31
-25
-16
-10
-1
7
16
22
27
32
37
42
45
47
49
49
48
47
43
43
39
34
29
21
14
8
2
-7
-15
-22
-29
-34
-40
-46
-49
-53
-56
-58
-58
-56
-55
-54
-52
-49
-44
-39
-33
-27
-22
-16
-11
-4
0
6
12
17
22
27
30
34
35
35
37
36
38
36
34
31
29
25
22
19
14
9
3
-3
-7
-11
-14
-17
-21
-25
-27
-28
-30
-30
-31
-30
-29
-27
-22
-20
-18
-14
-13
-10
-5
0
4
7
9
12
15
15
17
18
20
19
20
21
21
22
20
20
19
18
17
15
16
12
10
8
4
0
-2
-6
-8
-10
-12
-12
-14
-14
-13
-13
-11
-9
-7
-3
1
3
7
10
10
10
10
9
9
9
9
9
9
10
10
9
8
9
8
8
9
10
9
9
7
4
2
0
-3
-6
-9
-11
-14
-17
-20
-20
-20
-20
-21
-21
-19
-18
-15
-14
-12
-9
-8
-6
-6
-5
-4
-1
0
0
2
2
3
1
2
4
5
4
5
6
8
8
7
7
7
5
5
5
4
3
3
1
1
0
-1
-2
-2
-3
-3
-2
-2
0
3
5
7
10
12
17
19
21
23
27
28
27
28
29
27
25
24
23
21
17
16
15
11
8
4
2
-1
-5
-7
-10
-15
-17
-22
-26
-30
-34
-36
-39
-42
-43
-45
-45
-44
-44
-42
-39
-35
-31
-27
-22
-18
-13
-9
-4
1
5
8
11
13
16
19
20
23
24
25
26
26
26
26
25
24
22
20
19
16
14
12
10
8
6
4
3
-1
-3
-3
-3
-3
-4
-2
-1
-1
1
2
5
6
9
13
15
17
20
24
25
27
29
29
28
26
24
23
20
17
12
8
2
-2
-8
-12
-14
-17
-21
-26
-27
-32
-35
-37
-40
-42
-43
-46
-47
-47
-47
-46
-44
-43
-40
-36
-31
-25
-18
-12
-5
3
9
16
22
28
33
37
41
44
45
46
47
46
46
45
43
41
39
35
32
28
25
21
16
10
6
3
-4
-8
-13
-16
-20
-24
-26
-28
-29
-28
-28
-27
-27
-23
-20
-18
-12
-8
-3
2
9
14
19
23
25
28
31
34
36
35
36
36
34
31
28
25
21
17
14
8
3
-2
-6
-12
-16
-20
-25
-29
-33
-37
-42
-44
-45
-46
-47
-46
-47
-45
-40
-36
-30
-23
-17
-9
-1
9
18
27
35
42
50
56
61
66
71
74
75
77
75
75
73
70
66
61
54
49
40
33
26
17
9
0
-9
-18
-26
-34
-41
-49
-55
-59
-64
-67
-69
-69
-68
-66
-64
-59
-54
-49
-41
-36
-27
-19
-10
-3
5
14
21
28
35
42
47
52
55
58
59
59
57
55
53
48
43
38
32
25
19
11
3
-5
-12
-20
-27
-33
-38
-42
-45
-49
-50
-52
-51
-51
-49
-45
-41
-35
-30
-24
-16
-10
-2
5
13
19
26
32
38
44
49
51
54
55
57
57
54
52
49
45
38
34
28
22
14
6
-2
-11
-19
-27
-33
-39
-45
-50
-54
-58
-60
-60
-60
-59
-57
-54
-51
-45
-41
-34
-28
-22
-16
-9
-2
5
12
18
26
32
35
40
43
46
49
50
50
48
45
44
40
37
30
24
18
9
2
-5
-12
-19
-25
-30
-36
-40
-44
-45
-47
-46
-47
-47
-45
-42
-39
-34
-31
-25
-19
-15
-9
-4
1
5
12
15
21
25
28
33
35
37
38
38
37
34
31
28
22
17
10
5
-1
-9
-16
-21
-29
-35
-39
-44
-48
-51
-54
-57
-56
-56
-56
-53
-51
-47
-42
-37
-34
-26
-21
-14
-8
1
7
16
22
27
36
41
44
50
55
58
60
59
58
56
52
47
40
34
26
20
12
4
-4
-12
-20
-27
-32
-38
-43
-48
-54
-56
-58
-60
-62
-62
-63
-63
-59
-58
-55
-51
-46
-41
-33
-26
-17
-8
1
8
16
24
32
37
43
49
50
52
53
52
51
47
43
38
34
29
22
16
10
6
-1
-7
-11
-16
-20
-26
-30
-32
-36
-39
-43
-44
-45
-46
-47
-45
-43
-39
-35
-30
-25
-15
-10
-3
6
12
17
23
28
32
35
39
38
42
43
40
40
38
36
33
32
26
23
18
14
11
6
0
-6
-8
-14
-20
-23
-29
-33
-36
-40
-43
-44
-46
-46
-46
-45
-42
-36
-33
-29
-22
-20
-14
-9
-3
0
3
6
7
10
12
12
14
15
16
17
18
18
18
17
16
17
15
14
10
8
7
5
2
-1
-5
-8
-10
-13
-15
-17
-17
-17
-17
-17
-15
-12
-10
-7
-5
-2
0
3
4
6
9
10
10
12
12
11
12
10
8
9
8
6
6
6
3
4
2
1
-1
-1
-4
-5
-4
-6
-7
-10
-11
-13
-14
-14
-15
-13
-14
-13
-10
-10
-7
-5
-6
-3
-2
1
2
5
6
7
9
8
8
7
8
6
7
7
5
4
1
0
0
-1
-2
-1
-2
-1
-3
-3
-6
-6
-8
-9
-8
-10
-10
-10
-10
-10
-9
-7
-6
-6
-3
-1
1
3
6
7
8
10
13
15
17
19
22
22
24
22
22
22
19
18
15
14
10
7
4
2
0
-3
-6
-9
-13
-14
-19
-22
-26
-28
-30
-31
-32
-32
-31
-31
-30
-29
-25
-24
-21
-17
-13
-8
-2
3
8
13
17
22
26
29
32
35
36
35
34
33
32
31
30
26
24
19
15
12
6
1
-4
-9
-14
-20
-22
-27
-32
-35
-38
-37
-39
-39
-37
-35
-33
-31
-27
-23
-18
-13
-7
0
7
12
20
24
29
35
40
44
48
48
49
51
48
48
46
45
42
40
36
31
25
19
13
7
0
-7
-12
-19
-27
-33
-39
-44
-49
-51
-54
-57
-59
-59
-58
-56
-54
-51
-47
-42
-36
-27
-21
-12
-6
2
9
16
23
30
36
41
45
49
52
55
55
57
58
58
56
54
51
45
40
34
25
18
11
4
-3
-13
-20
-27
-35
-42
-46
-50
-54
-57
-56
-57
-57
-56
-53
-50
-44
-39
-31
-23
-18
-10
-3
4
10
16
24
31
37
43
49
53
56
59
61
61
61
61
59
55
50
43
36
29
21
14
6
-2
-9
-17
-24
-31
-39
-44
-48
-51
-54
-55
-55
-56
-55
-53
-51
-50
-47
-43
-39
-33
-27
-22
-16
-11
-5
2
7
14
22
28
33
37
41
44
45
47
47
48
46
45
42
38
33
28
22
15
10
5
0
-5
-12
-15
-20
-26
-29
-30
-32
-33
-32
-31
-31
-31
-29
-27
-24
-20
-17
-14
-10
-6
-1
2
6
10
13
18
23
27
31
34
36
37
38
40
39
38
36
35
29
25
21
15
10
4
-1
-7
-12
-15
-19
-23
-28
-29
-30
-32
-33
-31
-30
-28
-27
-26
-23
-20
-17
-13
-9
-6
-3
1
3
6
8
12
13
15
16
18
18
18
16
15
13
10
8
7
4
2
-2
-5
-9
-11
-15
-17
-19
-21
-21
-23
-26
-27
-28
-26
-24
-23
-20
-16
-13
-10
-5
-1
4
10
15
20
26
29
32
36
38
38
38
37
35
33
31
27
23
20
15
9
5
1
-3
-6
-10
-14
-17
-19
-23
-25
-28
-31
-31
-33
-34
-35
-34
-34
-31
-30
-27
-24
-21
-17
-12
-6
-2
4
9
15
21
25
30
35
37
39
42
43
41
38
38
35
30
25
19
14
8
2
-4
-9
-15
-20
-24
-26
-30
-33
-34
-36
-36
-36
-36
-35
-32
-31
-28
-24
-22
-17
-12
-8
-3
2
8
15
21
25
32
37
42
45
49
53
55
56
56
56
53
49
44
39
32
25
16
8
0
-9
-17
-24
-32
-38
-43
-49
-51
-53
-55
-55
-56
-55
-54
-51
-48
-44
-39
-33
-27
-22
-17
-11
-4
2
11
17
24
30
36
41
45
50
53
54
54
55
54
49
46
40
36
29
21
14
7
-3
-12
-19
-27
-34
-41
-47
-54
-58
-60
-61
-61
-60
-59
-56
-52
-47
-40
-33
-25
-17
-10
-2
6
16
24
31
37
44
49
52
56
59
61
60
60
58
54
51
45
38
32
24
17
9
2
-7
-13
-20
-26
-32
-38
-43
-47
-51
-54
-54
-55
-54
-54
-52
-48
-42
-37
-30
-23
-17
-11
-4
5
12
18
25
29
35
39
44
46
49
51
49
48
48
45
42
36
31
27
20
13
6
-1
-9
-14
-22
-27
-34
-39
-42
-46
-47
-50
-51
-49
-47
-46
-42
-38
-34
-30
-26
-18
-11
-5
1
8
15
21
27
33
37
41
45
48
50
51
50
49
46
44
40
37
32
28
21
15
10
5
-2
-8
-13
-17
-22
-27
-29
-31
-33
-35
-34
-34
-31
-30
-28
-25
-20
-17
-13
-8
-4
1
5
10
14
18
20
23
26
28
28
28
28
27
27
25
22
18
16
11
8
3
-2
-5
-9
-13
-16
-18
-20
-22
-24
-26
-27
-28
-27
-29
-28
-27
-25
-24
-22
-18
-15
-10
-7
-1
5
8
13
19
24
29
33
36
37
40
41
42
41
41
39
36
35
32
26
23
19
14
8
3
-1
-5
-9
-12
-14
-17
-19
-20
-21
-22
-23
-24
-24
-24
-24
-24
-22
-21
-19
-18
-12
-9
-5
0
3
9
12
17
18
23
25
25
27
28
27
27
24
22
20
15
11
7
4
0
-5
-8
-12
-15
-18
-22
-24
-25
-26
-27
-28
-29
-30
-31
-32
-31
-32
-31
-29
-29
-27
-23
-18
-15
-10
-5
1
5
10
15
19
23
26
29
31
32
32
33
31
29
28
25
21
18
15
11
7
2
-2
-5
-10
-13
-16
-17
-21
-25
-27
-31
-32
-34
-35
-37
-38
-37
-36
-35
-34
-32
-30
-26
-22
-19
-15
-10
-6
-2
2
6
9
11
14
16
17
18
18
19
18
20
17
17
16
14
13
13
11
9
8
5
3
4
2
-1
-3
-4
-5
-7
-7
-9
-10
-10
-10
-9
-9
-8
-7
-6
-5
-4
-1
0
1
3
4
6
8
8
10
11
10
12
14
14
16
16
15
16
17
18
18
17
16
16
14
13
12
9
8
6
4
1
0
-2
-2
-5
-6
-7
-8
-9
-10
-10
-9
-9
-9
-10
-11
-10
-10
-12
-11
-11
-10
-11
-10
-9
-8
-6
-2
-1
1
4
6
8
10
12
15
15
14
16
17
17
17
17
18
18
17
18
18
17
16
15
14
14
14
13
12
10
10
8
6
3
1
0
-2
-3
-3
-5
-5
-5
-6
-5
-4
-5
-4
-4
-5
-4
-4
-3
-3
-3
-2
-1
0
-1
1
2
3
4
5
5
7
8
9
10
10
9
9
10
9
9
6
5
5
3
2
2
0
0
1
0
0
0
0
0
-1
-1
-1
0
-1
-2
-3
-4
-5
-6
-8
-9
-11
-11
-11
-12
-11
-10
-9
-9
-8
-8
-8
-7
-6
-7
-6
-7
-6
-6
-6
-5
-4
-5
-5
-6
-4
-2
-2
1
2
5
6
6
8
9
9
10
9
8
7
7
4
2
1
0
-1
-3
-4
-5
-5
-6
-6
-7
-7
-8
-7
-7
-7
-8
-8
-10
-11
-11
-12
-13
-12
-11
-12
-11
-11
-7
-7
-4
-1
2
3
5
6
9
9
10
10
9
8
7
5
5
3
1
0
-1
-2
-3
-4
-6
-6
-6
-6
-9
-10
-10
-11
-13
-14
-15
-17
-19
-19
-17
-18
-18
-17
-16
-13
-11
-9
-7
-5
-2
1
3
4
5
7
8
9
11
11
12
12
13
14
14
14
15
16
15
16
14
14
13
12
10
8
6
6
3
1
-2
-4
-7
-7
-8
-8
-9
-10
-10
-8
-9
-8
-6
-6
-6
-5
-3
-3
-2
-1
1
1
2
3
5
6
7
9
12
13
15
17
18
17
18
19
18
17
16
16
12
10
8
7
4
2
2
0
-2
-4
-4
-5
-5
-4
-6
-5
-6
-6
-7
-7
-8
-8
-9
-11
-11
-10
-9
-7
-7
-4
-3
-2
1
3
5
6
8
10
10
11
11
11
11
11
12
11
9
9
9
6
6
6
5
4
4
4
3
0
0
-2
-2
-5
-5
-7
-9
-10
-10
-11
-11
-11
-10
-10
-9
-8
-7
-6
-6
-3
-2
-1
-1
0
2
3
3
5
7
6
6
7
7
7
8
10
10
10
10
10
10
10
9
9
7
5
4
2
0
-1
-2
-4
-5
-6
-7
-8
-9
-9
-8
-8
-7
-7
-8
-7
-6
-5
-5
-5
-4
-4
-3
-3
-2
-2
-2
-1
1
0
2
3
4
5
5
7
8
6
6
5
6
4
4
4
4
2
0
-1
-2
-4
-3
-3
-4
-4
-4
-5
-5
-6
-5
-5
-5
-3
-4
-5
-6
-5
-4
-5
-4
-5
-4
-4
-3
-2
-2
-1
0
2
1
1
2
3
4
5
5
3
1
2
2
3
3
3
3
3
1
2
1
2
2
3
2
0
-1
0
0
0
0
0
-2
-2
-3
-2
-1
-1
-1
-2
-1
-2
0
1
0
0
1
1
-1
0
-2
-1
-2
-2
-2
-3
-3
-4
-3
-5
-3
-3
-4
-2
-1
-2
-2
-1
0
0
0
1
0
0
0
-1
-1
0
0
1
1
1
1
2
2
4
4
4
3
2
2
3
3
2
1
1
-1
-3
-3
-3
-4
-4
-4
-5
-6
-6
-5
-5
-5
-5
-5
-5
-6
-5
-4
-3
-4
-3
-2
-3
-2
1
2
2
2
3
3
3
5
7
7
7
9
8
8
9
10
10
10
9
9
7
7
8
8
7
6
5
4
3
3
3
1
-1
-2
-3
-5
-5
-6
-6
-7
-9
-8
-8
-8
-8
-6
-6
-7
-7
-6
-5
-4
-4
-4
-3
-4
-2
-1
-1
0
0
1
1
2
2
3
3
4
4
5
4
3
4
3
2
2
1
0
0
1
0
-1
-2
-3
-4
-4
-5
-5
-5
-6
-6
-6
-6
-6
-5
-5
-5
-5
-5
-6
-5
-4
-3
-3
-3
-1
0
0
0
2
3
4
4
3
3
4
4
5
4
3
2
1
2
1
1
1
1
0
1
0
0
0
1
0
0
0
1
0
1
3
3
1
0
0
2
2
2
3
3
4
3
4
5
5
5
5
3
3
3
2
3
3
3
3
2
1
1
0
1
1
-1
-2
-2
-2
-2
-3
-4
-3
-4
-5
-5
-3
-3
-3
-2
-3
-3
-3
-3
-1
-2
-1
-1
-1
-1
-1
-1
0
-1
0
-1
0
0
0
0
-2
-3
-3
-2
-3
-2
-2
-2
-2
-3
-3
-4
-3
-4
-3
-4
-5
-5
-4
-3
-2
-1
-1
-2
-2
-2
-2
-1
-1
-1
0
1
3
4
5
5
5
4
4
2
4
4
2
4
3
2
1
1
0
-1
-2
-4
-4
-5
-5
-6
-6
-7
-7
-8
-9
-10
-9
-10
-10
-9
-9
-8
-6
-5
-4
-5
-4
-3
-3
0
0
4
5
7
8
9
9
10
10
11
11
12
12
14
14
13
15
15
15
15
13
11
10
10
8
5
5
4
4
3
2
1
0
-1
-2
-3
-2
-4
-4
-5
-4
-5
-3
-4
-2
-2
-3
-2
-1
-1
-1
0
1
2
2
3
3
4
4
3
4
2
4
4
3
2
3
2
1
1
0
-1
-2
-3
-4
-5
-4
-5
-4
-4
-4
-4
-5
-5
-5
-6
-7
-7
-8
-5
-5
-4
-3
-3
-2
-3
-2
-3
-1
-1
0
1
3
5
5
7
7
6
7
7
7
8
8
8
8
7
7
7
6
6
5
4
3
3
3
2
1
-1
-2
-4
-4
-5
-5
-5
-5
-6
-6
-7
-7
-8
-7
-6
-6
-6
-7
-6
-5
-5
-5
-4
-4
-4
-5
-4
-4
-2
-3
-5
-4
-4
-4
-4
-4
-3
-2
-2
-2
0
-1
0
0
-1
-1
-2
-1
0
1
1
1
2
4
4
5
4
5
4
5
4
6
7
7
8
7
8
8
7
7
7
7
7
6
6
6
5
5
4
4
3
2
2
2
1
1
1
0
-1
-2
-3
-4
-4
-4
-3
-4
-3
-4
-4
-6
-5
-6
-5
-4
-4
-4
-4
-5
-4
-4
-3
-3
-3
-3
-3
-3
-3
-1
-2
0
-1
0
-1
0
0
1
0
1
0
1
0
0
0
0
0
0
-1
-1
-1
0
0
1
1
1
1
1
0
0
-1
-1
0
0
1
0
1
2
0
1
-1
0
-1
-1
0
2
1
1
2
1
0
-1
-2
-2
-2
-2
-2
-1
0
-1
-1
-1
-1
-1
-2
-3
-2
-1
-1
-1
-3
-3
-3
-2
-3
-4
-3
-3
-2
0
1
2
1
2
1
1
3
3
3
3
5
5
6
5
5
6
5
6
6
7
6
7
7
7
9
8
8
8
8
7
7
7
7
7
8
7
8
7
7
6
5
5
7
6
6
6
4
5
5
3
3
2
2
1
0
1
0
0
-1
-2
-3
-4
-3
-4
-4
-4
-5
-5
-5
-6
-7
-6
-7
-8
-8
-10
-9
-9
-8
-7
-8
-7
-7
-7
-7
-6
-7
-6
-5
-4
-4
-3
-4
-4
-4
-3
-4
-4
-4
-4
-4
-3
-2
-1
-2
-2
-3
-3
-1
-1
-1
-1
-1
0
0
2
2
2
2
2
2
3
4
5
5
5
4
4
5
6
6
6
6
6
7
8
7
7
7
6
7
8
7
8
7
7
5
5
4
4
3
3
3
3
4
1
1
0
-1
-1
-4
-3
-4
-5
-4
-3
-3
-4
-4
-4
-4
-6
-5
-6
-6
-6
-8
-7
-8
-7
-9
-8
-9
-11
-10
-10
-10
-9
-8
-8
-10
-9
-8
-8
-8
-8
-6
-5
-4
-4
-4
-3
-1
-1
-1
-1
0
0
1
4
4
5
5
5
5
5
6
7
8
8
8
9
10
10
10
10
10
9
9
8
7
7
7
5
6
5
5
5
4
4
3
3
3
3
3
3
1
2
1
1
0
-1
-1
-1
-2
-2
-3
-3
-4
-5
-4
-6
-6
-7
-6
-7
-6
-6
-6
-4
-6
-6
-7
-7
-6
-6
-5
-5
-5
-5
-6
-6
-5
-6
-6
-5
-5
-3
-3
-2
-2
-1
-2
-2
-1
0
1
2
3
4
4
4
4
4
5
4
4
4
4
2
3
4
4
5
5
6
5
6
6
6
6
7
8
6
6
6
6
6
5
6
4
4
5
4
2
2
0
-1
0
-2
-3
-2
-2
-2
-3
-2
-4
-5
-5
-5
-6
-5
-5
-5
-4
-3
-4
-3
-4
-3
-4
-4
-4
-4
-2
-2
-2
-3
-2
-1
1
1
1
2
2
2
3
4
4
2
2
2
2
2
2
2
3
2
4
4
4
3
2
2
1
1
1
1
1
2
0
1
0
-1
-1
0
0
-2
-2
-3
-3
-2
-2
-3
-2
-3
-3
-3
-4
-4
-4
-5
-5
-5
-6
-7
-6
-6
-5
-3
-3
-3
-3
-3
-2
-2
-2
-3
-3
-3
-2
-3
-2
-2
-1
-1
-1
-1
0
-1
-1
-1
-1
0
1
2
2
2
1
1
1
2
0
0
0
1
1
1
2
2
2
3
4
4
4
4
4
5
5
4
4
4
4
6
6
5
5
5
5
5
5
4
4
2
2
2
2
2
2
2
1
1
2
1
1
0
0
-1
-2
-3
-3
-4
-3
-3
-3
-3
-4
-4
-4
-4
-5
-5
-5
-6
-6
-6
-7
-5
-6
-6
-5
-4
-5
-6
-7
-7
-8
-6
-5
-7
-6
-5
-3
-2
-1
0
1
0
1
1
2
1
2
2
3
4
4
6
5
6
6
8
7
7
7
8
7
7
7
7
7
7
7
7
6
6
4
4
3
2
2
1
1
1
1
0
2
0
0
0
0
-2
-2
-2
-5
-4
-3
-4
-3
-3
-2
-2
-1
0
0
-1
-1
-1
-1
-3
-1
-2
-1
-1
0
1
0
1
1
1
2
1
1
2
1
3
3
4
4
4
4
6
7
5
6
7
6
5
6
6
7
6
6
7
6
6
5
6
6
5
5
3
3
3
3
4
5
4
4
3
0
1
0
1
0
-1
-1
-3
-3
-2
-2
-2
-3
-1
-3
-3
-3
-5
-6
-6
-6
-6
-7
-6
-6
-7
-7
-7
-6
-6
-4
-5
-4
-5
-6
-6
-5
-5
-5
-4
-5
-5
-6
-4
-3
-2
-2
-1
-1
0
-1
1
2
2
5
4
4
4
5
5
6
6
7
6
5
4
6
6
6
4
5
5
6
7
6
5
5
3
3
3
3
3
1
0
0
-1
-2
-1
-4
-5
-7
-7
-8
-9
-10
-10
-10
-11
-12
-12
-14
-13
-15
-15
-14
-15
-14
-16
-16
-16
-16
-16
-14
-15
-15
-14
-13
-13
-13
-12
-12
-11
-10
-10
-10
-8
-7
-5
-3
-1
-1
1
2
4
5
6
7
7
8
9
10
10
10
12
13
13
13
13
14
14
14
14
13
15
15
15
15
15
14
14
14
14
