-6
-6
-6
-6
-6
-4
-4
-3
-1
1
2
3
4
3
2
2
1
0
1
1
2
3
2
3
3
5
8
8
9
10
11
12
11
12
11
10
9
8
7
5
5
2
1
-1
-1
1
2
4
6
6
5
4
4
4
3
2
-1
-3
-5
-8
-9
-11
-12
-11
-11
-10
-7
-6
-3
-2
-1
-1
-1
-2
-2
-4
-5
-6
-8
-8
-9
-9
-9
-7
-6
-6
-3
1
3
4
6
7
8
9
8
8
6
5
3
3
1
2
2
1
3
4
5
6
10
11
11
13
12
11
11
11
9
7
4
0
-1
-3
-3
-4
-4
-5
-4
-2
-1
-2
-1
-1
-1
-2
-3
-4
-5
-7
-9
-11
-12
-13
-12
-12
-13
-13
-12
-9
-9
-7
-5
-4
-3
-3
-3
-4
-4
-4
-5
-5
-6
-6
-5
-4
-4
-3
-3
-1
0
2
4
4
6
9
7
8
9
9
8
8
8
8
7
7
7
7
7
6
7
7
8
9
10
10
9
9
9
7
7
6
5
3
2
2
0
-2
-3
-3
-3
-2
-1
-1
1
1
0
1
1
-1
-1
-4
-5
-7
-9
-9
-10
-11
-12
-12
-12
-11
-10
-7
-5
-3
-2
-1
-1
-1
-2
-3
-3
-4
-5
-7
-8
-7
-7
-4
-4
-3
-1
1
3
5
7
6
8
8
7
6
6
3
4
3
2
1
1
3
3
2
4
6
8
9
9
8
7
6
5
5
3
2
0
-1
-2
-3
-3
-3
-3
-3
-2
-3
-2
-2
-2
-3
-2
-4
-4
-6
-7
-7
-8
-10
-11
-12
-12
-12
-11
-11
-10
-7
-7
-5
-3
-3
-2
-1
-2
-2
-2
-3
-2
-2
-3
-2
-2
-2
-1
-1
1
2
3
4
4
4
5
5
5
6
6
5
5
4
4
3
2
1
1
1
0
2
2
3
3
4
4
4
4
3
3
2
1
1
0
-1
-2
-2
-2
-2
-1
-2
-1
-1
-1
-1
0
0
-1
0
-1
-1
-1
-2
-2
-3
-4
-4
-3
-2
-2
-2
-2
-1
0
1
1
3
3
4
4
4
3
3
3
3
2
2
3
2
2
3
4
3
4
4
4
4
4
5
4
5
4
3
3
2
1
1
-1
0
-2
-2
-2
0
-1
0
1
0
-1
0
0
-1
-1
-2
-2
-3
-3
-4
-4
-4
-4
-4
-5
-4
-3
-4
-3
-3
-3
-2
-2
-2
-3
-4
-4
-4
-4
-5
-6
-7
-6
-6
-5
-4
-4
-3
-2
-1
-1
1
-1
-2
-3
-2
-3
-2
-3
-2
-1
-1
0
0
1
1
2
3
3
3
4
4
4
4
4
4
3
4
2
1
1
2
2
1
2
2
2
3
4
4
3
4
3
3
2
2
1
-1
-1
-1
-1
-1
-2
-2
0
-1
0
1
-1
0
-1
0
-1
0
0
1
0
0
0
0
1
-1
0
0
0
1
2
3
4
5
5
4
4
4
4
4
2
3
4
4
4
5
4
6
6
6
5
5
5
5
5
5
6
5
4
4
3
3
1
0
0
0
-1
-1
-2
-2
-2
-3
-3
-5
-4
-5
-6
-6
-6
-7
-8
-9
-9
-9
-9
-9
-9
-9
-7
-8
-8
-7
-6
-4
-4
-4
-4
-3
-2
-1
1
1
0
1
0
2
2
4
5
5
6
7
8
8
9
9
10
10
10
9
8
8
7
7
6
6
4
4
3
4
3
3
3
2
2
2
1
1
1
1
0
-2
-1
-2
-2
-4
-3
-4
-3
-2
-3
-2
-1
-1
0
0
1
1
2
2
2
2
2
2
0
2
1
2
2
2
2
4
5
6
5
6
6
6
7
7
8
8
7
6
6
5
4
5
4
5
5
4
5
6
6
5
6
5
5
4
3
4
2
3
2
2
1
1
2
3
1
1
2
2
2
1
1
2
2
2
2
2
1
0
-1
-2
-2
-1
-1
-2
0
0
0
1
0
0
1
2
2
0
0
1
1
1
0
-1
-1
0
-1
-1
0
0
0
0
1
1
3
3
4
4
4
4
5
6
4
5
5
5
5
5
6
6
6
7
7
7
8
8
8
7
7
5
4
3
2
1
1
0
-1
-2
-4
-3
-4
-5
-6
-7
-7
-8
-9
-10
-11
-11
-11
-12
-13
-13
-13
-13
-13
-13
-13
-11
-10
-9
-8
-6
-4
-3
-2
-2
1
2
4
5
5
6
9
10
11
11
11
13
14
15
16
18
19
20
20
21
21
21
20
19
19
18
18
17
16
15
13
12
12
12
10
10
8
8
6
5
4
4
2
1
-1
-1
-3
-4
-5
-5
-7
-7
-7
-7
-8
-8
-8
-8
-7
-7
-8
-8
-7
-8
-7
-7
-8
-7
-7
-7
-9
-7
-7
-5
-5
-5
-5
-5
-3
-4
-3
-3
-3
-3
-5
-3
-3
-2
-2
-2
-2
-2
-1
0
0
0
1
1
2
2
2
3
4
4
4
5
5
5
4
5
3
3
5
5
5
6
7
8
8
8
9
9
9
8
7
5
5
4
4
3
2
1
0
0
0
-1
-1
-1
-2
-2
-2
-2
-3
-4
-4
-5
-4
-6
-7
-8
-9
-10
-9
-9
-11
-11
-11
-11
-10
-11
-10
-9
-8
-7
-7
-7
-6
-6
-6
-4
-5
-3
-3
-1
-1
0
1
2
3
4
4
5
6
7
9
10
11
12
13
14
15
16
16
17
16
17
17
18
19
19
19
19
20
19
19
19
19
17
16
15
13
12
11
10
8
7
5
3
2
1
-1
-3
-5
-7
-8
-10
-11
-14
-14
-16
-17
-18
-20
-21
-20
-20
-21
-23
-24
-25
-25
-25
-25
-25
-25
-24
-23
-23
-22
-21
-21
-19
-18
-17
-16
-13
-11
-11
-9
-6
-5
-3
0
0
1
4
5
7
7
9
10
11
13
14
15
18
19
21
22
23
22
23
23
25
26
26
25
24
24
23
23
23
22
21
19
18
16
15
14
12
11
10
9
7
6
5
3
2
1
-2
-4
-7
-8
-10
-11
-14
-16
-17
-19
-20
-21
-23
-23
-24
-26
-25
-26
-26
-26
-26
-26
-28
-28
-28
-27
-26
-25
-23
-21
-19
-17
-15
-15
-13
-10
-9
-8
-6
-4
-2
1
3
5
8
10
12
14
15
18
20
21
22
23
25
27
26
27
26
27
27
27
26
26
25
24
24
23
21
20
18
17
16
15
15
13
12
11
9
6
4
2
0
-1
-4
-6
-8
-10
-12
-14
-16
-18
-19
-20
-22
-22
-23
-24
-23
-24
-25
-26
-26
-27
-27
-27
-27
-26
-27
-25
-25
-24
-23
-22
-20
-19
-18
-16
-15
-12
-11
-9
-7
-6
-4
-1
0
1
2
4
6
8
10
12
14
15
16
18
19
21
22
23
24
24
24
25
25
25
23
22
22
21
23
22
19
19
19
19
17
16
16
15
13
13
11
10
9
6
4
1
0
-3
-5
-7
-9
-11
-12
-13
-15
-15
-16
-17
-19
-20
-21
-22
-22
-23
-22
-23
-23
-24
-23
-24
-23
-22
-21
-20
-19
-17
-17
-16
-17
-15
-13
-11
-10
-9
-8
-7
-4
-1
-2
1
2
3
5
7
10
11
13
14
15
16
17
18
18
19
19
19
18
18
18
18
18
18
17
17
16
15
15
14
13
12
12
11
10
8
4
3
3
1
-1
-2
-3
-5
-7
-8
-8
-9
-11
-13
-13
-14
-15
-15
-17
-17
-18
-18
-19
-20
-20
-20
-20
-21
-20
-21
-21
-21
-20
-19
-19
-17
-16
-15
-13
-14
-11
-10
-8
-6
-6
-5
-4
-2
-1
0
2
3
4
5
6
7
9
12
11
12
12
13
14
14
15
16
17
16
17
17
17
17
16
16
16
15
15
14
13
12
11
12
11
11
10
9
8
8
9
8
7
6
5
4
4
3
0
0
-1
-2
-3
-4
-5
-5
-6
-5
-6
-6
-6
-7
-8
-8
-9
-10
-7
-9
-8
-9
-9
-9
-8
-7
-6
-5
-6
-5
-4
-4
-3
-2
-2
-1
-1
1
-1
0
2
3
3
4
4
6
6
6
8
9
10
11
12
12
12
13
13
13
13
13
12
12
12
12
12
13
13
12
11
11
11
10
10
8
8
7
5
3
2
2
1
1
0
-2
-2
-3
-4
-5
-5
-6
-7
-8
-9
-10
-11
-11
-12
-13
-12
-12
-13
-13
-13
-13
-12
-13
-11
-11
-11
-12
-12
-11
-10
-9
-10
-9
-9
-11
-9
-9
-9
-6
-7
-6
-6
-4
-2
-2
-2
0
0
1
2
3
4
5
5
7
7
8
8
8
9
11
12
12
12
11
9
10
11
9
9
8
8
8
7
7
8
9
7
8
6
5
5
6
6
4
3
2
2
1
0
0
0
0
-3
-2
-2
-3
-3
-4
-5
-6
-5
-6
-6
-6
-6
-7
-8
-8
-8
-9
-8
-8
-7
-6
-6
-6
-6
-6
-6
-5
-4
-4
-4
-4
-3
-4
-3
-1
-1
-1
1
0
0
1
2
2
2
2
3
4
3
3
4
4
5
4
5
6
7
8
7
8
8
8
8
8
8
8
8
8
6
7
7
6
7
6
5
5
5
4
2
3
2
0
0
-1
-1
-2
-3
-4
-5
-4
-4
-5
-6
-6
-6
-7
-6
-7
-7
-7
-7
-7
-8
-7
-7
-8
-8
-8
-9
-7
-6
-7
-6
-6
-5
-5
-6
-5
-4
-4
-3
-2
-1
0
0
1
2
2
4
5
6
6
6
7
9
9
9
10
9
8
9
8
8
9
8
8
8
8
8
8
8
8
8
7
6
6
7
7
6
6
5
5
5
4
3
2
1
-1
-1
-2
-2
-2
-2
-3
-3
-5
-4
-5
-5
-4
-5
-6
-6
-7
-7
-7
-6
-6
-6
-7
-5
-5
-7
-7
-6
-5
-4
-4
-4
-5
-4
-3
-2
-2
-2
-2
-2
-2
-2
-1
-1
0
0
0
1
0
2
2
3
4
4
5
4
4
5
5
6
5
5
5
5
4
4
4
4
4
3
3
2
1
1
0
0
-1
-1
-2
-3
-3
-4
-5
-4
-6
-6
-6
-6
-7
-7
-8
-8
-8
-8
-8
-7
-8
-9
-9
-9
-9
-8
-9
-7
-8
-8
-7
-7
-6
-6
-5
-5
-4
-5
-5
-4
-3
-2
-2
-1
0
0
1
2
3
3
4
5
5
5
4
3
4
5
5
6
7
6
7
6
6
7
6
6
6
7
7
6
5
6
6
5
6
6
5
5
4
3
3
2
2
2
2
0
-1
-3
-3
-2
-3
-2
-2
-3
-4
-4
-3
-2
-3
-3
-3
-3
-3
-4
-3
-3
-2
-1
0
0
-1
-1
-1
0
0
1
0
1
0
-1
1
0
0
0
0
0
-1
-2
-2
-2
-3
-3
-1
-1
-1
-2
-1
-1
-2
-1
-1
-1
-2
-2
-3
-3
-3
-3
-3
-4
-2
-3
-3
-3
-3
-3
-2
-2
-2
-2
-3
-4
-3
-3
-3
-3
-3
-3
-3
-4
-3
-4
-3
-3
-4
-4
-4
-4
-5
-4
-3
-3
-2
-2
-2
-1
0
0
3
2
2
2
2
2
2
2
2
3
2
2
2
2
2
1
2
1
2
2
3
3
2
2
2
2
3
2
0
0
1
1
2
3
3
4
3
3
4
2
3
3
3
3
4
4
4
4
5
5
4
5
7
6
4
4
5
4
4
3
4
4
4
4
3
4
3
3
4
3
3
2
2
2
1
2
2
3
2
0
0
0
0
-1
-1
-1
-2
-2
-4
-3
-2
-3
-5
-4
-5
-4
-7
-6
-5
-4
-4
-5
-5
-4
-5
-6
-5
-4
-3
-4
-4
-3
-2
-2
-3
-2
-1
-2
-2
-2
-1
-2
-1
-1
0
1
-1
0
0
0
0
-1
-1
0
-2
-2
-2
-1
-2
-2
-2
-1
-1
-2
-3
-2
-1
-1
-1
-1
0
-1
-1
-1
1
2
1
1
2
1
1
1
1
2
1
0
1
1
1
0
0
0
2
2
2
2
3
1
1
1
1
1
2
2
2
1
1
0
1
1
1
1
0
3
2
1
0
1
0
0
0
0
-1
-2
-3
-3
-3
-4
-5
-3
-5
-5
-6
-5
-5
-4
-6
-5
-5
-5
-5
-4
-2
-1
-2
0
0
0
1
1
2
2
2
3
4
5
5
5
7
6
8
9
9
10
10
11
10
10
10
10
9
9
8
8
8
8
7
7
5
4
4
3
1
0
-2
-3
-3
-5
-4
-6
-7
-9
-10
-11
-10
-10
-10
-11
-12
-12
-12
-12
-12
-11
-12
-11
-10
-9
-10
-8
-8
-9
-8
-8
-7
-6
-4
-3
-4
-2
-2
-1
0
1
2
3
4
4
3
4
4
4
4
5
5
6
4
5
5
6
6
6
4
4
5
5
5
4
4
4
3
3
5
5
4
6
6
6
6
7
7
7
7
8
8
8
8
9
10
10
10
10
11
10
11
10
11
11
10
9
9
7
6
4
4
4
2
1
0
-1
-4
-5
-7
-9
-10
-11
-12
-13
-13
-13
-16
-17
-17
-18
-18
-19
-18
-17
-18
-19
-17
-16
-16
-15
-16
-15
-14
-11
-9
-7
-5
-2
-1
1
4
5
7
9
11
13
13
15
16
18
20
20
20
21
21
22
23
23
22
21
21
20
19
18
16
15
12
10
8
5
3
1
-1
-3
-4
-6
-8
-10
-13
-14
-15
-17
-17
-19
-21
-20
-20
-21
-22
-22
-22
-23
-24
-23
-22
-19
-19
-17
-16
-16
-14
-13
-11
-10
-7
-6
-3
-3
-2
0
2
3
4
6
6
8
10
11
12
12
13
14
12
10
10
9
6
4
2
0
-1
-2
-2
-2
-1
-2
-2
-3
-4
-4
-4
-2
-1
-2
-2
-2
0
1
-1
0
0
0
2
4
4
4
4
5
4
6
6
6
7
6
7
6
6
8
9
9
8
8
8
5
3
1
-1
-1
-1
-4
-8
-13
-15
-16
-20
-25
-30
-35
-43
-52
-61
-69
-76
-81
-85
-87
-88
-85
-80
-77
-72
-67
-57
-47
-38
-29
-19
-7
3
12
21
31
41
54
66
77
90
103
113
122
127
132
135
136
133
130
124
118
110
100
92
82
73
62
55
46
41
36
29
21
14
9
4
-3
-9
-18
-28
-41
-56
-77
-100
-127
-155
-185
-213
-238
-259
-274
-287
-292
-285
-270
-253
-234
-214
-194
-173
-153
-138
-125
-110
-93
-71
-48
-23
12
53
96
141
189
234
276
307
325
334
334
328
317
297
273
251
237
224
215
211
212
220
229
237
241
240
235
224
204
179
150
121
93
64
32
3
-21
-47
-73
-102
-138
-176
-215
-259
-307
-355
-402
-439
-469
-493
-509
-509
-496
-473
-446
-412
-372
-324
-275
-230
-188
-143
-93
-37
16
64
113
170
226
276
318
354
386
410
421
419
411
400
382
356
323
292
266
243
214
180
151
130
116
99
75
47
25
8
-14
-36
-56
-71
-81
-88
-99
-105
-106
-108
-111
-117
-123
-126
-126
-134
-145
-160
-170
-173
-177
-185
-191
-190
-182
-177
-171
-163
-153
-142
-131
-127
-122
-115
-109
-105
-104
-102
-99
-92
-82
-74
-61
-40
-18
4
36
69
103
136
166
195
220
237
248
254
251
243
238
233
228
227
227
229
231
230
230
229
219
198
170
139
104
57
-2
-65
-126
-189
-254
-305
-351
-391
-420
-445
-457
-465
-476
-481
-481
-473
-462
-452
-432
-415
-403
-382
-358
-325
-286
-239
-193
-137
-72
8
92
172
249
326
402
463
511
545
568
583
583
567
552
533
513
482
452
426
400
373
347
324
296
273
250
225
189
152
120
92
73
46
19
5
-9
-25
-43
-61
-85
-101
-115
-153
-203
-257
-315
-374
-425
-478
-530
-566
-603
-636
-657
-669
-664
-637
-597
-558
-516
-461
-417
-378
-346
-304
-239
-151
-68
1
77
170
268
362
429
489
561
607
624
632
638
631
617
590
549
516
495
469
421
370
325
292
276
257
202
150
113
82
50
16
-21
-55
-62
-69
-94
-117
-128
-133
-140
-146
-159
-167
-152
-146
-157
-172
-164
-152
-143
-144
-152
-157
-145
-137
-140
-157
-181
-211
-231
-267
-319
-353
-387
-426
-470
-500
-511
-513
-501
-482
-461
-419
-364
-306
-252
-195
-146
-88
-15
49
114
183
267
349
425
501
578
655
733
793
833
865
885
886
879
847
791
740
690
635
557
478
403
330
260
196
118
51
-2
-55
-108
-145
-191
-235
-271
-306
-342
-372
-382
-397
-411
-422
-421
-416
-408
-403
-408
-411
-416
-422
-428
-435
-444
-453
-463
-465
-477
-475
-460
-452
-428
-393
-341
-287
-235
-193
-152
-102
-65
-22
48
123
185
242
310
381
453
518
549
595
647
674
674
667
660
629
600
556
497
448
419
371
305
247
192
151
127
82
5
-53
-88
-128
-163
-195
-238
-267
-270
-295
-317
-323
-314
-312
-303
-293
-300
-287
-246
-226
-231
-216
-187
-157
-124
-107
-115
-113
-100
-114
-142
-170
-212
-262
-293
-324
-361
-395
-422
-454
-471
-474
-484
-475
-466
-447
-449
-427
-391
-363
-334
-317
-289
-241
-147
-44
61
167
270
395
540
682
777
854
944
1008
1044
1058
1059
1038
1001
946
884
838
781
705
600
500
410
321
237
130
17
-100
-200
-288
-373
-460
-535
-577
-601
-604
-601
-572
-528
-466
-407
-343
-277
-204
-125
-75
-29
17
53
101
127
125
120
131
129
109
79
18
-24
-50
-102
-163
-214
-273
-338
-389
-454
-524
-563
-599
-655
-696
-719
-730
-727
-715
-707
-690
-587
-444
-307
-177
-45
102
286
485
609
702
826
933
985
1019
1045
1046
1045
1013
936
878
869
840
755
658
543
434
355
272
124
-38
-154
-269
-369
-460
-546
-614
-627
-613
-629
-611
-553
-476
-400
-320
-259
-211
-115
-13
24
62
112
159
202
250
247
218
236
246
210
170
136
80
18
-25
-107
-215
-281
-352
-456
-552
-627
-716
-777
-811
-880
-919
-915
-929
-957
-965
-954
-936
-864
-797
-740
-594
-393
-224
-56
135
332
565
795
916
1027
1190
1289
1292
1281
1295
1270
1245
1172
1055
965
924
836
688
552
398
245
132
25
-165
-352
-467
-556
-635
-707
-767
-783
-708
-622
-577
-493
-341
-194
-74
46
145
245
380
485
519
538
583
638
664
666
619
585
592
583
520
437
373
288
200
108
-10
-141
-259
-376
-521
-653
-758
-855
-941
-1017
-1116
-1196
-1218
-1239
-1276
-1313
-1336
-1360
-1371
-1374
-1381
-1368
-1326
-1246
-1113
-927
-727
-484
-181
125
420
706
992
1257
1481
1609
1684
1761
1790
1753
1653
1540
1414
1284
1136
970
823
693
544
377
223
65
-96
-235
-374
-540
-696
-802
-874
-926
-955
-975
-944
-866
-748
-644
-502
-299
-74
137
325
514
688
868
1026
1113
1142
1181
1211
1183
1133
1051
953
888
816
693
568
483
378
254
132
-4
-131
-225
-331
-469
-607
-721
-831
-923
-991
-1084
-1169
-1225
-1286
-1360
-1429
-1487
-1527
-1552
-1581
-1608
-1604
-1560
-1498
-1430
-1314
-1107
-869
-596
-311
-2
329
694
1015
1275
1538
1732
1863
1932
1970
1956
1928
1874
1737
1603
1475
1342
1190
1036
876
660
454
275
71
-153
-369
-589
-806
-981
-1136
-1272
-1338
-1362
-1379
-1365
-1288
-1166
-1018
-856
-685
-507
-305
-70
160
384
598
787
956
1160
1336
1417
1484
1524
1521
1511
1478
1373
1276
1210
1078
943
842
733
622
523
404
249
147
52
-92
-278
-452
-628
-803
-933
-1095
-1281
-1416
-1514
-1629
-1705
-1741
-1787
-1804
-1777
-1786
-1797
-1747
-1704
-1689
-1644
-1600
-1531
-1364
-1140
-918
-677
-357
-19
342
702
1035
1337
1605
1833
1965
2059
2108
2107
2038
1909
1739
1538
1361
1168
944
694
438
200
-5
-177
-373
-557
-724
-878
-1008
-1120
-1194
-1241
-1241
-1236
-1200
-1127
-997
-823
-628
-422
-233
-17
249
521
763
988
1204
1403
1616
1771
1857
1900
1912
1911
1852
1767
1657
1538
1399
1267
1117
956
834
688
529
352
190
25
-130
-307
-526
-759
-974
-1173
-1376
-1543
-1700
-1837
-1933
-2004
-2062
-2077
-2049
-2043
-2036
-2008
-1986
-1971
-1933
-1908
-1897
-1866
-1807
-1682
-1493
-1230
-898
-542
-161
261
701
1113
1534
1888
2123
2302
2417
2442
2408
2341
2190
1999
1795
1568
1367
1193
1032
831
630
458
278
90
-103
-301
-537
-747
-959
-1170
-1327
-1440
-1530
-1579
-1568
-1501
-1359
-1160
-928
-697
-455
-201
76
347
582
755
883
1015
1121
1224
1291
1328
1351
1372
1380
1403
1440
1435
1434
1425
1373
1315
1252
1131
976
822
627
423
241
49
-150
-349
-538
-730
-905
-1062
-1216
-1364
-1485
-1584
-1683
-1770
-1847
-1916
-1982
-2029
-2061
-2093
-2122
-2139
-2142
-2133
-2079
-1994
-1837
-1619
-1313
-923
-508
-85
372
865
1312
1742
2103
2332
2516
2654
2689
2628
2566
2463
2301
2130
1929
1741
1587
1440
1207
922
663
392
91
-238
-584
-961
-1314
-1613
-1868
-2059
-2164
-2183
-2144
-2037
-1865
-1627
-1310
-955
-612
-316
-32
270
585
850
1031
1154
1264
1398
1507
1587
1694
1819
1929
2047
2121
2170
2256
2298
2214
2110
1982
1759
1518
1243
881
523
237
-85
-410
-668
-903
-1125
-1287
-1419
-1590
-1709
-1786
-1919
-2057
-2147
-2248
-2369
-2436
-2512
-2624
-2656
-2622
-2612
-2578
-2500
-2431
-2299
-2094
-1869
-1584
-1221
-754
-262
199
676
1148
1599
2022
2391
2576
2693
2818
2828
2751
2654
2530
2363
2220
2010
1749
1559
1400
1177
866
542
207
-137
-476
-835
-1248
-1628
-1904
-2146
-2319
-2392
-2388
-2289
-2086
-1849
-1589
-1247
-876
-497
-147
153
431
701
959
1149
1253
1408
1682
1879
2011
2172
2254
2369
2603
2620
2449
2465
2410
2158
1945
1668
1219
930
694
185
-252
-470
-726
-1022
-1205
-1454
-1716
-1714
-1704
-1922
-2095
-2127
-2207
-2277
-2256
-2391
-2544
-2462
-2400
-2469
-2451
-2338
-2278
-2148
-1973
-1910
-1799
-1495
-1160
-913
-566
-97
330
787
1258
1593
1867
2289
2570
2604
2690
2702
2604
2543
2496
2294
2090
1968
1747
1515
1348
1159
835
538
239
-183
-564
-889
-1276
-1682
-1981
-2266
-2482
-2492
-2446
-2386
-2213
-1943
-1667
-1300
-878
-506
-153
204
515
762
1051
1367
1593
1782
2020
2190
2321
2506
2602
2570
2616
2609
2465
2349
2176
1889
1624
1386
1047
696
387
47
-286
-566
-841
-1139
-1346
-1492
-1683
-1857
-1961
-2072
-2164
-2184
-2237
-2318
-2319
-2304
-2327
-2324
-2320
-2343
-2315
-2253
-2229
-2217
-2162
-2073
-1988
-1840
-1595
-1314
-917
-402
37
442
945
1429
1857
2298
2562
2706
2912
3038
2987
2871
2811
2693
2516
2284
1985
1720
1573
1404
1028
629
296
-52
-380
-699
-1118
-1527
-1777
-1986
-2175
-2250
-2262
-2208
-2024
-1800
-1588
-1305
-923
-546
-214
82
355
639
1026
1400
1661
1895
2142
2378
2589
2742
2764
2768
2771
2708
2537
2294
2079
1826
1543
1227
876
501
200
-83
-435
-759
-1045
-1301
-1514
-1719
-1956
-2184
-2299
-2370
-2455
-2550
-2623
-2652
-2650
-2599
-2589
-2598
-2552
-2496
-2457
-2411
-2336
-2294
-2175
-1988
-1809
-1509
-1127
-633
-70
485
984
1511
2067
2583
3056
3295
3423
3570
3631
3579
3401
3194
2983
2773
2465
2078
1749
1497
1280
904
447
27
-345
-676
-1073
-1545
-2017
-2369
-2647
-2872
-3021
-3094
-3045
-2884
-2651
-2380
-2044
-1632
-1177
-716
-313
78
531
977
1395
1722
1959
2224
2505
2678
2752
2775
2729
2733
2724
2611
2447
2323
2169
1916
1661
1381
1088
776
418
-28
-441
-759
-1095
-1444
-1757
-2015
-2229
-2328
-2378
-2473
-2519
-2511
-2496
-2496
-2493
-2559
-2610
-2603
-2664
-2734
-2757
-2740
-2707
-2598
-2462
-2229
-1849
-1342
-697
-113
462
1088
1727
2363
2966
3361
3540
3768
3896
3837
3694
3521
3297
3057
2769
2348
1972
1733
1526
1192
768
368
-2
-333
-695
-1186
-1720
-2139
-2493
-2854
-3128
-3304
-3369
-3274
-3107
-2898
-2585
-2120
-1592
-1035
-537
-47
491
1036
1622
2039
2300
2590
2879
3035
3161
3200
3056
3067
3100
2935
2762
2692
2566
2386
2230
1930
1590
1352
1062
559
27
-418
-893
-1341
-1742
-2224
-2682
-2880
-3023
-3221
-3317
-3352
-3388
-3313
-3219
-3273
-3296
-3231
-3226
-3252
-3236
-3239
-3198
-3016
-2774
-2516
-2129
-1485
-752
-75
641
1381
2110
2920
3649
4008
4271
4581
4677
4602
4433
4177
3880
3604
3200
2664
2245
1987
1684
1237
784
337
-82
-388
-775
-1338
-1858
-2276
-2704
-3089
-3370
-3609
-3700
-3616
-3491
-3313
-2966
-2455
-1891
-1244
-588
32
703
1388
1956
2348
2690
2966
3142
3216
3166
3049
2917
2818
2664
2474
2296
2201
2119
1978
1844
1682
1474
1229
925
514
99
-318
-810
-1321
-1778
-2177
-2527
-2786
-3006
-3198
-3301
-3296
-3267
-3244
-3194
-3160
-3143
-3098
-3094
-3130
-3090
-3017
-2975
-2811
-2514
-2151
-1561
-862
-240
396
1124
1910
2694
3389
3820
4167
4534
4743
4724
4569
4416
4173
3865
3439
2919
2503
2229
1905
1390
890
470
113
-214
-632
-1168
-1674
-2056
-2454
-2872
-3226
-3495
-3671
-3742
-3735
-3665
-3427
-3014
-2507
-1960
-1341
-714
-45
689
1329
1794
2198
2525
2728
2844
2805
2650
2495
2384
2214
2004
1842
1749
1670
1614
1585
1500
1420
1346
1181
927
688
409
44
-346
-782
-1237
-1637
-1952
-2249
-2540
-2774
-2920
-3008
-3084
-3130
-3189
-3222
-3207
-3238
-3274
-3259
-3234
-3213
-3045
-2802
-2470
-1876
-1265
-708
-84
632
1368
2176
2889
3320
3735
4125
4355
4391
4365
4293
4080
3789
3366
2897
2535
2286
1889
1350
901
508
189
-101
-481
-948
-1358
-1691
-2075
-2436
-2728
-2974
-3164
-3299
-3361
-3353
-3152
-2812
-2408
-1911
-1384
-738
-14
714
1345
1843
2259
2615
2919
2952
2838
2667
2443
2220
1971
1680
1407
1326
1234
1133
1085
1073
1079
1072
1034
868
684
529
297
-69
-450
-829
-1210
-1500
-1778
-2120
-2381
-2524
-2665
-2782
-2845
-2919
-2975
-2993
-3038
-3104
-3129
-3074
-2987
-2829
-2590
-2179
-1667
-1114
-515
73
766
1546
2256
2764
3218
3649
3945
4122
4161
4118
4001
3795
3424
2944
2561
2256
1899
1420
940
523
222
-4
-308
-666
-1002
-1312
-1613
-1915
-2191
-2419
-2599
-2768
-2920
-2997
-2924
-2700
-2407
-1989
-1485
-920
-304
407
1085
1655
2187
2570
2804
2967
3012
2813
2534
2306
1981
1645
1393
1118
837
716
674
565
498
481
412
340
301
132
-139
-321
-498
-792
-1082
-1337
-1626
-1837
-1970
-2170
-2389
-2509
-2596
-2705
-2759
-2831
-2919
-2924
-2913
-2934
-2919
-2744
-2507
-2128
-1649
-1201
-721
-148
559
1252
1946
2498
2971
3449
3813
3998
4034
4099
4062
3862
3494
3024
2584
2240
1870
1316
766
333
1
-263
-547
-864
-1144
-1348
-1557
-1830
-2063
-2214
-2318
-2476
-2647
-2787
-2801
-2638
-2374
-2025
-1622
-1093
-518
155
855
1464
2002
2475
2857
3055
3185
3123
2918
2739
2475
2094
1727
1466
1160
911
748
547
350
256
166
-31
-151
-286
-540
-772
-973
-1257
-1551
-1750
-1987
-2226
-2361
-2497
-2649
-2776
-2855
-2939
-2975
-2974
-3009
-3027
-2988
-2897
-2790
-2566
-2255
-1815
-1288
-790
-292
268
951
1668
2324
2800
3220
3661
4008
4224
4294
4296
4227
4032
3633
3139
2694
2291
1821
1203
559
20
-384
-721
-1064
-1402
-1684
-1873
-2029
-2185
-2294
-2347
-2368
-2418
-2477
-2501
-2444
-2271
-1994
-1617
-1224
-734
-168
461
1116
1721
2227
2665
3090
3318
3409
3354
3194
3027
2788
2430
2016
1698
1391
1110
863
580
315
121
-51
-290
-532
-753
-1011
-1280
-1522
-1804
-2107
-2320
-2509
-2727
-2878
-2970
-3070
-3116
-3111
-3138
-3137
-3081
-3041
-2974
-2836
-2693
-2489
-2191
-1791
-1260
-721
-211
329
922
1564
2254
2803
3209
3668
4042
4285
4439
4536
4545
4473
4259
3835
3394
2996
2596
2015
1310
663
96
-375
-808
-1267
-1694
-1965
-2166
-2375
-2531
-2618
-2631
-2606
-2639
-2681
-2639
-2462
-2242
-1929
-1574
-1192
-654
-89
538
1119
1652
2120
2582
2934
3110
3206
3095
2969
2808
2540
2182
1872
1593
1279
1050
821
603
422
269
77
-180
-381
-610
-895
-1165
-1438
-1754
-2040
-2259
-2519
-2756
-2939
-3115
-3283
-3378
-3458
-3555
-3553
-3544
-3537
-3427
-3270
-3078
-2797
-2405
-1877
-1292
-724
-161
432
1088
1802
2459
2934
3425
3895
4242
4503
4692
4833
4894
4847
4568
4190
3830
3489
3021
2333
1601
942
387
-129
-692
-1250
-1683
-1968
-2222
-2468
-2634
-2717
-2732
-2763
-2848
-2904
-2833
-2667
-2440
-2150
-1849
-1428
-927
-335
278
823
1325
1804
2239
2533
2753
2801
2757
2726
2580
2317
2042
1819
1579
1394
1225
1022
850
744
651
486
338
165
-80
-358
-646
-978
-1315
-1591
-1914
-2277
-2570
-2842
-3114
-3322
-3503
-3707
-3829
-3917
-3983
-3957
-3882
-3767
-3546
-3243
-2834
-2260
-1700
-1123
-497
154
873
1651
2287
2827
3415
3917
4307
4613
4868
5044
5109
5005
4727
4391
4094
3742
3177
2485
1823
1205
653
121
-467
-985
-1370
-1692
-2008
-2237
-2384
-2466
-2510
-2613
-2748
-2807
-2709
-2554
-2375
-2148
-1873
-1533
-1024
-436
60
555
1066
1487
1830
2112
2211
2206
2236
2177
1963
1737
1555
1353
1204
1088
919
800
788
759
635
555
489
366
218
9
-291
-614
-872
-1179
-1527
-1851
-2178
-2467
-2723
-2968
-3227
-3427
-3562
-3700
-3819
-3855
-3824
-3748
-3571
-3343
-2992
-2498
-1979
-1458
-887
-236
484
1252
1893
2502
3137
3696
4161
4532
4867
5124
5264
5193
4951
4679
4406
4068
3511
2868
2249
1677
1178
653
126
-334
-699
-1037
-1362
-1616
-1802
-1925
-2092
-2310
-2518
-2647
-2655
-2613
-2451
-2253
-2031
-1663
-1182
-659
-133
377
754
1152
1526
1712
1767
1754
1708
1576
1433
1203
956
820
763
670
570
558
571
631
689
663
571
511
430
227
-27
-304
-601
-879
-1161
-1507
-1866
-2174
-2420
-2681
-2940
-3164
-3376
-3529
-3641
-3744
-3838
-3763
-3604
-3423
-3058
-2672
-2300
-1809
-1210
-622
64
781
1351
2013
2676
3234
3699
4162
4586
4866
5030
4976
4811
4652
4459
4052
3448
2879
2331
1817
1335
806
315
-49
-341
-689
-1001
-1221
-1382
-1542
-1768
-2029
-2268
-2362
-2384
-2354
-2252
-2120
-1898
-1562
-1111
-655
-187
223
572
966
1256
1378
1403
1422
1361
1262
1116
868
714
674
613
490
451
480
550
647
656
596
557
565
469
261
27
-251
-532
-796
-1118
-1512
-1842
-2127
-2446
-2728
-2986
-3203
-3350
-3446
-3526
-3606
-3564
-3412
-3244
-2976
-2612
-2323
-1987
-1499
-1008
-485
142
663
1164
1825
2428
2888
3378
3913
4310
4583
4711
4674
4598
4543
4295
3771
3211
2705
2211
1729
1223
685
279
26
-251
-550
-753
-865
-973
-1119
-1353
-1632
-1814
-1875
-1944
-2037
-2022
-1970
-1837
-1515
-1128
-821
-445
14
350
697
1000
1108
1162
1265
1227
1028
887
740
575
449
361
244
195
296
337
313
367
423
397
370
298
100
-93
-270
-555
-875
-1193
-1518
-1865
-2174
-2453
-2749
-2948
-3078
-3209
-3323
-3318
-3284
-3209
-3005
-2797
-2503
-2152
-1808
-1487
-1101
-628
-140
369
803
1297
1822
2310
2777
3203
3639
4024
4272
4332
4315
4270
4153
3898
3431
2875
2371
1906
1431
927
476
121
-148
-390
-624
-763
-824
-865
-1010
-1202
-1377
-1501
-1565
-1644
-1671
-1646
-1549
-1375
-1077
-753
-430
-50
265
556
850
1027
1065
1095
1087
935
787
630
415
259
183
93
5
29
91
136
217
285
287
302
322
231
70
-95
-328
-592
-841
-1125
-1441
-1708
-1956
-2214
-2420
-2585
-2750
-2867
-2904
-2926
-2931
-2825
-2674
-2480
-2160
-1851
-1573
-1254
-876
-479
-21
438
787
1211
1699
2138
2515
2918
3315
3638
3867
3907
3845
3788
3712
3431
2956
2473
2012
1599
1194
747
339
64
-133
-320
-490
-575
-581
-589
-673
-827
-973
-1006
-986
-988
-1018
-1018
-957
-810
-537
-307
-113
100
317
458
542
595
523
437
363
182
-74
-232
-318
-447
-542
-582
-596
-497
-320
-218
-143
16
178
254
288
268
169
59
-61
-279
-565
-798
-1033
-1319
-1579
-1843
-2090
-2245
-2370
-2554
-2715
-2737
-2723
-2658
-2558
-2433
-2171
-1868
-1582
-1314
-1017
-629
-155
281
606
1029
1474
1900
2307
2670
3025
3340
3585
3618
3554
3494
3414
3199
2793
2345
1914
1563
1242
864
532
294
134
-23
-172
-265
-296
-292
-398
-556
-702
-782
-794
-819
-833
-846
-775
-599
-371
-181
12
219
381
540
592
534
446
357
217
3
-228
-464
-594
-668
-737
-779
-734
-575
-419
-267
-132
20
204
357
386
328
292
210
71
-112
-379
-644
-865
-1091
-1360
-1591
-1792
-1971
-2094
-2242
-2388
-2460
-2485
-2531
-2543
-2534
-2375
-2085
-1849
-1600
-1357
-1002
-519
40
479
886
1421
1905
2357
2736
3065
3355
3584
3642
3459
3251
3112
2938
2585
2108
1677
1315
1068
830
549
335
228
140
-1
-122
-205
-267
-352
-541
-767
-939
-1000
-1007
-1021
-993
-869
-659
-365
-23
252
510
797
985
1072
1073
944
723
511
255
-142
-515
-784
-965
-1127
-1211
-1216
-1135
-911
-681
-533
-357
-90
102
202
244
208
141
73
-67
-311
-531
-705
-885
-1073
-1253
-1410
-1532
-1606
-1685
-1796
-1862
-1914
-1985
-2086
-2137
-2155
-2034
-1785
-1616
-1437
-1183
-794
-280
300
765
1203
1759
2279
2708
3033
3327
3564
3667
3556
3263
3002
2831
2614
2197
1707
1316
1030
900
746
510
360
300
231
86
-32
-142
-234
-383
-662
-959
-1179
-1215
-1225
-1217
-1144
-1020
-732
-342
39
351
650
904
1099
1256
1161
964
775
523
168
-222
-606
-907
-1014
-1119
-1225
-1226
-1056
-791
-580
-411
-259
-48
165
246
178
93
52
-76
-227
-428
-681
-834
-927
-1061
-1229
-1298
-1385
-1463
-1500
-1633
-1774
-1898
-2020
-2205
-2364
-2464
-2457
-2245
-2027
-1816
-1534
-1082
-489
213
883
1398
1994
2618
3091
3373
3600
3785
3821
3718
3380
2972
2706
2521
2210
1713
1302
1055
958
913
755
541
411
344
159
-95
-339
-578
-789
-1101
-1484
-1784
-1890
-1860
-1797
-1697
-1511
-1168
-710
-174
288
638
985
1290
1465
1476
1359
1116
835
561
175
-224
-516
-631
-688
-754
-732
-614
-384
-128
70
161
270
398
408
280
75
-149
-365
-559
-798
-1034
-1159
-1212
-1237
-1274
-1305
-1302
-1257
-1231
-1340
-1531
-1719
-1903
-2142
-2415
-2638
-2808
-2783
-2552
-2319
-2017
-1548
-889
-95
772
1510
2108
2811
3444
3818
3980
4050
4060
3960
3697
3206
2706
2419
2206
1846
1424
1136
1003
1003
980
788
572
468
332
34
-361
-741
-1056
-1338
-1715
-2137
-2424
-2469
-2380
-2266
-2083
-1804
-1374
-755
-160
296
738
1149
1457
1689
1703
1461
1247
1038
733
389
61
-196
-282
-272
-335
-329
-119
200
422
507
525
547
619
584
271
-139
-437
-679
-956
-1215
-1453
-1612
-1587
-1528
-1523
-1483
-1385
-1313
-1345
-1477
-1701
-1901
-2110
-2399
-2734
-3054
-3173
-3137
-2889
-2504
-2092
-1528
-767
115
1002
1901
2599
3215
3835
4206
4333
4341
4330
4194
3924
3501
3009
2679
2503
2309
1958
1635
1491
1437
1367
1141
806
493
226
-169
-726
-1235
-1666
-1993
-2341
-2740
-3039
-3076
-2897
-2672
-2392
-2071
-1562
-996
-454
69
479
832
1155
1346
1279
1210
1112
889
732
566
339
178
228
300
334
473
658
828
986
1117
1074
962
912
683
295
-70
-412
-765
-1033
-1277
-1561
-1688
-1667
-1660
-1661
-1608
-1571
-1573
-1594
-1711
-1917
-2117
-2312
-2597
-2908
-3124
-3256
-3223
-3000
-2589
-2069
-1452
-703
101
977
1876
2702
3302
3812
4277
4487
4521
4460
4327
4097
3810
3395
2955
2689
2500
2290
1986
1676
1458
1280
1049
672
225
-201
-628
-1155
-1766
-2301
-2730
-3023
-3287
-3594
-3755
-3667
-3428
-3131
-2753
-2334
-1834
-1223
-651
-174
251
639
913
1109
1234
1209
1182
1195
1158
1073
1054
1063
1110
1291
1404
1450
1583
1738
1759
1677
1549
1314
1063
791
379
-110
-499
-800
-1136
-1407
-1579
-1717
-1773
-1755
-1799
-1871
-1853
-1881
-1996
-2155
-2383
-2602
-2786
-2960
-3145
-3238
-3214
-3065
-2768
-2338
-1686
-993
-255
518
1257
2043
2845
3504
3887
4259
4504
4536
4518
4424
4252
4017
3766
3358
2992
2792
2588
2288
1866
1460
1064
718
349
-174
-730
-1246
-1771
-2364
-2868
-3248
-3558
-3751
-3951
-4097
-4032
-3758
-3436
-3068
-2610
-2143
-1633
-1077
-477
32
508
958
1249
1526
1816
1950
1945
2058
2112
2055
2111
2137
2101
2163
2226
2116
2033
2045
1935
1712
1428
1094
743
428
53
-468
-918
-1238
-1566
-1880
-2094
-2297
-2484
-2508
-2573
-2684
-2686
-2706
-2826
-2898
-2933
-3006
-2997
-2937
-2905
-2816
-2609
-2286
-1883
-1346
-650
2
665
1389
2092
2783
3497
4035
4311
4645
4891
4900
4828
4684
4428
4145
3847
3355
2837
2469
2123
1643
1071
548
67
-349
-769
-1316
-1881
-2300
-2683
-3150
-3572
-3902
-4123
-4190
-4229
-4272
-4135
-3805
-3427
-2988
-2468
-1915
-1288
-594
49
636
1197
1715
2163
2541
2825
2987
3071
3098
3109
3066
2964
2858
2758
2637
2491
2359
2225
2101
1928
1642
1285
933
583
168
-326
-831
-1298
-1730
-2138
-2514
-2817
-3000
-3094
-3194
-3263
-3233
-3149
-3038
-2918
-2827
-2721
-2566
-2389
-2252
-2112
-1953
-1755
-1514
-1198
-815
-386
201
812
1382
1961
2564
3140
3698
4154
4354
4519
4617
4528
4306
4000
3615
3193
2764
2198
1612
1169
797
385
-111
-603
-1048
-1425
-1776
-2240
-2737
-3157
-3513
-3913
-4258
-4472
-4570
-4502
-4384
-4232
-3920
-3393
-2765
-2119
-1437
-760
-68
669
1388
1975
2473
2936
3249
3459
3625
3617
3525
3515
3446
3256
3115
2960
2773
2710
2629
2411
2181
2005
1747
1373
939
451
-87
-607
-1149
-1780
-2323
-2690
-3016
-3296
-3450
-3525
-3467
-3268
-3081
-2908
-2668
-2408
-2191
-1980
-1811
-1691
-1530
-1390
-1304
-1221
-1062
-841
-586
-243
124
563
1121
1675
2145
2573
2988
3321
3623
3777
3718
3619
3466
3185
2809
2441
2058
1699
1326
861
410
74
-186
-540
-1010
-1470
-1894
-2270
-2658
-3103
-3557
-3887
-4095
-4273
-4328
-4224
-3960
-3574
-3110
-2593
-1980
-1254
-528
157
786
1357
1881
2352
2768
3042
3215
3365
3440
3484
3523
3486
3371
3340
3313
3199
3091
2955
2775
2585
2331
1949
1527
1113
609
19
-618
-1219
-1745
-2216
-2633
-2996
-3224
-3281
-3264
-3210
-3058
-2835
-2573
-2264
-1992
-1775
-1544
-1338
-1195
-1104
-1006
-920
-825
-700
-586
-455
-310
-113
88
293
519
721
1000
1277
1494
1643
1774
1910
2052
2184
2115
2018
1982
1881
1708
1491
1250
985
745
396
-52
-428
-745
-1091
-1562
-2058
-2474
-2781
-2968
-3148
-3318
-3373
-3251
-3068
-2854
-2511
-2076
-1559
-1039
-611
-215
257
748
1118
1426
1674
1904
2172
2426
2642
2796
2978
3158
3299
3413
3494
3522
3473
3389
3193
2891
2573
2208
1793
1301
749
187
-305
-758
-1219
-1637
-1974
-2182
-2300
-2384
-2413
-2378
-2272
-2112
-1962
-1822
-1659
-1467
-1305
-1169
-1045
-925
-788
-669
-579
-521
-436
-304
-175
-83
-14
32
61
86
56
5
-16
-18
47
134
179
238
340
483
643
795
826
832
883
839
688
491
299
90
-146
-487
-903
-1197
-1344
-1486
-1709
-1911
-1971
-1888
-1707
-1562
-1460
-1275
-1007
-773
-606
-427
-221
14
218
314
383
571
808
989
1151
1334
1569
1896
2256
2522
2740
2983
3166
3247
3275
3171
2935
2678
2369
1936
1446
992
542
146
-209
-585
-908
-1065
-1143
-1241
-1320
-1370
-1358
-1263
-1214
-1255
-1283
-1224
-1156
-1131
-1100
-1066
-979
-850
-746
-701
-624
-481
-383
-332
-295
-286
-261
-219
-242
-338
-431
-512
-615
-740
-878
-1033
-1146
-1211
-1201
-1123
-1050
-961
-834
-660
-470
-270
-152
-79
55
134
137
117
122
138
151
108
-11
-32
63
164
179
142
151
221
304
294
215
165
153
126
25
-43
-23
68
190
250
330
517
788
1026
1216
1397
1569
1771
1929
2018
2071
2078
2058
1977
1837
1656
1472
1265
1042
846
628
443
302
175
47
-61
-106
-110
-97
-124
-185
-238
-236
-211
-260
-349
-417
-477
-542
-595
-670
-730
-730
-734
-770
-782
-740
-693
-649
-639
-661
-673
-665
-687
-782
-918
-1070
-1236
-1429
-1633
-1870
-2088
-2269
-2424
-2525
-2557
-2447
-2249
-2027
-1770
-1448
-1033
-553
-55
331
655
1001
1279
1451
1544
1599
1608
1601
1484
1277
1142
1076
1025
880
689
566
522
501
427
312
223
209
174
83
32
32
89
142
137
118
185
337
462
578
644
713
849
995
1106
1170
1228
1254
1285
1281
1210
1153
1108
1062
980
885
809
748
752
737
669
609
588
535
418
307
163
31
-82
-260
-480
-649
-748
-847
-931
-974
-993
-973
-923
-888
-861
-800
-757
-798
-890
-1008
-1158
-1311
-1483
-1697
-1913
-2091
-2254
-2381
-2427
-2433
-2421
-2362
-2251
-2110
-1889
-1601
-1317
-963
-577
-215
124
465
796
1109
1398
1583
1722
1846
1927
1936
1924
1906
1856
1780
1622
1447
1323
1240
1113
894
681
497
333
173
-8
-180
-303
-376
-459
-507
-470
-368
-215
-84
40
195
392
594
752
860
928
1009
1075
1124
1164
1152
1170
1196
1201
1195
1181
1148
1113
1098
1029
939
883
818
731
628
501
360
240
98
-99
-307
-481
-630
-801
-976
-1141
-1274
-1348
-1398
-1459
-1485
-1465
-1437
-1418
-1398
-1377
-1354
-1353
-1387
-1443
-1496
-1516
-1536
-1563
-1590
-1594
-1573
-1517
-1444
-1389
-1327
-1242
-1165
-1087
-986
-870
-732
-566
-377
-166
80
339
593
840
1082
1325
1521
1658
1760
1820
1809
1746
1650
1520
1378
1189
950
715
525
368
212
42
-109
-191
-205
-197
-166
-95
13
151
278
410
571
745
899
986
1015
1032
1057
1046
979
874
754
656
586
557
561
581
643
734
819
911
1016
1095
1136
1136
1059
918
753
546
269
-53
-403
-763
-1073
-1343
-1590
-1782
-1884
-1912
-1884
-1757
-1570
-1356
-1094
-835
-606
-395
-213
-108
-82
-96
-166
-279
-428
-595
-778
-941
-1055
-1141
-1182
-1166
-1092
-995
-865
-714
-572
-429
-303
-241
-251
-293
-367
-474
-561
-652
-754
-756
-675
-587
-467
-288
-88
146
418
600
724
863
964
976
943
897
830
768
679
551
474
504
568
610
657
756
906
1081
1220
1279
1324
1357
1307
1200
1064
907
764
631
460
273
148
87
55
45
56
98
175
270
319
332
345
319
249
147
-20
-214
-405
-627
-853
-1018
-1145
-1239
-1252
-1220
-1145
-970
-734
-507
-287
-37
195
390
550
640
675
707
708
610
494
402
294
186
88
-23
-126
-155
-180
-241
-268
-295
-340
-378
-430
-519
-616
-686
-794
-939
-1084
-1234
-1376
-1503
-1621
-1749
-1833
-1861
-1875
-1860
-1807
-1697
-1534
-1313
-1033
-728
-410
-92
228
539
862
1179
1415
1620
1818
1955
2019
2058
2084
2103
2108
2021
1895
1823
1787
1722
1595
1435
1284
1182
1065
881
688
515
358
144
-117
-355
-564
-739
-935
-1174
-1393
-1528
-1626
-1686
-1703
-1692
-1586
-1423
-1257
-1059
-829
-575
-324
-86
122
332
522
669
819
921
982
1057
1127
1176
1230
1288
1320
1360
1397
1417
1430
1431
1426
1374
1291
1191
1049
863
656
426
157
-111
-407
-736
-1052
-1350
-1642
-1920
-2174
-2411
-2590
-2699
-2762
-2784
-2784
-2734
-2638
-2512
-2352
-2173
-1979
-1755
-1512
-1285
-1044
-765
-474
-192
69
312
543
767
1003
1209
1392
1601
1786
1916
2044
2145
2196
2263
2288
2193
2084
1987
1801
1554
1286
998
716
447
114
-256
-551
-770
-983
-1213
-1398
-1526
-1604
-1626
-1640
-1623
-1529
-1382
-1258
-1145
-991
-819
-609
-400
-238
-66
148
362
556
770
991
1221
1476
1683
1863
2044
2219
2358
2480
2545
2533
2507
2434
2307
2150
1964
1736
1483
1207
907
614
355
101
-157
-420
-676
-927
-1155
-1378
-1624
-1843
-2041
-2247
-2470
-2673
-2858
-3006
-3094
-3160
-3174
-3095
-2948
-2744
-2467
-2132
-1750
-1321
-880
-463
-68
325
690
1001
1257
1447
1583
1701
1791
1833
1849
1862
1843
1806
1748
1635
1496
1341
1134
878
579
249
-91
-417
-755
-1093
-1391
-1648
-1857
-1994
-2082
-2141
-2146
-2062
-1934
-1796
-1626
-1418
-1171
-889
-616
-391
-140
151
431
679
899
1092
1312
1543
1729
1895
2070
2238
2392
2526
2621
2696
2760
2787
2738
2641
2513
2358
2163
1927
1666
1385
1125
869
592
313
47
-196
-431
-663
-909
-1148
-1358
-1578
-1803
-2003
-2173
-2293
-2379
-2439
-2463
-2425
-2328
-2205
-2056
-1899
-1716
-1495
-1264
-1037
-801
-552
-301
-62
157
346
552
758
925
1057
1156
1241
1306
1348
1356
1325
1279
1219
1116
972
810
648
473
286
68
-171
-382
-590
-800
-1006
-1207
-1380
-1535
-1687
-1817
-1896
-1971
-2006
-2013
-2020
-1992
-1910
-1793
-1641
-1429
-1193
-917
-614
-292
46
377
713
1050
1357
1638
1866
2059
2233
2377
2470
2530
2568
2563
2548
2495
2409
2335
2264
2175
2063
1920
1754
1581
1396
1175
943
706
455
206
-64
-346
-617
-855
-1082
-1290
-1477
-1645
-1761
-1838
-1888
-1922
-1922
-1875
-1782
-1659
-1533
-1396
-1219
-1012
-781
-544
-312
-68
181
426
644
828
980
1096
1184
1221
1214
1167
1110
1013
870
718
553
392
234
67
-110
-287
-450
-615
-765
-910
-1041
-1167
-1298
-1401
-1484
-1539
-1565
-1585
-1584
-1555
-1490
-1410
-1303
-1172
-1037
-888
-743
-595
-427
-246
-64
105
242
355
460
563
629
669
692
687
665
650
618
575
551
530
513
523
565
603
666
741
806
888
981
1068
1133
1197
1236
1227
1217
1183
1102
999
884
721
547
402
241
75
-65
-201
-317
-377
-397
-410
-407
-367
-311
-258
-194
-135
-98
-53
-9
-1
6
20
40
70
119
156
202
293
383
462
535
613
673
727
746
707
630
541
416
247
50
-163
-382
-592
-792
-984
-1140
-1253
-1326
-1365
-1371
-1335
-1251
-1152
-1046
-928
-805
-684
-569
-470
-399
-337
-300
-293
-308
-311
-316
-328
-321
-307
-283
-229
-167
-101
-26
38
88
125
141
126
86
28
-57
-149
-240
-320
-386
-416
-414
-393
-339
-261
-161
-46
81
209
334
443
529
587
621
644
650
645
623
591
561
527
489
452
411
386
366
343
322
310
313
319
320
328
343
353
365
369
359
356
363
361
352
338
323
313
301
296
300
302
307
307
300
298
300
314
316
308
303
297
290
286
288
279
272
265
242
212
164
109
37
-51
-141
-241
-336
-437
-543
-633
-711
-780
-837
-886
-922
-937
-946
-939
-927
-896
-854
-803
-743
-690
-628
-555
-475
-400
-320
-249
-181
-129
-110
-100
-96
-112
-134
-162
-210
-267
-298
-324
-344
-324
-281
-232
-167
-82
-8
70
145
196
230
254
261
246
231
209
163
128
109
100
118
154
186
226
300
355
408
472
507
502
480
436
357
258
145
9
-130
-251
-360
-443
-480
-485
-458
-389
-281
-141
37
230
421
598
764
929
1077
1194
1270
1301
1305
1273
1213
1131
1027
908
769
617
455
298
162
19
-131
-265
-397
-516
-613
-701
-781
-851
-905
-939
-938
-904
-862
-809
-741
-654
-560
-460
-358
-264
-189
-121
-67
-30
11
45
57
56
46
34
22
12
6
-13
-49
-93
-154
-224
-305
-399
-501
-597
-699
-791
-847
-874
-885
-875
-814
-724
-602
-454
-302
-132
56
240
409
561
701
811
880
932
947
929
899
839
749
658
563
454
374
308
248
219
206
190
187
208
235
274
319
364
402
462
526
576
638
691
725
757
784
785
778
768
724
656
585
498
401
314
210
104
8
-78
-170
-249
-304
-357
-406
-449
-484
-520
-530
-534
-559
-565
-571
-594
-596
-589
-581
-574
-546
-504
-457
-397
-332
-276
-226
-161
-101
-69
-51
-43
-70
-116
-178
-261
-354
-436
-530
-616
-673
-709
-724
-728
-702
-657
-602
-538
-469
-416
-358
-307
-279
-255
-235
-223
-201
-173
-154
-128
-77
-1
85
175
265
371
476
569
668
734
778
810
814
789
748
694
627
556
491
447
414
392
388
393
413
437
465
498
530
553
553
538
514
474
433
378
321
272
225
185
153
135
133
139
141
158
185
201
215
223
209
186
152
116
56
-3
-60
-127
-188
-247
-285
-318
-332
-336
-347
-340
-318
-310
-311
-304
-313
-330
-357
-391
-421
-437
-446
-461
-460
-460
-450
-419
-383
-352
-332
-310
-301
-287
-279
-290
-310
-348
-391
-433
-486
-524
-554
-565
-563
-558
-543
-518
-483
-456
-429
-399
-365
-325
-288
-260
-240
-217
-193
-176
-144
-91
-40
23
97
167
251
354
458
541
622
684
734
790
825
840
833
811
774
722
663
589
510
434
352
269
200
140
92
50
17
-6
-17
-19
-24
-36
-30
-26
-28
-36
-47
-54
-58
-65
-80
-91
-99
-97
-81
-61
-37
-3
37
71
127
190
242
297
355
405
454
501
522
531
525
504
455
406
357
296
241
175
102
36
-13
-73
-141
-185
-220
-253
-289
-333
-389
-432
-470
-525
-587
-647
-708
-767
-828
-884
-924
-953
-962
-954
-941
-901
-843
-761
-664
-558
-444
-331
-212
-104
-2
89
170
240
291
347
389
427
467
491
506
526
549
562
581
603
601
606
606
594
569
529
471
405
337
256
150
32
-85
-202
-308
-411
-500
-568
-614
-648
-674
-676
-648
-599
-543
-481
-402
-313
-205
-90
14
126
230
332
415
496
571
633
703
759
809
847
875
888
888
878
857
828
792
754
706
642
564
465
364
263
148
38
-71
-185
-302
-416
-525
-626
-712
-779
-849
-918
-970
-1010
-1023
-1024
-1006
-968
-909
-835
-744
-645
-539
-424
-305
-190
-92
11
92
161
222
258
271
277
273
263
252
250
265
288
322
349
387
421
467
515
528
534
523
493
443
370
279
165
53
-78
-208
-332
-442
-529
-604
-649
-678
-674
-642
-594
-532
-470
-396
-324
-248
-173
-105
-50
-6
27
51
85
122
171
229
289
361
445
536
626
704
771
822
857
868
855
818
766
689
595
497
392
283
169
66
-44
-152
-247
-338
-414
-483
-546
-617
-672
-711
-724
-721
-709
-686
-655
-604
-537
-457
-373
-286
-202
-129
-51
7
56
91
123
138
134
132
129
124
118
127
136
148
184
215
239
268
302
328
341
343
325
299
264
212
140
61
-30
-117
-199
-270
-326
-383
-417
-441
-444
-432
-402
-356
-312
-274
-242
-207
-183
-157
-136
-124
-119
-118
-112
-106
-90
-65
-34
8
58
113
178
248
315
386
455
514
573
624
658
680
684
667
636
588
526
445
349
244
133
30
-81
-178
-259
-339
-398
-453
-492
-523
-544
-548
-546
-539
-526
-502
-480
-436
-376
-312
-236
-163
-70
24
120
220
311
393
455
511
548
571
572
555
526
479
430
371
312
248
181
115
48
-9
-56
-99
-143
-179
-215
-236
-261
-279
-289
-310
-345
-378
-401
-425
-427
-427
-422
-404
-386
-354
-318
-277
-220
-155
-102
-66
-30
10
45
69
81
88
88
91
92
96
97
106
126
142
159
185
224
247
275
294
308
321
324
316
285
255
219
178
137
89
51
11
-32
-75
-119
-146
-165
-182
-206
-229
-245
-258
-270
-288
-291
-287
-284
-279
-274
-253
-215
-151
-73
6
100
196
293
385
483
583
674
747
780
786
774
756
719
660
586
506
414
309
215
125
43
-31
-90
-147
-198
-245
-296
-337
-376
-410
-445
-488
-539
-581
-621
-663
-692
-711
-720
-721
-716
-693
-653
-598
-526
-450
-372
-292
-209
-135
-60
3
65
113
147
167
167
176
183
184
178
177
183
188
202
213
223
238
246
257
247
233
226
205
178
129
75
22
-40
-82
-139
-187
-228
-257
-273
-294
-297
-306
-304
-304
-292
-275
-261
-240
-214
-187
-150
-103
-41
21
97
179
257
344
427
514
585
647
712
759
802
819
832
830
807
784
748
710
661
616
565
513
460
399
339
277
222
173
119
63
1
-62
-122
-175
-231
-290
-342
-394
-449
-499
-530
-555
-564
-566
-563
-542
-522
-484
-432
-376
-317
-255
-198
-149
-113
-87
-57
-31
-14
-7
-5
-13
-19
-33
-51
-64
-80
-97
-117
-133
-142
-145
-138
-137
-139
-140
-138
-149
-166
-185
-208
-237
-271
-313
-354
-392
-422
-430
-418
-399
-379
-336
-294
-249
-195
-140
-83
-36
-3
17
25
29
39
45
64
85
105
138
186
243
318
392
469
532
586
636
683
712
719
718
696
665
618
563
498
439
382
336
299
272
251
240
225
216
210
197
182
166
137
95
50
4
-42
-89
-125
-163
-187
-194
-185
-170
-139
-99
-51
-1
53
101
137
177
193
195
186
151
102
44
-27
-101
-176
-253
-327
-384
-435
-477
-507
-527
-534
-535
-536
-530
-518
-509
-497
-488
-482
-473
-458
-447
-436
-423
-400
-372
-334
-289
-241
-191
-137
-77
-25
33
88
137
173
201
219
224
231
225
217
199
171
147
116
99
87
69
58
56
54
59
71
77
89
102
119
139
149
166
178
187
198
206
208
212
208
202
196
202
195
183
192
193
200
202
200
202
201
190
184
180
180
170
157
151
149
153
145
124
96
68
41
8
-33
-78
-136
-191
-243
-295
-345
-385
-420
-451
-479
-501
-517
-525
-518
-507
-491
-482
-459
-429
-402
-373
-345
-316
-283
-258
-236
-215
-198
-176
-154
-139
-106
-66
-27
17
68
132
200
268
329
371
414
453
477
486
484
464
426
383
336
282
230
176
136
98
67
50
40
45
54
69
87
111
130
142
158
174
180
187
179
168
160
163
171
184
202
213
228
247
263
281
291
308
323
330
333
327
311
281
244
202
150
102
44
-18
-77
-132
-183
-225
-261
-303
-353
-398
-438
-476
-502
-527
-557
-590
-622
-645
-649
-642
-632
-622
-597
-560
-514
-469
-424
-374
-325
-278
-236
-191
-153
-117
-82
-51
-14
18
44
71
93
119
158
195
231
255
268
270
266
256
234
206
175
139
100
64
27
-16
-56
-91
-114
-121
-118
-105
-89
-59
-22
25
76
123
164
196
234
258
276
297
317
336
351
370
381
391
410
431
454
474
495
504
511
512
500
484
464
436
386
324
266
207
141
83
20
-45
-99
-145
-188
-219
-230
-238
-254
-254
-252
-250
-251
-259
-272
-292
-305
-328
-355
-377
-391
-396
-410
-415
-409
-388
-348
-306
-260
-215
-165
-102
-38
18
67
102
126
146
154
151
144
129
113
89
65
40
6
-19
-44
-68
-86
-99
-113
-135
-148
-158
-180
-202
-224
-252
-280
-296
-314
-324
-330
-325
-304
-273
-233
-186
-133
-69
-8
52
102
144
175
195
206
202
197
184
166
154
137
134
129
132
136
134
138
139
143
134
133
127
106
81
60
44
32
10
-8
-29
-38
-33
-30
-19
-4
6
7
7
15
25
28
19
-11
-49
-89
-125
-153
-190
-209
-228
-222
-202
-185
-157
-120
-72
-15
43
94
136
170
198
223
243
244
242
230
209
189
176
166
158
148
137
120
104
97
86
73
59
38
15
-14
-45
-76
-101
-122
-148
-162
-173
-178
-178
-170
-160
-139
-111
-91
-65
-42
-10
26
57
82
92
105
107
102
99
87
68
49
28
-6
-43
-70
-95
-121
-139
-155
-168
-169
-147
-125
-100
-67
-37
-1
51
101
142
172
196
202
202
204
191
178
166
145
128
117
107
93
78
68
44
32
19
1
-9
-32
-57
-81
-107
-131
-162
-193
-232
-256
-272
-291
-303
-309
-313
-309
-295
-273
-246
-216
-182
-152
-125
-89
-66
-33
10
38
68
100
135
173
206
231
246
256
269
282
279
274
267
244
227
199
169
139
117
102
78
64
49
36
31
22
15
13
2
-25
-59
-89
-129
-169
-199
-236
-273
-296
-297
-291
-276
-241
-203
-151
-87
-23
44
115
184
244
302
348
372
391
406
405
387
373
352
332
309
286
254
230
207
181
159
128
102
82
55
29
0
-35
-78
-123
-159
-213
-261
-304
-341
-387
-423
-450
-469
-480
-475
-470
-454
-433
-402
-358
-317
-282
-261
-232
-205
-168
-138
-94
-61
-25
15
56
99
142
188
224
256
297
324
357
380
395
405
404
400
384
359
329
286
244
196
141
81
20
-41
-101
-150
-193
-230
-262
-288
-311
-318
-331
-336
-339
-338
-329
-322
-313
-295
-276
-245
-207
-159
-109
-49
18
87
171
253
323
386
443
480
511
530
539
527
506
473
431
390
343
296
241
192
144
93
50
15
-19
-55
-97
-128
-169
-204
-238
-280
-318
-367
-399
-422
-437
-440
-437
-422
-391
-356
-308
-253
-195
-143
-96
-51
-19
13
39
53
64
68
59
54
56
60
63
73
87
97
118
137
165
194
226
253
257
272
273
260
259
234
196
160
124
86
46
16
-15
-37
-48
-54
-61
-65
-75
-90
-101
-109
-119
-128
-135
-152
-158
-171
-182
-179
-170
-153
-139
-114
-83
-44
0
43
90
132
182
220
246
279
298
323
326
317
301
280
259
225
199
163
116
85
45
7
-33
-68
-97
-122
-134
-144
-145
-149
-150
-151
-147
-138
-131
-120
-116
-119
-118
-116
-128
-132
-138
-134
-130
-123
-116
-110
-102
-92
-69
-49
-31
-17
-8
4
8
12
10
0
-8
-21
-37
-49
-61
-64
-60
-49
-37
-20
3
25
52
70
96
116
131
135
127
125
126
122
114
102
94
87
85
81
75
64
50
29
10
4
-1
-12
-34
-53
-70
-81
-85
-86
-77
-75
-72
-64
-52
-30
-13
7
21
31
37
40
45
42
39
30
10
-5
-23
-29
-33
-36
-33
-30
-25
-15
0
20
36
47
60
69
71
72
72
60
42
27
7
-12
-25
-42
-51
-64
-72
-79
-81
-83
-81
-78
-81
-85
-103
-113
-127
-144
-155
-173
-194
-213
-233
-245
-248
-240
-235
-222
-203
-177
-141
-105
-69
-36
1
38
68
99
122
137
149
160
161
166
181
188
197
205
211
212
208
205
204
198
188
168
141
115
93
75
52
25
-7
-42
-68
-91
-103
-112
-114
-118
-123
-129
-133
-127
-113
-103
-96
-90
-87
-83
-67
-43
-25
-4
11
20
33
57
82
108
123
132
137
133
141
137
133
122
94
68
43
19
-1
-17
-26
-41
-56
-69
-79
-83
-88
-98
-113
-121
-128
-134
-138
-139
-135
-137
-133
-133
-134
-125
-122
-112
-106
-96
-84
-67
-52
-43
-35
-28
-24
-19
-17
-9
-3
-2
6
17
32
50
67
83
100
117
130
145
160
176
193
208
213
218
217
203
194
187
175
160
151
132
113
101
83
56
29
2
-30
-62
-84
-100
-117
-132
-144
-156
-155
-145
-128
-116
-98
-79
-71
-57
-42
-23
-9
6
11
24
42
57
67
75
91
95
101
108
117
132
143
137
126
110
85
56
23
-10
-44
-80
-114
-149
-172
-183
-188
-188
-185
-173
-162
-142
-119
-101
-84
-72
-62
-51
-35
-26
-27
-31
-34
-38
-40
-40
-40
-41
-35
-30
-29
-24
-21
-24
-25
-30
-35
-37
-42
-52
-59
-57
-55
-47
-36
-15
5
22
43
64
79
92
101
95
93
88
85
77
60
37
19
3
-12
-20
-28
-33
-36
-33
-30
-28
-34
-48
-72
-96
-117
-142
-165
-192
-221
-247
-256
-253
-243
-229
-199
-160
-118
-69
-20
28
75
109
134
154
167
169
164
159
150
133
131
130
134
141
166
183
201
230
248
261
272
277
264
252
233
195
158
127
86
47
14
-9
-34
-49
-52
-48
-45
-37
-30
-22
-13
-8
-8
-5
-3
-8
-20
-27
-26
-24
-15
1
16
34
60
91
113
140
165
176
177
179
177
165
150
122
83
50
14
-22
-50
-66
-84
-92
-101
-107
-110
-110
-110
-114
-117
-127
-138
-151
-160
-173
-183
-194
-198
-202
-195
-184
-162
-133
-106
-83
-60
-37
-21
-7
2
4
5
6
-5
-13
-20
-14
-13
-20
-15
-6
15
40
75
102
124
150
170
183
195
202
209
198
186
162
137
117
91
62
35
13
-8
-25
-33
-40
-46
-51
-63
-70
-80
-96
-114
-131
-147
-165
-172
-178
-180
-170
-164
-148
-131
-111
-84
-49
-8
33
67
99
130
157
177
192
213
222
227
229
222
208
195
180
152
123
93
64
38
16
-6
-28
-45
-53
-70
-75
-74
-67
-55
-45
-29
-16
-1
14
25
32
37
42
45
41
39
40
32
27
24
20
19
25
37
39
52
67
75
83
94
104
101
98
90
68
42
24
2
-20
-39
-51
-62
-65
-62
-51
-38
-23
-9
1
19
20
17
14
3
-15
-42
-66
-92
-118
-132
-147
-161
-168
-177
-183
-183
-184
-180
-172
-164
-160
-149
-136
-125
-119
-108
-91
-80
-68
-54
-31
-16
2
19
25
32
29
22
16
13
2
3
-2
-19
-31
-32
-34
-37
-28
-23
-14
-5
7
15
27
39
39
35
31
26
21
19
12
1
-6
-8
-5
-7
8
18
31
55
74
90
103
111
112
115
111
101
82
66
51
35
20
5
-3
-12
-9
-1
9
30
53
73
93
109
122
134
143
153
168
179
180
179
176
164
147
132
111
86
70
47
24
7
-10
-20
-37
-43
-56
-65
-68
-66
-65
-70
-69
-79
-89
-97
-94
-99
-103
-106
-117
-119
-118
-108
-103
-94
-79
-65
-38
-15
11
32
47
60
67
69
62
50
41
27
5
-13
-29
-47
-66
-77
-90
-97
-98
-101
-101
-96
-84
-82
-76
-74
-77
-89
-108
-122
-135
-150
-160
-175
-189
-189
-188
-180
-172
-161
-148
-131
-103
-78
-54
-32
-13
5
22
35
43
55
66
75
85
100
117
136
159
184
199
212
227
240
245
252
246
230
210
195
170
143
134
115
84
59
44
17
-1
-9
-27
-40
-52
-65
-79
-90
-96
-116
-134
-145
-158
-164
-157
-138
-124
-107
-78
-54
-31
2
34
58
82
101
111
119
139
149
154
163
175
175
168
174
172
169
163
155
144
125
119
98
73
57
25
-13
-44
-78
-107
-133
-151
-175
-194
-201
-205
-197
-181
-163
-157
-138
-126
-118
-104
-87
-69
-57
-43
-29
-20
-5
20
38
52
72
84
92
112
131
138
145
154
153
139
130
118
98
80
59
42
29
18
8
-7
-14
-19
-22
-28
-34
-37
-45
-51
-63
-79
-98
-110
-124
-138
-150
-162
-167
-180
-189
-188
-189
-185
-180
-167
-158
-147
-137
-132
-123
-115
-108
-101
-96
-85
-73
-50
-25
0
23
48
75
95
123
141
151
155
156
150
133
120
109
96
76
52
26
12
-1
-10
-12
-10
-7
-6
-6
-7
-9
-5
-2
-2
-1
5
2
0
-3
-7
2
7
12
17
18
27
32
42
54
58
60
62
59
52
51
58
65
71
68
58
46
41
37
30
33
35
30
26
28
27
36
46
55
62
75
92
101
114
115
114
109
101
88
77
68
53
40
19
3
-15
-30
-41
-52
-59
-58
-55
-54
-44
-33
-35
-33
-30
-35
-37
-38
-46
-55
-56
-70
-86
-99
-109
-113
-117
-110
-105
-102
-94
-83
-69
-52
-32
-20
-7
-1
0
1
7
10
11
15
16
11
12
16
24
33
43
44
38
33
25
24
21
16
5
-13
-22
-28
-38
-39
-41
-44
-48
-50
-54
-56
-51
-50
-52
-62
-68
-69
-72
-71
-75
-71
-68
-60
-41
-21
4
31
52
75
93
109
121
125
129
129
128
123
112
99
82
71
64
62
64
72
84
93
103
109
110
108
101
92
81
68
48
20
-13
-41
-66
-92
-112
-121
-127
-130
-127
-121
-112
-95
-84
-75
-65
-67
-68
-71
-68
-56
-52
-50
-45
-44
-39
-32
-19
2
19
32
47
58
68
77
77
79
78
75
73
67
59
45
43
40
35
29
22
24
23
23
24
22
18
14
10
1
-3
-5
-19
-29
-39
-47
-55
-58
-64
-70
-68
-65
-63
-64
-58
-49
-40
-28
-8
3
8
17
25
32
35
43
46
51
59
65
72
74
72
65
60
55
48
40
33
23
14
1
-5
-14
-22
-30
-41
-49
-56
-59
-62
-61
-63
-67
-67
-66
-67
-65
-61
-59
-61
-68
-72
-78
-84
-84
-85
-84
-82
-83
-83
-86
-91
-89
-88
-84
-82
-80
-74
-65
-59
-56
-59
-64
-69
-73
-70
-61
-48
-31
-14
-2
6
18
36
54
71
83
94
102
107
108
110
109
106
92
82
70
61
51
44
37
27
18
11
7
9
8
10
17
21
29
29
32
33
33
35
33
35
33
28
29
32
34
38
39
40
40
44
49
52
55
57
58
57
66
74
75
76
64
57
46
36
31
24
16
4
-6
-19
-37
-48
-58
-63
-65
-68
-68
-66
-60
-53
-46
-42
-37
-41
-45
-48
-54
-59
-68
-75
-85
-99
-106
-110
-106
-96
-87
-74
-63
-49
-36
-23
-6
6
20
26
28
31
28
27
16
10
3
-4
-6
-5
0
10
21
34
43
48
61
69
80
89
93
94
86
74
66
55
47
42
30
16
6
0
-3
-2
4
7
7
6
8
12
19
26
27
26
25
18
16
20
26
29
30
30
25
25
28
25
23
18
13
4
-9
-20
-26
-31
-39
-44
-50
-57
-54
-50
-43
-39
-34
-30
-29
-26
-26
-24
-22
-23
-24
-31
-39
-44
-50
-49
-45
-43
-37
-31
-24
-12
-4
-1
3
3
5
4
-2
-8
-18
-26
-36
-46
-52
-56
-50
-43
-33
-21
-8
6
22
42
57
71
86
92
99
101
99
95
88
80
67
54
43
32
28
23
15
8
3
-3
-3
-2
-1
4
9
16
19
18
19
21
20
20
17
15
14
13
12
13
10
5
0
-2
-5
-7
-7
-9
-10
-12
-15
-18
-20
-23
-23
-23
-21
-21
-23
-25
-23
-19
-16
-11
-5
-1
3
9
18
23
27
28
24
19
9
0
-6
-14
-24
-39
-55
-70
-82
-93
-105
-113
-115
-116
-116
-112
-108
-98
-88
-77
-67
-55
-41
-24
-10
7
23
34
46
55
60
65
69
74
77
78
76
77
75
70
66
61
55
54
55
55
54
54
52
48
50
52
52
54
53
51
45
39
39
35
31
27
19
13
8
3
-1
-3
-3
-3
-7
-8
-9
-11
-9
-10
-13
-17
-23
-28
-34
-37
-37
-38
-37
-33
-27
-20
-10
3
17
31
42
52
58
59
59
53
44
31
12
-7
-29
-54
-75
-91
-108
-124
-135
-145
-149
-148
-144
-131
-118
-102
-84
-66
-47
-24
0
18
36
53
68
78
86
95
100
105
106
106
103
99
93
88
79
73
67
59
51
44
38
36
34
32
29
25
20
16
9
2
-3
-10
-20
-28
-38
-49
-60
-70
-77
-82
-87
-90
-91
-90
-86
-83
-78
-72
-62
-52
-42
-32
-24
-14
-5
2
13
22
31
42
51
62
71
79
85
87
88
85
83
75
66
53
39
24
8
-11
-28
-43
-54
-66
-74
-82
-90
-94
-100
-105
-105
-104
-103
-103
-99
-94
-87
-79
-70
-58
-46
-31
-16
1
18
38
54
69
82
91
99
104
108
109
106
102
94
86
76
67
59
52
48
45
42
40
38
36
34
32
27
18
11
1
-10
-20
-29
-37
-44
-50
-55
-56
-55
-52
-49
-42
-38
-36
-35
-36
-35
-30
-31
-28
-23
-18
-14
-6
3
10
20
32
42
52
61
68
73
76
80
76
70
62
50
33
21
7
-8
-24
-38
-52
-64
-72
-78
-82
-85
-90
-93
-92
-90
-87
-83
-76
-69
-59
-51
-38
-25
-11
5
18
31
41
53
60
66
69
67
64
58
51
45
40
33
30
29
27
28
27
27
30
32
33
32
30
25
17
11
4
-7
-17
-26
-34
-39
-39
-38
-39
-38
-37
-34
-26
-18
-16
-13
-10
-7
-8
-8
-9
-11
-15
-17
-18
-14
-13
-9
-7
-5
-1
4
9
13
17
19
21
20
18
12
5
1
-4
-8
-9
-11
-10
-8
-4
1
8
11
14
18
18
19
18
18
14
9
3
-4
-7
-8
-6
-4
2
7
13
20
29
41
50
56
56
54
53
52
46
38
29
19
9
-1
-9
-15
-18
-22
-26
-30
-31
-32
-34
-34
-34
-32
-33
-34
-36
-41
-44
-45
-45
-48
-51
-54
-59
-59
-59
-56
-55
-53
-53
-51
-44
-37
-31
-26
-18
-10
-2
7
15
22
28
33
36
37
36
34
29
24
20
13
6
-1
-8
-12
-18
-22
-25
-28
-29
-28
-31
-30
-28
-30
-31
-32
-33
-34
-36
-39
-40
-39
-38
-38
-36
-33
-33
-29
-23
-20
-14
-8
-3
2
10
18
25
31
38
46
55
61
66
70
72
71
71
68
64
58
51
45
36
28
17
8
-2
-10
-14
-19
-22
-24
-22
-22
-19
-17
-14
-11
-8
-5
-2
0
2
3
3
2
3
3
1
0
5
7
9
13
16
19
23
26
27
26
23
16
11
5
-1
-10
-18
-25
-31
-34
-35
-36
-32
-28
-22
-13
-6
2
11
16
21
23
22
19
14
7
-2
-9
-16
-24
-32
-37
-40
-41
-38
-37
-33
-30
-27
-24
-20
-17
-16
-14
-14
-15
-16
-16
-15
-13
-10
-4
2
10
21
33
43
54
64
71
77
80
81
80
74
67
57
48
39
29
21
13
7
3
1
-2
-3
-4
-4
-5
-4
-4
-7
-11
-14
-17
-20
-23
-25
-25
-26
-24
-21
-18
-12
-7
-2
3
8
10
14
15
16
17
16
16
16
17
17
19
19
22
25
28
30
31
32
31
28
24
18
11
4
-4
-13
-21
-28
-35
-39
-42
-44
-43
-43
-40
-37
-34
-30
-28
-25
-22
-21
-19
-17
-17
-14
-11
-9
-6
-2
3
8
12
17
21
24
27
28
29
28
26
23
21
19
19
18
19
21
23
26
29
33
36
41
42
42
41
39
35
30
22
14
6
-2
-10
-17
-23
-28
-32
-35
-36
-37
-38
-39
-38
-39
-39
-38
-38
-37
-34
-33
-31
-25
-19
-10
-1
8
18
30
40
50
58
65
71
73
74
72
69
64
57
48
40
30
21
12
4
-3
-11
-20
-26
-33
-41
-50
-57
-66
-72
-77
-82
-85
-86
-85
-81
-76
-68
-59
-47
-36
-23
-10
4
16
27
36
42
48
50
52
53
53
52
49
47
44
43
41
38
36
34
32
29
24
18
12
3
-5
-13
-23
-31
-41
-47
-53
-56
-58
-60
-58
-53
-48
-41
-34
-26
-18
-13
-7
0
5
9
14
17
20
25
27
31
33
35
37
39
40
42
42
40
38
35
30
25
19
14
8
5
0
-4
-7
-9
-11
-10
-10
-8
-5
-4
-3
-2
-3
-2
-2
-3
-3
-4
-4
-5
-4
-6
-7
-6
-7
-7
-6
-6
-5
-4
-4
-3
-4
-4
-5
-5
-7
-7
-7
-8
-9
-8
-9
-8
-6
-6
-4
0
2
5
6
7
7
7
6
3
1
-3
-7
-10
-16
-21
-25
-30
-34
-36
-36
-37
-33
-29
-25
-21
-16
-9
-1
5
11
17
20
24
28
30
29
31
29
29
29
30
28
28
29
27
28
27
25
25
25
20
16
11
3
-4
-12
-20
-28
-32
-39
-40
-42
-42
-38
-34
-27
-20
-11
-3
8
18
25
33
38
41
43
44
44
43
43
40
37
35
32
30
28
28
25
24
20
17
13
6
0
-6
-15
-23
-31
-41
-49
-57
-64
-69
-75
-78
-79
-79
-78
-75
-71
-67
-61
-55
-47
-40
-29
-20
-12
1
10
20
30
37
44
51
55
58
62
62
64
62
59
56
53
48
43
37
31
25
19
13
6
-1
-10
-17
-26
-32
-40
-45
-50
-54
-55
-57
-55
-50
-43
-35
-24
-13
-2
8
17
24
30
33
33
34
32
29
26
22
19
17
14
13
13
15
17
22
25
26
29
29
29
27
25
19
16
9
4
0
-6
-9
-10
-11
-9
-7
-3
0
2
4
3
1
-3
-9
-17
-25
-36
-44
-53
-61
-65
-67
-68
-64
-61
-52
-42
-32
-21
-10
0
7
14
20
22
24
25
24
22
22
21
21
22
25
27
30
34
35
37
36
34
31
24
17
8
-1
-12
-22
-31
-36
-40
-43
-40
-37
-31
-22
-13
-3
6
12
19
24
27
27
27
25
21
16
12
7
6
5
4
5
6
8
11
14
15
14
13
11
8
4
0
-6
-12
-15
-20
-22
-21
-19
-15
-11
-4
2
8
12
16
18
18
17
16
14
9
6
4
2
2
1
2
3
6
8
9
10
9
7
4
-1
-5
-12
-18
-24
-29
-33
-36
-38
-38
-36
-35
-30
-25
-23
-19
-16
-13
-12
-12
-14
-16
-19
-20
-22
-23
-20
-16
-10
-2
7
16
27
36
43
50
56
58
57
54
48
43
35
27
19
11
4
1
-2
-4
-4
-5
-4
-3
-1
0
1
-1
-3
-8
-12
-18
-22
-27
-31
-34
-36
-36
-34
-30
-26
-22
-16
-10
-4
0
5
8
11
12
14
16
17
19
20
21
24
26
30
33
35
35
36
35
33
30
25
20
14
8
3
-3
-8
-13
-19
-22
-25
-28
-29
-31
-32
-37
-39
-42
-44
-46
-48
-49
-50
-46
-44
-37
-30
-22
-12
-2
12
24
35
45
52
57
59
59
58
55
48
41
34
27
21
16
12
10
8
6
5
4
2
0
-1
-5
-8
-11
-15
-21
-24
-28
-32
-34
-34
-33
-31
-28
-25
-19
-13
-7
-2
1
4
7
8
10
13
12
10
9
8
8
10
12
14
14
15
17
18
20
19
18
16
16
14
13
11
8
6
6
5
6
4
5
3
0
-3
-6
-10
-14
-20
-27
-32
-38
-43
-46
-47
-49
-47
-44
-38
-31
-24
-16
-10
-2
5
12
17
21
24
26
26
26
26
26
27
26
27
30
33
36
38
39
40
39
37
33
28
21
11
2
-7
-16
-23
-30
-34
-38
-41
-43
-43
-40
-38
-34
-29
-26
-21
-17
-15
-12
-10
-7
-5
-1
3
5
9
14
19
24
29
33
36
39
39
39
37
34
31
28
22
17
11
6
1
-4
-8
-12
-13
-13
-15
-17
-19
-22
-25
-26
-28
-31
-32
-33
-33
-33
-31
-28
-26
-22
-16
-11
-5
1
6
9
11
11
12
10
10
9
6
4
2
2
2
3
6
8
11
15
17
19
19
19
18
17
14
10
7
4
1
-2
-5
-7
-9
-9
-9
-6
-5
-5
-5
-6
-7
-8
-10
-12
-14
-16
-17
-21
-22
-23
-24
-22
-19
-16
-13
-9
-6
-2
2
5
6
8
8
8
7
5
4
4
5
6
7
8
9
12
13
15
16
15
13
13
11
8
7
5
3
4
4
5
6
8
11
14
16
17
17
18
18
16
13
10
4
1
-3
-6
-10
-12
-12
-13
-13
-13
-10
-8
-5
-1
2
5
7
8
10
10
10
10
8
6
6
5
4
4
6
6
8
10
10
12
14
15
13
12
10
7
3
3
-1
-5
-7
-9
-11
-12
-12
-14
-15
-14
-15
-15
-15
-15
-15
-15
-15
-15
-16
-14
-13
-13
-10
-10
-9
-10
-9
-8
-9
-8
-6
-7
-5
-5
-4
-2
1
3
4
6
9
9
12
15
16
18
19
21
20
20
20
20
17
16
14
11
8
4
1
-2
-5
-10
-12
-17
-19
-21
-21
-22
-22
-23
-23
-24
-22
-21
-20
-18
-17
-16
-14
-13
-11
-10
-8
-8
-7
-6
-4
-2
1
4
7
11
14
18
23
27
29
30
31
30
29
27
22
18
13
8
2
-2
-6
-9
-12
-12
-12
-14
-15
-12
-13
-11
-11
-12
-14
-15
-17
-18
-19
-19
-20
-20
-19
-19
-16
-12
-6
-1
5
11
16
20
23
26
28
27
25
25
22
21
18
16
15
13
12
11
12
12
13
14
14
14
12
10
6
2
-3
-7
-12
-17
-18
-22
-22
-23
-22
-20
-19
-17
-15
-13
-12
-13
-13
-15
-16
-18
-21
-24
-25
-25
-25
-22
-18
-14
-8
-2
5
12
19
26
30
34
36
36
35
33
30
25
22
17
13
10
8
6
4
3
3
1
0
-1
-3
-5
-10
-13
-16
-22
-26
-29
-32
-34
-35
-34
-33
-31
-27
-22
-16
-12
-7
-2
2
7
10
10
10
11
11
12
11
11
12
11
12
14
16
18
20
20
21
20
19
19
17
15
12
9
6
3
2
1
0
0
-1
0
0
0
-2
-2
-2
-4
-6
-8
-12
-15
-17
-18
-19
-22
-21
-20
-18
-14
-10
-7
-2
0
3
6
9
11
12
12
14
13
14
14
14
15
16
17
18
19
21
22
23
22
21
19
16
14
10
5
2
-1
-3
-6
-6
-8
-10
-10
-10
-13
-12
-11
-13
-14
-15
-15
-16
-18
-20
-20
-22
-22
-21
-19
-17
-14
-12
-8
-5
-1
2
4
6
7
10
11
12
14
13
12
12
13
15
15
17
19
21
22
23
24
23
21
19
17
14
11
7
3
-1
-4
-7
-9
-11
-12
-12
-11
-9
-10
-10
-8
-7
-6
-6
-7
-7
-7
-10
-9
-11
-10
-10
-8
-6
-4
-2
0
4
7
8
11
12
13
11
11
11
9
8
6
5
4
5
5
7
9
10
12
14
15
15
15
15
14
13
10
6
0
-3
-6
-9
-12
-13
-15
-14
-14
-12
-12
-11
-8
-7
-6
-4
-5
-5
-6
-6
-8
-9
-10
-10
-10
-10
-8
-5
-4
-1
-1
2
4
5
6
5
5
6
5
6
5
4
3
3
4
4
6
6
6
8
8
8
8
7
5
2
1
-2
-5
-7
-10
-11
-13
-14
-15
-15
-14
-13
-12
-11
-10
-8
-7
-5
-5
-6
-5
-6
-6
-6
-6
-5
-4
-2
-1
-1
3
4
6
8
10
12
11
12
11
11
10
10
9
9
8
6
6
5
4
4
4
5
5
4
4
5
4
2
2
0
-1
-2
-3
-4
-4
-6
-7
-7
-8
-8
-8
-7
-8
-8
-9
-7
-6
-3
-4
-3
-1
0
4
5
6
7
8
10
9
11
10
9
8
7
6
5
4
3
2
1
1
2
2
2
2
2
2
3
2
1
-1
-1
-2
-5
-7
-9
-10
-12
-13
-14
-15
-16
-15
-14
-12
-12
-9
-7
-4
-1
2
4
6
7
8
10
9
10
10
10
9
8
8
6
6
6
7
7
5
4
4
5
4
4
5
3
4
2
1
-2
-3
-4
-6
-8
-11
-13
-15
-17
-18
-17
-18
-17
-16
-13
-12
-10
-8
-6
-5
-3
-1
0
1
2
3
3
2
2
2
3
1
2
2
2
4
5
6
5
7
7
7
7
7
5
6
3
2
0
-1
-2
-2
-4
-6
-8
-9
-8
-9
-10
-11
-14
-13
-11
-10
-9
-8
-6
-3
-2
0
3
4
6
8
9
9
8
7
7
6
4
3
2
2
1
1
2
4
5
8
10
12
11
11
12
10
9
5
3
0
-4
-9
-12
-15
-16
-20
-21
-21
-19
-16
-14
-10
-8
-4
-2
1
3
4
3
2
2
1
-1
-3
-3
-4
-4
-2
-1
1
3
6
10
13
15
17
19
19
21
20
18
17
14
13
11
7
5
2
1
-1
-2
-4
-5
-5
-5
-6
-7
-6
-7
-8
-7
-8
-9
-7
-6
-5
-4
-3
-3
-2
-4
-4
-3
-5
-5
-5
-6
-7
-8
-8
-6
-5
-3
0
2
5
8
11
13
14
14
14
12
9
6
4
0
-4
-8
-10
-11
-11
-11
-10
-7
-5
-2
2
5
6
8
9
8
6
4
1
0
-4
-6
-9
-11
-12
-12
-11
-9
-6
-4
0
4
7
10
12
13
14
12
12
11
8
6
5
3
2
0
1
1
1
2
3
3
2
1
2
2
1
1
1
1
1
1
0
2
2
1
2
1
1
0
0
-1
-2
-2
-4
-6
-6
-7
-6
-4
-4
-3
0
3
5
7
10
11
13
13
12
13
10
8
4
1
-2
-4
-5
-6
-7
-5
-3
-2
1
3
6
9
10
10
10
9
7
6
3
1
-1
-5
-6
-9
-9
-10
-10
-8
-7
-5
-4
-3
-1
1
2
3
2
2
2
1
0
-2
-1
-3
-4
-5
-6
-5
-5
-5
-5
-5
-4
-4
-3
-3
-2
-1
0
-1
0
-1
0
0
-1
-1
-2
-3
-4
-6
-7
-8
-9
-11
-10
-11
-11
-10
-8
-8
-6
-4
-2
0
3
4
3
3
2
1
0
-1
-3
-4
-6
-6
-6
-7
-8
-5
-4
-2
-1
2
4
6
8
10
11
11
11
10
9
8
7
5
3
2
0
1
0
0
2
2
3
5
4
5
5
4
5
4
4
4
2
2
0
0
-1
-3
-4
-4
-4
-3
-4
-3
-3
-4
-4
-5
-3
-3
-2
0
-1
1
3
3
4
5
5
6
6
5
4
4
1
0
0
-2
-2
-3
-2
-2
0
2
4
5
6
7
7
8
6
6
5
3
2
0
0
-1
-3
-4
-5
-5
-3
-2
0
3
5
5
6
9
9
10
10
9
8
6
4
2
-1
-1
-2
-2
-3
-4
-3
-1
-1
1
2
4
5
5
5
4
2
0
-2
-5
-5
-6
-8
-9
-10
-11
-13
-11
-11
-10
-8
-7
-7
-7
-6
-5
-7
-5
-5
-5
-5
-5
-5
-6
-4
-3
-3
-3
-1
1
0
1
3
3
5
5
7
8
8
9
9
8
8
9
11
10
10
10
10
7
5
5
3
2
2
2
2
1
0
0
-1
-2
1
1
0
2
0
0
1
1
0
-1
-2
-2
-5
-7
-7
-9
-10
-9
-7
-6
-5
-3
-2
0
2
1
1
4
4
4
5
4
1
-1
-1
-2
-3
-2
-3
-2
-2
-2
-1
1
2
4
5
6
7
6
6
6
5
4
3
1
0
-1
-3
-4
-4
-3
-4
-4
-3
-3
-3
-2
-4
-4
-4
-1
1
0
0
-1
-2
-3
-3
-5
-4
-5
-7
-8
-8
-10
-12
-11
-11
-11
-10
-8
-8
-6
-3
-2
-2
-1
0
1
-1
-2
-2
-4
-4
-5
-7
-7
-7
-8
-8
-8
-7
-5
-4
-1
3
5
6
7
8
7
6
6
4
2
2
1
1
0
-1
0
0
2
1
3
6
6
8
8
9
10
9
9
9
6
5
3
2
0
1
1
1
1
-1
-1
-1
-1
-2
0
0
-1
-1
-2
-1
-2
-3
-4
-3
-2
-2
-3
-1
-1
0
0
0
0
-1
-1
0
-1
-1
-2
-2
-1
-2
0
1
2
4
5
5
5
7
8
8
7
6
4
1
0
-1
-3
-2
-3
-3
-3
-1
-2
0
2
3
4
6
5
5
5
6
3
1
0
0
-2
-3
-3
-3
-3
-3
-2
-2
0
1
3
3
4
5
3
2
1
0
1
0
-2
-4
-5
-5
-5
-5
-5
-3
-3
-2
-2
-3
-1
-1
0
0
0
0
0
0
-1
-1
0
-1
-1
-1
-1
-1
-1
-2
-2
-1
0
-1
-1
-1
1
0
2
4
4
4
4
4
3
5
5
4
4
1
-1
-1
-2
-2
-2
-1
-2
-3
-3
-1
-1
-1
0
2
1
0
0
0
0
-1
-1
-2
-3
-4
-3
-2
-2
-1
0
1
1
3
3
4
4
4
2
4
2
3
2
1
0
0
0
-1
-2
-2
-1
-1
-1
0
0
1
0
0
-1
-1
-3
-3
-4
-5
-6
-5
-4
-5
-2
-1
-1
0
1
2
2
3
3
1
1
0
-1
-2
-2
-3
-2
-1
-1
0
2
4
5
7
8
9
9
8
7
4
2
-1
-4
-7
-8
-9
-8
-9
-8
-8
-7
-6
-3
0
0
1
2
0
0
-1
-3
-3
-5
-6
-8
-8
-6
-6
-5
-4
-2
0
3
6
7
9
10
10
10
10
9
7
4
2
-1
-1
-2
-2
-3
-2
-3
-2
-1
0
1
2
3
2
1
0
-1
-3
-4
-4
-6
-6
-7
-5
-6
-5
-5
-4
-3
-1
0
1
1
0
2
2
2
3
4
3
3
3
5
5
5
7
6
6
7
6
7
6
5
4
4
3
1
1
1
1
0
1
1
0
1
2
2
2
