-6
-7
-7
-6
-5
-4
-3
-3
-3
-4
-3
-2
-1
0
-1
0
-1
-1
-1
0
1
3
3
2
3
4
3
3
4
7
7
7
5
4
4
4
5
7
8
8
8
6
8
7
8
9
10
10
7
6
5
7
7
7
7
8
7
7
7
7
8
8
7
6
6
4
3
4
4
5
6
6
5
7
4
4
6
5
3
3
4
4
3
2
2
2
2
2
1
3
3
1
1
1
-1
-1
-1
-2
-2
-3
-3
-4
-3
-3
-3
-3
-3
-4
-5
-6
-7
-7
-8
-8
-8
-7
-7
-7
-6
-5
-4
-4
-6
-7
-6
-7
-9
-8
-6
-6
-7
-6
-6
-5
-5
-4
-4
-4
-4
-4
-4
-3
-3
-3
-4
-2
-1
-1
0
0
1
1
0
0
0
0
0
-1
1
2
2
1
2
4
4
4
4
3
5
4
3
4
5
4
2
2
3
2
4
5
4
4
3
4
3
3
3
3
2
3
4
5
5
6
7
6
6
6
7
6
7
7
8
9
8
7
9
9
9
9
9
10
10
9
7
7
8
6
5
5
4
3
4
4
4
4
3
2
1
1
0
-1
-1
-2
-4
-6
-4
-3
-4
-3
-5
-5
-6
-7
-7
-7
-8
-8
-10
-10
-11
-10
-11
-10
-10
-11
-12
-12
-12
-11
-12
-12
-13
-13
-13
-15
-13
-12
-12
-12
-12
-12
-12
-12
-14
-13
-11
-12
-12
-12
-12
-11
-12
-11
-10
-9
-9
-10
-8
-7
-7
-7
-7
-6
-6
-6
-6
-5
-5
-5
-6
-6
-4
-4
-2
-2
-1
-1
-2
-1
0
1
1
0
2
2
4
4
4
4
5
4
3
4
5
5
5
5
6
6
7
8
7
7
7
7
8
9
10
9
10
10
10
8
9
9
8
8
9
9
10
9
10
11
10
12
11
10
11
11
11
11
11
11
10
9
8
8
8
6
5
6
6
7
7
6
6
5
4
4
3
3
3
2
2
3
2
1
3
2
1
0
0
-1
-1
-1
-1
0
-1
-2
-2
-3
-3
-4
-5
-5
-5
-5
-7
-8
-8
-8
-9
-9
-11
-11
-12
-12
-11
-10
-10
-11
-12
-12
-13
-13
-12
-12
-12
-12
-13
-13
-12
-12
-13
-12
-12
-13
-13
-12
-10
-10
-10
-11
-9
-8
-7
-7
-7
-5
-4
-3
-3
-4
-3
-3
-3
-2
-1
-2
-2
-1
0
0
2
2
0
0
1
2
4
4
3
2
2
3
4
5
6
6
5
5
7
8
8
9
10
9
11
11
10
13
12
11
12
13
13
12
13
14
14
14
14
14
13
13
13
14
15
14
13
14
14
14
13
13
12
11
10
11
12
10
10
9
8
9
8
7
7
6
3
5
4
5
4
4
3
2
3
2
2
1
-1
-1
0
0
-2
-1
-3
-3
-2
-3
-3
-4
-4
-4
-3
-2
-3
-4
-5
-6
-5
-6
-5
-6
-6
-6
-6
-6
-5
-5
-7
-8
-7
-7
-6
-7
-7
-9
-9
-7
-7
-7
-8
-10
-10
-9
-7
-7
-8
-9
-9
-9
-8
-9
-7
-7
-6
-7
-5
-5
-5
-5
-5
-5
-4
-4
-3
-5
-4
-4
-2
-1
-2
-1
-3
-4
-1
0
1
0
-1
-1
-1
2
3
3
2
0
2
3
4
4
3
2
2
4
5
6
6
4
4
4
5
7
6
6
5
6
7
7
8
7
4
6
7
7
8
7
7
6
8
9
8
6
5
5
6
8
8
8
6
4
5
7
8
8
5
5
5
6
7
7
4
3
4
4
5
7
5
4
3
3
4
5
5
3
2
1
3
3
4
2
1
1
2
3
2
1
-1
-1
1
1
2
0
0
-1
0
2
3
1
0
-2
-2
0
2
1
-1
-2
-2
-2
-1
0
-1
-3
-2
-1
-2
-1
-1
-3
-4
-3
-1
-1
-2
-3
-4
-4
-3
-2
-3
-5
-5
-5
-4
-3
-3
-5
-5
-6
-4
-3
-3
-5
-7
-7
-7
-5
-3
-3
-4
-5
-5
-3
-3
-4
-5
-5
-6
-3
-3
-3
-4
-5
-4
-3
-1
-1
-1
-2
-2
0
1
1
1
-1
-1
0
1
2
1
0
0
0
2
4
4
2
1
1
2
3
4
2
1
1
2
3
3
3
3
4
4
5
6
5
4
4
5
5
6
5
2
2
2
3
3
4
4
3
2
3
3
3
2
1
1
1
2
4
2
1
1
0
1
3
2
2
0
-1
1
1
0
-1
-1
-1
-1
0
0
0
-2
-1
0
2
2
1
0
-1
0
-1
2
1
0
-1
-1
0
2
1
-1
-1
0
1
1
1
1
0
0
1
2
2
1
0
1
2
3
2
3
2
1
1
2
2
1
0
-1
0
0
1
0
-2
-3
-2
-1
0
-1
-2
-3
-4
-4
-4
-4
-6
-7
-8
-8
-9
-8
-9
-11
-10
-11
-11
-10
-11
-13
-14
-15
-14
-12
-12
-14
-13
-13
-12
-11
-10
-9
-10
-10
-9
-7
-7
-7
-6
-6
-5
-4
-3
-2
-2
-2
-1
1
3
5
5
5
8
8
10
10
10
10
10
11
13
15
14
14
15
16
16
17
17
15
15
15
15
16
14
13
12
11
11
11
9
8
7
5
3
3
1
1
-2
-4
-4
-7
-7
-8
-9
-10
-9
-9
-10
-11
-11
-13
-15
-14
-13
-13
-15
-17
-16
-16
-14
-13
-13
-13
-12
-11
-10
-8
-7
-7
-7
-6
-4
-2
-1
1
1
2
4
7
9
9
9
9
10
12
15
16
15
15
15
17
19
19
19
18
17
19
18
18
17
17
15
14
14
14
12
10
10
9
9
8
7
4
3
2
1
-1
-3
-6
-8
-10
-12
-14
-14
-16
-18
-19
-21
-23
-25
-25
-27
-28
-29
-30
-32
-32
-32
-33
-34
-33
-33
-34
-34
-34
-33
-32
-30
-29
-29
-29
-28
-26
-23
-21
-18
-16
-14
-12
-8
-6
-4
-2
0
3
5
8
11
12
15
17
20
22
26
27
28
30
32
34
34
34
34
36
38
39
39
38
36
34
35
34
34
34
32
32
30
28
26
25
23
21
19
17
15
12
10
8
5
3
2
1
-1
-3
-6
-7
-10
-11
-13
-13
-15
-17
-18
-19
-19
-20
-22
-22
-23
-24
-24
-24
-24
-24
-24
-22
-22
-21
-22
-22
-21
-20
-19
-17
-16
-15
-15
-13
-11
-11
-9
-7
-6
-4
-3
-2
-1
0
1
3
3
4
4
5
4
6
6
7
9
7
9
9
10
9
10
9
7
7
7
5
4
5
3
2
0
0
0
-1
-2
-3
-4
-4
-6
-8
-9
-10
-10
-11
-12
-13
-14
-13
-16
-16
-16
-16
-16
-17
-18
-18
-19
-17
-18
-18
-18
-17
-16
-16
-16
-15
-14
-12
-12
-10
-9
-8
-6
-5
-3
-3
1
3
4
6
8
10
12
14
16
17
20
22
22
24
26
27
27
28
29
30
31
31
32
33
34
34
34
33
34
36
34
33
33
32
33
31
31
31
29
28
28
26
25
23
23
21
20
18
17
15
14
14
11
10
9
8
8
6
5
4
2
0
1
0
-3
-3
-6
-7
-8
-8
-9
-10
-11
-11
-12
-13
-13
-14
-14
-15
-15
-15
-17
-17
-18
-18
-17
-19
-20
-19
-20
-19
-18
-19
-18
-19
-19
-17
-17
-18
-18
-19
-19
-19
-19
-18
-19
-19
-18
-18
-17
-17
-17
-16
-16
-15
-14
-14
-13
-14
-14
-13
-12
-11
-12
-11
-9
-8
-7
-6
-6
-5
-5
-4
-3
-3
-3
-3
-3
-2
-1
-2
1
0
1
1
3
3
4
6
7
8
8
9
9
10
12
11
11
12
12
14
14
15
16
17
19
19
20
21
21
21
22
22
22
22
21
22
23
22
22
22
23
23
22
23
23
23
23
22
22
21
20
18
17
17
15
14
14
13
13
12
11
11
11
10
10
9
8
6
5
3
2
1
0
-1
-3
-4
-5
-5
-7
-7
-7
-8
-9
-10
-9
-10
-12
-14
-13
-14
-14
-15
-15
-16
-16
-17
-18
-18
-18
-18
-18
-18
-18
-19
-19
-18
-19
-19
-19
-19
-19
-18
-18
-19
-18
-16
-16
-16
-15
-13
-14
-13
-12
-12
-10
-10
-10
-9
-8
-9
-9
-8
-7
-5
-4
-4
-3
-2
0
0
1
2
2
1
2
2
3
3
3
3
3
4
4
5
4
5
6
7
9
8
8
9
10
11
11
11
10
10
11
12
13
13
14
14
13
14
14
16
16
16
16
16
16
16
14
15
13
12
11
11
11
11
11
11
11
11
10
9
9
9
8
6
6
5
4
3
1
0
0
0
0
0
-2
-2
-1
-3
-2
-2
-3
-4
-4
-4
-4
-5
-6
-6
-5
-5
-5
-5
-5
-5
-4
-4
-4
-4
-4
-4
-4
-5
-4
-5
-5
-5
-5
-6
-6
-7
-8
-9
-8
-9
-9
-9
-11
-11
-11
-12
-13
-14
-16
-17
-18
-19
-19
-20
-20
-20
-20
-21
-22
-21
-21
-22
-22
-22
-22
-21
-22
-20
-20
-20
-19
-19
-18
-18
-18
-16
-16
-14
-13
-11
-10
-9
-8
-5
-4
-4
-1
-1
1
2
4
5
7
8
9
11
13
15
18
20
19
21
22
24
24
26
27
27
27
28
29
30
32
32
32
33
33
31
32
32
32
31
30
30
28
27
25
24
21
20
19
17
15
14
12
11
9
7
6
4
2
-1
-2
-3
-5
-7
-8
-11
-12
-13
-15
-16
-17
-17
-18
-19
-20
-20
-21
-21
-20
-20
-20
-20
-18
-19
-20
-19
-17
-16
-14
-12
-10
-10
-9
-7
-6
-4
-3
-1
-1
0
1
4
5
6
9
8
10
12
12
12
13
12
13
14
15
14
13
13
13
10
10
9
8
7
7
5
3
2
1
0
-2
-5
-6
-7
-9
-11
-12
-13
-14
-16
-19
-21
-22
-23
-23
-25
-26
-27
-27
-28
-28
-29
-28
-29
-29
-29
-27
-27
-26
-25
-24
-22
-21
-20
-18
-17
-15
-14
-13
-11
-8
-6
-4
-3
-2
2
4
6
10
11
15
18
19
22
24
25
28
30
31
33
34
35
36
38
38
39
41
41
41
41
41
40
40
39
38
37
38
37
35
35
32
30
29
27
23
21
19
14
12
9
5
2
-1
-4
-7
-9
-13
-16
-19
-21
-24
-26
-28
-30
-33
-34
-35
-37
-37
-38
-39
-39
-40
-41
-42
-39
-38
-38
-38
-36
-36
-34
-32
-31
-28
-25
-24
-22
-20
-19
-17
-14
-11
-10
-9
-5
-3
-1
2
4
8
13
16
19
22
24
27
29
32
33
34
35
36
37
36
38
37
36
36
34
32
31
27
26
25
23
20
18
17
12
11
8
7
6
3
0
-2
-4
-6
-8
-10
-11
-14
-14
-17
-21
-21
-23
-26
-28
-30
-31
-34
-34
-35
-36
-35
-37
-38
-37
-37
-36
-36
-34
-34
-33
-30
-29
-26
-24
-20
-18
-16
-11
-10
-4
-1
1
3
7
10
12
15
18
19
21
24
23
25
25
26
27
28
28
28
28
29
29
31
32
32
32
33
33
32
32
33
30
31
28
27
26
26
25
20
19
16
13
12
7
5
3
-2
-5
-8
-10
-14
-15
-17
-20
-22
-22
-25
-27
-27
-27
-28
-28
-25
-27
-26
-25
-25
-24
-23
-22
-22
-20
-19
-19
-18
-17
-15
-14
-12
-11
-11
-11
-9
-9
-8
-7
-5
-5
-3
-1
1
4
7
8
11
14
15
19
19
23
24
26
29
30
32
31
32
33
32
32
32
30
28
26
25
22
20
19
16
15
13
12
11
9
7
5
5
3
1
0
-2
-4
-5
-7
-8
-9
-11
-11
-14
-15
-17
-19
-19
-21
-21
-24
-24
-27
-28
-27
-29
-30
-30
-32
-31
-32
-30
-30
-29
-27
-25
-24
-21
-20
-18
-15
-12
-10
-8
-4
-3
0
2
4
7
8
11
13
14
16
17
17
19
17
19
19
20
22
21
22
21
22
21
20
21
19
21
20
21
21
19
20
19
17
17
16
12
12
10
7
5
4
2
-1
-1
-4
-8
-7
-11
-12
-15
-16
-19
-21
-19
-21
-22
-20
-22
-22
-22
-21
-21
-21
-18
-19
-18
-18
-17
-15
-16
-15
-14
-14
-12
-12
-10
-10
-9
-7
-7
-7
-4
-3
-2
-2
0
3
3
7
5
8
10
10
12
13
14
16
16
18
18
19
20
20
21
21
20
20
18
18
16
15
15
13
12
10
9
8
6
4
3
3
1
-1
1
-1
-3
-3
-3
-5
-6
-5
-6
-8
-8
-9
-10
-11
-11
-12
-13
-12
-13
-12
-13
-15
-14
-15
-15
-15
-13
-12
-12
-12
-10
-10
-9
-8
-7
-5
-5
-4
-3
-3
-1
-1
1
2
2
4
4
6
5
7
7
7
8
7
7
8
9
10
9
10
11
11
11
11
12
13
12
13
13
15
14
14
15
14
13
14
13
13
12
11
10
10
10
10
8
9
7
6
6
3
3
1
0
-1
0
-1
-2
-1
0
-3
-3
-3
-3
-4
-4
-3
-4
-4
-3
-4
-4
-4
-4
-5
-5
-5
-7
-7
-8
-9
-8
-9
-9
-9
-8
-10
-9
-9
-8
-7
-6
-6
-5
-5
-3
-2
-2
0
1
2
1
1
3
3
2
2
3
5
5
4
6
4
5
6
5
5
5
5
4
3
4
4
5
4
5
5
3
3
2
5
6
5
5
4
4
5
4
4
4
3
2
0
0
0
-1
-2
-4
-6
-6
-8
-8
-10
-10
-11
-12
-12
-12
-13
-13
-14
-13
-12
-10
-11
-10
-9
-10
-9
-9
-8
-7
-6
-5
-4
-3
-2
-1
0
0
0
1
1
2
2
3
3
3
4
6
7
7
8
8
9
11
11
12
15
13
14
15
14
15
16
16
16
16
16
14
15
15
15
14
13
13
13
11
11
9
9
9
7
7
6
6
5
6
4
3
3
3
1
1
1
0
0
-1
0
0
-2
-3
-5
-5
-6
-6
-7
-9
-9
-10
-12
-13
-13
-13
-14
-14
-14
-15
-15
-15
-14
-14
-14
-13
-13
-13
-13
-12
-12
-12
-11
-10
-10
-9
-8
-6
-6
-4
-3
-2
-2
-1
-1
1
2
2
3
1
4
3
3
4
5
5
6
6
6
6
7
7
7
9
9
8
8
9
8
6
6
7
7
6
3
3
3
3
2
1
0
0
-1
-2
-2
-3
-4
-4
-4
-6
-6
-7
-8
-7
-7
-8
-9
-9
-9
-8
-9
-9
-9
-9
-9
-9
-8
-7
-7
-7
-7
-7
-6
-6
-6
-5
-5
-4
-5
-3
-2
-1
0
1
2
3
4
7
7
9
10
11
11
11
12
12
12
13
13
14
13
13
13
13
14
12
12
11
11
10
10
8
8
7
7
6
5
5
4
4
5
4
5
4
3
3
2
3
1
1
0
1
-1
-3
-4
-5
-7
-9
-9
-11
-12
-13
-15
-15
-15
-16
-17
-17
-17
-17
-15
-16
-15
-14
-14
-13
-14
-13
-13
-12
-12
-13
-11
-10
-9
-8
-8
-7
-6
-5
-3
-3
-2
-1
-1
0
1
0
1
1
2
2
2
2
2
1
2
2
4
3
5
4
4
5
6
7
8
7
9
9
11
12
12
11
11
12
12
12
12
11
11
11
10
9
9
9
7
6
5
5
4
3
2
0
-2
-1
-1
0
-1
-2
-4
-3
-3
-4
-4
-3
-3
-4
-4
-4
-5
-5
-5
-6
-6
-7
-7
-7
-8
-7
-6
-6
-7
-6
-6
-6
-5
-4
-4
-5
-4
-5
-4
-5
-5
-5
-5
-4
-4
-3
-2
-4
-4
-4
-2
-2
-1
1
2
4
4
5
6
6
8
9
9
10
10
9
10
9
10
9
8
9
6
5
4
3
2
-1
-2
-5
-5
-6
-7
-8
-11
-11
-13
-13
-13
-14
-13
-13
-12
-11
-11
-12
-13
-12
-10
-10
-9
-9
-9
-8
-8
-7
-9
-8
-8
-8
-9
-9
-9
-8
-8
-8
-7
-7
-8
-7
-7
-7
-7
-6
-4
-4
-2
-2
1
3
4
6
7
9
9
13
15
17
18
20
22
22
23
23
23
23
24
24
24
23
22
21
20
21
19
17
16
14
11
11
10
8
7
5
3
3
2
1
0
0
-1
-1
-1
-1
-2
-2
-2
-3
-5
-6
-7
-7
-7
-7
-7
-8
-9
-10
-10
-12
-13
-13
-13
-14
-15
-14
-15
-14
-15
-16
-16
-15
-15
-15
-14
-14
-13
-10
-9
-8
-6
-4
-2
-1
1
3
3
6
9
9
11
13
13
13
14
14
15
14
13
13
14
14
13
11
9
8
5
5
3
2
1
1
-1
-2
-3
-5
-6
-6
-6
-7
-7
-8
-7
-9
-8
-7
-7
-6
-6
-5
-5
-4
-5
-5
-5
-5
-4
-6
-5
-5
-6
-8
-8
-10
-9
-10
-9
-9
-9
-10
-10
-11
-12
-12
-11
-10
-7
-7
-5
-4
-4
-3
0
1
3
5
6
7
9
11
12
14
16
16
16
18
17
18
19
18
18
18
20
21
19
19
18
16
16
14
14
13
14
13
14
13
12
11
8
8
8
7
8
8
8
9
7
6
3
2
0
0
0
-2
-4
-6
-7
-8
-10
-11
-13
-14
-15
-16
-17
-18
-18
-20
-20
-19
-20
-19
-19
-20
-20
-20
-20
-17
-15
-14
-12
-10
-10
-7
-8
-7
-4
-2
0
3
5
6
7
8
9
8
9
9
11
12
13
11
11
11
10
9
10
9
9
9
9
9
9
8
9
9
10
9
10
8
6
5
6
6
6
8
8
9
8
8
6
5
3
1
1
1
2
2
0
-1
-3
-5
-7
-9
-10
-11
-12
-13
-14
-15
-16
-16
-16
-16
-16
-16
-17
-17
-16
-15
-14
-13
-11
-9
-8
-8
-6
-5
-4
-3
-2
-1
1
3
6
6
8
7
6
7
7
8
9
9
11
11
11
10
11
10
11
11
10
10
11
12
11
11
12
12
12
11
10
9
9
8
8
7
7
6
6
6
3
1
0
-1
-3
-3
-2
-3
-3
-3
-4
-6
-8
-9
-11
-12
-12
-12
-12
-13
-12
-13
-12
-12
-13
-13
-12
-13
-12
-13
-13
-11
-10
-8
-7
-6
-6
-6
-4
-5
-4
-3
-2
-2
-1
1
3
3
4
3
3
3
5
7
7
8
8
9
10
10
11
12
12
12
13
13
16
18
18
18
18
18
18
18
19
21
22
22
21
18
19
19
22
22
24
22
20
18
17
15
13
14
10
6
0
-7
-12
-12
-11
-11
-12
-14
-14
-12
-12
-11
-12
-12
-11
-10
-10
-12
-13
-16
-14
-13
-12
-10
-11
-13
-15
-17
-18
-20
-24
-26
-20
-14
-11
-14
-12
-6
-3
-2
-2
-2
-4
-3
-3
-2
-3
0
-1
-2
1
-1
-4
-7
-8
-4
-1
4
6
9
11
10
10
15
18
18
14
15
20
21
24
28
31
27
21
17
15
17
24
27
33
34
27
18
15
16
18
16
11
6
2
2
-4
-13
-20
-25
-34
-41
-43
-46
-45
-51
-53
-43
-32
-31
-34
-38
-39
-33
-31
-30
-30
-35
-42
-50
-52
-48
-42
-36
-41
-44
-49
-55
-53
-47
-36
-23
-13
-5
-10
-9
-4
6
22
29
31
31
39
40
34
34
35
33
25
18
22
26
30
26
24
23
24
28
33
33
25
18
20
31
35
35
37
38
30
22
22
22
21
22
21
17
10
2
-7
-8
-10
-8
-1
-5
-8
-8
-4
-8
-16
-20
-18
-14
-18
-31
-41
-42
-38
-31
-31
-32
-44
-52
-43
-39
-28
-23
-33
-38
-41
-33
-29
-30
-32
-33
-22
-14
-5
-4
-7
-1
11
23
26
33
36
31
27
29
38
46
52
53
48
39
31
39
54
61
49
46
49
48
39
26
24
31
45
40
24
6
1
16
26
31
22
13
9
5
9
15
33
45
47
42
42
58
72
60
46
123
260
294
111
-104
-127
39
210
186
70
7
-28
-122
-235
-217
-96
8
-33
-194
-327
-335
-233
-188
-242
-301
-229
-68
-4
-91
-229
-233
-118
16
97
117
107
49
-36
-97
-61
50
132
119
18
-40
10
93
88
6
-24
55
187
252
200
105
63
105
177
241
273
271
234
161
107
118
182
210
159
86
55
53
38
-34
-130
-183
-172
-123
-115
-161
-219
-266
-272
-267
-261
-243
-222
-214
-250
-270
-258
-216
-187
-183
-181
-170
-123
-88
-97
-120
-118
-84
-42
-27
-56
-87
-108
-134
-161
-155
-109
-70
-27
15
54
78
79
95
121
182
263
355
439
467
438
410
450
529
600
627
608
565
520
480
439
401
371
339
316
285
243
190
122
59
13
12
49
69
45
-29
-103
-127
-113
-79
-64
-75
-111
-149
-188
-226
-248
-255
-270
-286
-296
-320
-373
-446
-484
-505
-505
-498
-501
-516
-544
-594
-611
-568
-473
-399
-380
-381
-397
-387
-337
-225
-51
164
341
375
258
146
160
319
525
686
765
766
677
498
382
421
578
705
693
557
365
226
146
95
73
101
188
244
175
-7
-171
-212
-149
-35
79
182
216
117
-46
-146
-86
89
232
269
197
83
-13
-96
-152
-163
-86
29
68
-35
-215
-373
-443
-420
-339
-241
-168
-192
-314
-465
-553
-530
-427
-334
-316
-348
-410
-477
-547
-578
-555
-495
-411
-373
-425
-520
-599
-599
-504
-334
-203
-179
-231
-206
51
426
580
396
220
339
622
813
887
995
1097
990
681
488
642
893
946
729
420
171
83
135
104
-96
-293
-257
-88
-77
-270
-446
-454
-412
-369
-239
17
165
35
-213
-320
-184
70
310
360
206
64
138
359
436
348
272
347
445
454
435
412
356
210
124
167
307
404
333
177
7
-31
47
148
134
31
-25
-48
-71
-139
-199
-234
-281
-344
-427
-475
-534
-605
-743
-889
-963
-938
-859
-873
-1001
-1160
-1213
-1166
-1107
-1043
-975
-882
-777
-652
-521
-410
-266
-21
291
414
317
232
384
646
782
819
920
1072
1003
684
469
578
808
809
580
298
82
-43
-69
-79
-217
-375
-373
-216
-162
-305
-437
-395
-262
-187
-71
176
361
277
53
1
176
422
619
675
571
432
448
630
735
637
491
520
655
663
519
372
332
300
223
188
236
314
285
136
-67
-141
-28
129
153
26
-88
-111
-61
-81
-187
-280
-302
-279
-310
-390
-503
-600
-698
-802
-885
-916
-881
-914
-1067
-1256
-1365
-1314
-1154
-985
-940
-966
-951
-779
-455
-148
39
188
464
699
670
549
668
1100
1450
1480
1321
1250
1222
1029
788
729
853
820
535
186
-128
-399
-562
-566
-588
-718
-822
-779
-722
-871
-1088
-1062
-718
-385
-267
-179
-23
53
-29
-9
210
508
704
797
766
640
508
546
773
981
942
731
602
549
454
301
263
349
437
392
210
38
-14
50
87
52
45
94
160
123
0
-123
-97
39
111
36
-113
-219
-308
-391
-496
-600
-624
-631
-741
-974
-1173
-1266
-1282
-1292
-1328
-1328
-1240
-1143
-1194
-1357
-1402
-1204
-831
-424
-13
279
347
304
362
571
797
1034
1383
1768
1846
1533
1173
1126
1264
1255
1123
1105
1096
772
218
-202
-383
-453
-471
-422
-428
-610
-886
-1039
-1049
-1028
-906
-559
-95
121
-15
-135
-5
214
381
631
983
1210
1191
1013
877
809
861
1050
1302
1398
1192
861
592
458
356
343
472
606
550
218
-189
-411
-342
-128
19
60
-13
-117
-256
-394
-482
-402
-177
3
16
-147
-363
-566
-697
-733
-697
-613
-580
-680
-980
-1335
-1543
-1540
-1377
-1218
-1181
-1283
-1418
-1549
-1618
-1556
-1365
-1120
-831
-422
35
301
287
227
372
668
911
1118
1467
1842
1829
1328
855
889
1198
1328
1182
968
687
255
-187
-450
-550
-643
-706
-708
-759
-974
-1243
-1334
-1249
-1137
-989
-605
-78
148
-26
-206
-58
299
655
969
1237
1370
1291
1095
977
972
1038
1231
1529
1596
1233
738
463
422
418
419
446
514
445
93
-351
-535
-359
-74
100
105
-19
-156
-254
-349
-412
-283
24
281
267
1
-338
-556
-569
-469
-338
-220
-213
-443
-883
-1278
-1416
-1295
-1089
-975
-1056
-1264
-1466
-1619
-1665
-1589
-1364
-1139
-953
-689
-252
136
204
86
102
384
737
1041
1331
1640
1691
1329
866
775
1069
1306
1266
1099
797
308
-193
-427
-485
-566
-680
-685
-637
-742
-1034
-1252
-1206
-1008
-766
-366
179
509
384
125
129
432
842
1244
1554
1650
1483
1200
1008
954
992
1157
1465
1619
1315
714
259
113
148
283
420
443
242
-185
-609
-721
-484
-143
71
90
-77
-300
-424
-406
-299
-113
122
262
186
-61
-328
-519
-544
-394
-212
-149
-287
-637
-1086
-1397
-1466
-1320
-1143
-1131
-1351
-1655
-1823
-1847
-1764
-1628
-1412
-1227
-1146
-958
-465
119
388
314
238
460
812
1115
1382
1691
1859
1668
1282
1111
1247
1409
1370
1209
953
550
59
-273
-430
-540
-694
-763
-714
-732
-920
-1142
-1182
-1023
-794
-428
87
554
628
416
274
427
799
1229
1565
1712
1646
1380
1078
953
947
1083
1377
1620
1401
756
222
105
187
103
-95
-157
-25
-75
-505
-919
-906
-559
-325
-318
-411
-393
-263
-239
-378
-488
-272
154
431
289
-90
-344
-300
-107
-77
-166
-226
-299
-557
-980
-1283
-1330
-1231
-1245
-1490
-1799
-1915
-1862
-1848
-1920
-1952
-1785
-1480
-1064
-583
-166
73
169
247
370
496
733
1246
1875
2115
1799
1312
1112
1205
1317
1339
1324
1174
746
108
-420
-643
-658
-669
-695
-698
-754
-928
-1122
-1222
-1186
-935
-391
307
764
742
476
330
519
920
1380
1755
1982
1919
1589
1203
1042
1105
1271
1398
1464
1535
1438
940
120
-439
-358
128
467
355
-49
-442
-722
-941
-965
-643
-69
285
128
-330
-694
-652
-302
43
148
165
266
336
123
-291
-534
-402
-63
122
-10
-326
-702
-1077
-1420
-1551
-1427
-1251
-1305
-1687
-2176
-2435
-2330
-2053
-1886
-1825
-1514
-840
-180
53
-158
-429
-367
97
764
1370
1801
1908
1606
1135
835
935
1368
1783
1832
1371
654
46
-295
-448
-480
-488
-429
-402
-567
-941
-1306
-1403
-1211
-776
-185
357
691
697
418
81
76
577
1386
2028
2167
1804
1252
921
886
1042
1272
1466
1722
1987
1837
949
-265
-965
-714
108
703
671
162
-501
-1223
-1710
-1581
-734
299
686
211
-672
-1200
-1021
-407
77
335
563
781
715
217
-385
-589
-214
411
747
643
154
-568
-1377
-1932
-1896
-1340
-820
-904
-1631
-2502
-2919
-2757
-2281
-1915
-1748
-1436
-856
-271
-114
-387
-701
-591
39
848
1507
1876
1894
1441
845
595
929
1567
2003
1941
1307
485
-147
-463
-538
-475
-356
-262
-300
-584
-1063
-1420
-1349
-926
-392
156
603
887
857
561
275
383
991
1764
2243
2233
1826
1321
1023
960
1178
1715
2281
2285
1533
629
126
58
103
71
69
221
194
-331
-1084
-1450
-1166
-621
-267
-276
-481
-657
-773
-873
-869
-543
64
575
592
152
-316
-386
-89
197
303
286
211
-83
-633
-1170
-1419
-1380
-1251
-1324
-1597
-1898
-2143
-2409
-2619
-2600
-2248
-1817
-1481
-1243
-902
-461
-191
-201
-273
-47
469
1022
1389
1680
1819
1691
1269
912
1091
1656
2047
1819
1115
384
-90
-250
-265
-301
-446
-537
-536
-537
-744
-1069
-1168
-898
-342
257
775
1110
1074
720
406
595
1292
2057
2402
2282
1940
1708
1540
1385
1463
1757
2003
1859
1300
591
63
-200
-352
-392
-278
-181
-395
-941
-1519
-1748
-1570
-1186
-851
-781
-863
-968
-1053
-1102
-915
-448
130
433
345
44
-142
-41
195
312
318
262
80
-279
-715
-1088
-1276
-1286
-1317
-1441
-1627
-1799
-2038
-2310
-2494
-2317
-1903
-1472
-1136
-732
-292
-97
-267
-514
-308
323
1066
1563
1819
1816
1482
950
679
1023
1695
2092
1812
1035
215
-342
-512
-455
-363
-443
-574
-648
-673
-858
-1124
-1202
-908
-304
363
965
1371
1389
1007
600
717
1505
2459
2974
2856
2310
1843
1752
1977
2217
2192
1957
1746
1592
1283
694
75
-296
-407
-421
-443
-533
-760
-1218
-1732
-1985
-1745
-1155
-704
-710
-1054
-1375
-1320
-889
-344
30
145
135
99
40
57
162
276
309
227
-2
-295
-602
-914
-1222
-1448
-1522
-1483
-1507
-1762
-2205
-2577
-2604
-2357
-2032
-1658
-1173
-657
-336
-326
-559
-687
-425
190
944
1600
1932
1778
1234
648
482
885
1667
2192
1867
869
-150
-680
-700
-517
-433
-455
-480
-523
-705
-997
-1178
-1108
-742
-106
640
1274
1587
1531
1171
870
1029
1746
2663
3252
3229
2739
2193
1958
2009
2063
1994
1879
1713
1442
938
243
-364
-702
-867
-1019
-1144
-1230
-1374
-1756
-2283
-2592
-2374
-1752
-1175
-1058
-1313
-1540
-1462
-1090
-653
-306
-32
180
281
214
96
54
161
308
336
221
-8
-317
-694
-1021
-1155
-1038
-873
-964
-1388
-1926
-2171
-1949
-1572
-1243
-956
-591
-220
27
-4
-244
-365
-49
689
1556
2119
2084
1557
869
464
549
1104
1775
1917
1253
140
-789
-1147
-1026
-805
-695
-667
-707
-842
-1104
-1285
-1276
-1026
-507
193
881
1329
1435
1257
1000
1015
1479
2255
2928
3171
2832
2380
2343
2487
2357
1950
1738
1889
1999
1540
570
-311
-665
-769
-964
-1200
-1353
-1435
-1774
-2389
-2870
-2790
-2097
-1411
-1288
-1600
-1806
-1569
-1079
-774
-676
-445
34
495
524
222
-12
22
239
416
423
263
-20
-474
-1001
-1306
-1172
-823
-722
-1154
-1901
-2337
-2174
-1638
-1020
-524
-248
-133
-124
-227
-407
-371
172
1056
1787
2051
1820
1368
893
608
651
1107
1673
1711
966
-120
-928
-1249
-1272
-1179
-1026
-867
-820
-988
-1356
-1686
-1679
-1156
-223
700
1224
1299
1204
1145
1251
1596
2266
3054
3652
3874
3733
3331
2769
2323
2249
2574
2943
2950
2400
1468
399
-536
-994
-882
-514
-434
-959
-1906
-2859
-3319
-3126
-2508
-1900
-1524
-1430
-1582
-1863
-2024
-1825
-1236
-469
124
351
240
-28
-323
-478
-339
67
538
713
373
-359
-1060
-1345
-1181
-829
-653
-740
-1000
-1377
-1753
-1975
-1720
-1011
-176
403
589
343
-155
-537
-395
436
1609
2445
2477
1873
1074
473
340
757
1422
1689
1181
148
-887
-1554
-1805
-1787
-1629
-1425
-1366
-1472
-1716
-1947
-2098
-2026
-1492
-530
425
968
1067
927
754
806
1335
2346
3408
4015
3828
3126
2706
2913
3332
3449
3215
2881
2617
2242
1564
767
218
-49
-287
-599
-943
-1250
-1671
-2313
-2939
-3160
-2720
-1944
-1516
-1714
-2146
-2279
-1916
-1379
-1001
-746
-496
-229
-96
-195
-314
-300
-176
-103
-100
-116
-162
-357
-744
-1151
-1294
-1035
-708
-697
-1121
-1575
-1598
-1049
-266
397
749
739
389
-28
-85
465
1447
2251
2465
2207
1849
1455
1073
975
1341
1785
1706
975
-61
-980
-1523
-1752
-1791
-1730
-1672
-1781
-2071
-2429
-2698
-2742
-2382
-1591
-669
6
341
410
367
406
812
1659
2714
3469
3752
3863
3926
3659
3089
2759
3114
3861
4255
3831
2788
1701
849
303
129
337
575
278
-736
-2087
-3103
-3294
-2786
-2190
-1969
-2067
-2256
-2431
-2661
-2784
-2555
-1869
-1037
-571
-685
-1058
-1323
-1379
-1275
-972
-515
-156
-139
-618
-1297
-1653
-1446
-973
-602
-563
-779
-1019
-1152
-1167
-949
-386
459
1294
1582
1047
130
-216
454
1674
2557
2811
2639
2298
1709
1030
803
1335
2067
2062
1136
-72
-951
-1427
-1739
-1965
-2042
-1917
-1783
-1914
-2404
-2982
-3268
-2894
-1918
-849
-158
129
180
73
-22
334
1348
2647
3532
3734
3502
3373
3600
3892
3946
3878
3944
4137
4096
3479
2461
1620
1281
1231
1091
766
271
-355
-1194
-2149
-2779
-2779
-2323
-1973
-2069
-2483
-2786
-2818
-2650
-2458
-2232
-1858
-1428
-1174
-1258
-1493
-1578
-1463
-1286
-1116
-952
-826
-862
-1139
-1522
-1681
-1424
-969
-671
-685
-886
-993
-737
-176
509
1155
1538
1372
794
441
821
1732
2498
2710
2544
2385
2167
1735
1387
1544
2033
2118
1434
395
-512
-1072
-1437
-1754
-1976
-2050
-2098
-2279
-2703
-3245
-3630
-3538
-2830
-1829
-1043
-642
-543
-534
-571
-338
446
1675
2754
3275
3470
3712
3758
3356
2936
3143
4078
5002
5061
4179
2951
1981
1431
1288
1547
1948
1920
1053
-446
-1835
-2413
-2169
-1630
-1431
-1626
-1887
-2108
-2447
-2932
-3213
-2881
-2012
-1245
-1154
-1664
-2182
-2424
-2446
-2262
-1839
-1287
-932
-1084
-1682
-2236
-2233
-1730
-1158
-862
-829
-802
-634
-349
-45
265
773
1506
2049
1933
1322
1010
1485
2440
3098
3162
2929
2622
2122
1576
1448
1922
2399
2053
908
-294
-949
-1180
-1424
-1809
-2139
-2304
-2351
-2487
-2892
-3445
-3796
-3494
-2598
-1688
-1181
-1026
-907
-814
-682
-261
761
2168
3277
3523
3046
2544
2494
3024
3795
4462
4794
4655
4018
3057
2170
1830
2089
2493
2477
1820
830
-84
-755
-1226
-1456
-1349
-1068
-982
-1372
-2135
-2809
-2968
-2609
-2108
-1795
-1823
-2121
-2516
-2807
-2858
-2718
-2446
-2159
-2062
-2238
-2553
-2739
-2692
-2438
-2047
-1629
-1320
-1198
-1187
-1116
-687
19
902
1751
2273
2141
1494
1080
1551
2722
3681
3924
3591
3159
2625
2053
1843
2251
2832
2756
1859
743
-94
-635
-1114
-1565
-1802
-1812
-1804
-1980
-2510
-3283
-3951
-4012
-3284
-2288
-1636
-1445
-1457
-1528
-1575
-1313
-389
1078
2429
2999
2718
2137
1845
2136
2945
3897
4639
4899
4475
3496
2433
1894
2161
2891
3364
3075
2078
906
13
-453
-532
-346
-92
-46
-423
-1160
-1935
-2380
-2340
-1980
-1558
-1333
-1474
-1974
-2668
-3242
-3384
-3049
-2498
-2113
-2197
-2690
-3265
-3606
-3508
-3025
-2388
-1859
-1524
-1324
-1222
-1059
-682
32
1113
2179
2525
2058
1474
1583
2417
3273
3748
3854
3767
3384
2671
2101
2194
2703
2858
2269
1294
425
-178
-659
-1144
-1565
-1806
-1901
-2005
-2322
-2911
-3545
-3783
-3438
-2805
-2310
-2034
-1861
-1852
-1989
-1921
-1205
163
1510
2151
1970
1451
1211
1542
2283
3151
3885
4260
4121
3459
2624
2095
2186
2716
3128
3083
2559
1782
941
230
-138
-21
377
648
388
-401
-1298
-1840
-1833
-1476
-1098
-956
-1163
-1630
-2275
-2878
-3215
-3142
-2787
-2484
-2556
-3005
-3547
-3922
-3955
-3687
-3241
-2776
-2326
-1927
-1669
-1479
-1150
-309
923
1838
1840
1270
1183
2023
3162
3685
3598
3544
3718
3589
3008
2601
2809
3213
3049
2269
1370
731
252
-312
-890
-1208
-1226
-1216
-1471
-2126
-2964
-3501
-3328
-2631
-2076
-1932
-1930
-1847
-1953
-2248
-2205
-1329
154
1345
1575
1016
479
513
1085
1874
2615
3246
3564
3381
2687
1941
1726
2185
2868
3078
2677
2029
1543
1164
779
533
666
1066
1237
812
-75
-852
-1131
-970
-731
-644
-723
-963
-1437
-2076
-2615
-2816
-2657
-2419
-2509
-2984
-3493
-3738
-3720
-3636
-3586
-3530
-3244
-2716
-2203
-1783
-1364
-699
202
933
1061
799
870
1678
2786
3405
3457
3304
3227
3027
2733
2738
3150
3509
3158
2183
1271
877
790
535
2
-561
-907
-1080
-1224
-1612
-2193
-2691
-2752
-2357
-1905
-1648
-1571
-1578
-1764
-2061
-2004
-1251
-82
786
924
437
-86
-202
201
974
1796
2386
2523
2197
1595
1153
1262
1927
2683
2967
2619
1906
1298
1024
1045
1197
1399
1589
1578
1231
597
-30
-326
-284
-136
-108
-224
-467
-909
-1601
-2310
-2656
-2502
-2117
-2024
-2454
-3203
-3815
-4003
-3838
-3596
-3422
-3184
-2773
-2245
-1834
-1521
-951
-89
531
528
377
887
2077
3047
3127
2719
2577
2780
2789
2615
2746
3226
3352
2601
1465
710
631
756
590
89
-430
-733
-889
-1112
-1574
-2127
-2405
-2116
-1552
-1261
-1278
-1343
-1320
-1468
-1631
-1282
-242
907
1377
966
170
-289
-166
394
1092
1669
1913
1718
1161
487
115
371
1149
1924
2209
1919
1319
751
406
431
887
1583
2082
1986
1309
455
-56
-41
299
611
643
345
-166
-759
-1367
-1877
-2095
-1969
-1789
-1957
-2499
-3123
-3532
-3715
-3791
-3750
-3479
-2975
-2452
-2064
-1763
-1221
-434
118
81
-109
368
1629
2887
3315
3001
2627
2538
2484
2364
2554
3088
3374
2819
1716
813
510
547
406
-77
-629
-920
-929
-933
-1243
-1836
-2320
-2257
-1693
-1191
-998
-1000
-1018
-1169
-1370
-1092
-85
1127
1729
1446
743
290
292
617
1064
1462
1685
1541
991
227
-304
-281
185
713
936
794
433
67
-191
-252
44
699
1366
1577
1220
587
144
125
367
624
741
689
382
-205
-917
-1434
-1559
-1364
-1228
-1481
-2048
-2638
-3061
-3325
-3428
-3393
-3175
-2831
-2442
-2144
-1811
-1161
-271
217
18
-210
411
1818
3029
3332
3044
2830
2797
2583
2391
2733
3472
3662
2772
1456
622
491
586
448
39
-416
-823
-1148
-1451
-1852
-2246
-2345
-1906
-1310
-1128
-1321
-1457
-1362
-1312
-1292
-810
355
1585
1991
1469
727
487
754
1273
1824
2261
2415
2002
1088
89
-402
-131
547
1006
857
273
-369
-787
-984
-919
-488
175
660
590
55
-481
-572
-175
343
619
562
347
-19
-492
-971
-1210
-1165
-1006
-1046
-1404
-1860
-2188
-2429
-2740
-3080
-3199
-2908
-2379
-1827
-1548
-1376
-1028
-484
-233
-363
-225
687
2066
2989
3120
2857
2690
2587
2361
2376
2923
3650
3613
2602
1341
614
501
525
327
-62
-408
-681
-966
-1455
-2115
-2653
-2641
-1976
-1232
-970
-1201
-1574
-1848
-1984
-1669
-596
923
1914
1788
984
393
510
1076
1754
2321
2689
2679
2133
1229
350
33
386
1019
1370
1147
440
-413
-1053
-1245
-880
-163
493
615
60
-758
-1248
-1121
-552
63
390
331
-21
-562
-1094
-1394
-1347
-1075
-834
-893
-1302
-1808
-2205
-2462
-2605
-2637
-2457
-2149
-1750
-1423
-1204
-854
-275
155
17
-242
136
1299
2443
2830
2669
2524
2551
2408
2230
2499
3168
3483
2825
1689
909
791
818
593
157
-222
-431
-602
-863
-1371
-2018
-2444
-2265
-1574
-1069
-1052
-1322
-1582
-1867
-1977
-1397
-77
1215
1546
938
169
22
516
1188
1802
2277
2471
2160
1460
719
373
598
1079
1378
1260
888
368
-213
-770
-994
-631
135
708
533
-277
-1122
-1458
-1229
-780
-392
-236
-346
-856
-1578
-2112
-2136
-1739
-1349
-1309
-1641
-2056
-2331
-2469
-2589
-2661
-2476
-2067
-1557
-1141
-853
-479
66
503
412
139
450
1623
2939
3523
3276
2744
2379
2190
2281
2782
3500
3743
2916
1562
594
499
793
848
473
-63
-452
-622
-718
-1043
-1660
-2193
-2148
-1492
-808
-511
-753
-1292
-1925
-2246
-1779
-404
1168
1865
1358
275
-405
-273
480
1429
2214
2576
2278
1397
357
-220
12
823
1594
1776
1328
549
-143
-580
-643
-238
474
1046
976
265
-651
-1254
-1288
-914
-433
-114
-80
-519
-1421
-2379
-2863
-2677
-2088
-1572
-1542
-1990
-2571
-3036
-3277
-3331
-2979
-2262
-1387
-740
-483
-300
-22
196
79
99
852
2287
3524
3853
3457
2877
2378
1988
2115
3005
4037
4143
2913
1265
210
94
379
520
365
4
-459
-908
-1244
-1585
-1988
-2220
-1985
-1343
-790
-571
-719
-1136
-1711
-1969
-1313
134
1381
1586
883
52
-255
-1
590
1337
2017
2261
1763
724
-217
-480
46
851
1370
1340
853
171
-418
-647
-349
415
1216
1526
1063
188
-516
-724
-519
-204
26
99
-61
-649
-1592
-2436
-2767
-2558
-2193
-2000
-2122
-2453
-2914
-3438
-3839
-3836
-3237
-2273
-1334
-796
-560
-326
-51
38
36
473
1587
3007
3943
4081
3706
3170
2603
2272
2671
3703
4491
4119
2688
1128
232
89
287
426
329
9
-490
-1085
-1666
-2166
-2435
-2264
-1632
-959
-632
-711
-1053
-1538
-1908
-1585
-323
1229
2048
1723
747
-54
-226
165
909
1826
2531
2527
1624
266
-779
-884
-123
851
1423
1363
740
-200
-1053
-1323
-706
530
1628
1885
1210
132
-700
-866
-470
120
640
797
311
-777
-1954
-2659
-2787
-2591
-2408
-2373
-2423
-2644
-3206
-4033
-4633
-4473
-3482
-2106
-1045
-513
-367
-493
-872
-1046
-344
1260
3013
3949
3983
3657
3338
2931
2552
2824
3863
4848
4667
3346
1755
759
517
623
716
603
295
-199
-794
-1434
-2074
-2459
-2305
-1635
-992
-756
-838
-1104
-1535
-2011
-1835
-562
1168
2149
1816
781
45
70
574
1220
1863
2383
2452
1813
708
-285
-549
-100
545
931
879
535
-47
-797
-1368
-1232
-256
959
1558
1181
212
-657
-902
-564
-8
587
958
719
-268
-1514
-2311
-2383
-2029
-1808
-1983
-2391
-2818
-3296
-3910
-4362
-4328
-3578
-2510
-1575
-992
-863
-1197
-1797
-1839
-825
999
2662
3460
3483
3116
2579
2086
2237
3262
4546
5036
4284
2924
1691
1035
848
949
1180
1245
930
291
-487
-1361
-2150
-2496
-2122
-1268
-608
-437
-803
-1538
-2428
-2838
-2010
-180
1459
1860
1116
42
-527
-353
355
1304
2123
2503
2222
1413
441
-206
-223
235
759
1038
983
589
-72
-816
-1202
-885
35
984
1288
868
89
-618
-965
-835
-204
639
1008
493
-639
-1685
-2137
-1981
-1578
-1356
-1444
-1829
-2416
-3116
-3644
-3758
-3225
-2223
-1295
-752
-731
-1218
-1975
-2302
-1587
22
1634
2441
2457
2150
1776
1399
1456
2386
3735
4513
4057
2875
1804
1255
1123
1143
1336
1588
1559
1080
337
-415
-1037
-1324
-1157
-630
-174
-56
-272
-812
-1598
-2217
-1985
-778
574
1154
762
-52
-630
-726
-420
272
1179
1868
1861
1139
207
-344
-219
325
845
1101
1059
717
140
-430
-643
-281
414
995
1118
810
344
-79
-375
-517
-375
123
521
308
-545
-1505
-2039
-2093
-1951
-1884
-1843
-1859
-2044
-2573
-3211
-3493
-3158
-2278
-1343
-586
-214
-400
-1159
-1878
-1708
-460
1183
2203
2349
1942
1323
699
491
1242
2562
3562
3449
2420
1253
540
416
625
956
1223
1272
1065
675
133
-515
-943
-815
-138
582
866
668
53
-825
-1520
-1378
-328
867
1387
992
85
-722
-998
-778
-195
532
1066
1114
563
-336
-1130
-1336
-837
27
737
929
615
2
-555
-756
-406
407
1269
1664
1416
820
311
114
147
339
705
956
709
-87
-1069
-1705
-1788
-1577
-1473
-1580
-1830
-2166
-2617
-3068
-3254
-2966
-2179
-1291
-489
-5
-133
-884
-1644
-1523
-335
1268
2363
2640
2295
1550
636
161
858
2318
3398
3182
1996
765
36
-146
9
358
757
898
654
190
-315
-824
-1135
-974
-236
669
1267
1361
862
-98
-972
-957
175
1607
2285
1787
595
-446
-833
-611
-3
632
944
746
59
-840
-1571
-1804
-1533
-1031
-564
-284
-269
-609
-1139
-1469
-1162
-206
894
1484
1317
719
190
-12
140
620
1263
1603
1285
381
-621
-1212
-1236
-974
-860
-994
-1318
-1709
-2197
-2671
-2906
-2593
-1790
-895
-170
107
-249
-1119
-1780
-1493
-238
1284
2265
2496
2133
1359
462
102
784
2071
3019
2945
2063
914
-26
-544
-578
-164
420
806
758
280
-464
-1224
-1597
-1303
-390
621
1339
1505
1098
249
-485
-378
671
2002
2688
2357
1391
424
-118
-157
240
844
1315
1233
456
-713
-1744
-2154
-1930
-1393
-943
-811
-972
-1363
-1854
-2174
-1980
-1226
-240
463
621
321
-163
-499
-480
36
829
1360
1257
519
-423
-1051
-1083
-630
-161
-95
-559
-1269
-1925
-2260
-2184
-1598
-707
145
691
613
-96
-1073
-1487
-898
468
1813
2494
2434
1796
796
-92
-75
976
2247
2723
2083
974
19
-505
-657
-482
-90
265
370
174
-208
-678
-1077
-1178
-803
-47
691
1180
1297
1006
396
9
425
1473
2400
2572
2063
1441
1066
869
736
780
1042
1275
1121
493
-340
-1000
-1341
-1477
-1506
-1400
-1240
-1251
-1603
-2127
-2392
-2141
-1560
-1060
-859
-891
-965
-1002
-959
-786
-488
-189
-58
-172
-461
-713
-835
-808
-678
-525
-510
-691
-978
-1212
-1292
-986
-350
405
1073
1360
971
89
-493
-236
761
1858
2531
2624
2221
1416
506
188
782
1783
2290
1916
1046
131
-548
-982
-1080
-836
-414
-120
-156
-525
-1077
-1483
-1483
-975
-200
493
1014
1251
1097
610
291
545
1294
2112
2506
2385
2022
1557
1099
863
1041
1506
1892
1798
1115
205
-508
-806
-828
-740
-633
-631
-837
-1346
-1936
-2243
-2056
-1547
-1142
-1124
-1461
-1859
-2102
-2024
-1672
-1264
-1052
-1172
-1474
-1826
-2015
-1976
-1738
-1389
-1083
-953
-1029
-1186
-1315
-1298
-904
-144
846
1730
2090
1692
876
419
708
1646
2616
3221
3281
2821
1966
1082
812
1302
1999
2191
1690
906
165
-376
-839
-1132
-1118
-798
-442
-391
-752
-1403
-1959
-2036
-1530
-607
365
1088
1223
718
-59
-371
229
1367
2278
2506
2243
1792
1284
822
615
922
1569
2055
1928
1214
322
-368
-635
-559
-227
163
351
120
-519
-1230
-1661
-1514
-957
-492
-471
-918
-1594
-2196
-2425
-2299
-1986
-1740
-1740
-2038
-2529
-3007
-3256
-3109
-2656
-2165
-1871
-1801
-1911
-2020
-2021
-1626
-768
393
1507
2084
1860
1141
708
1008
1978
3077
3816
3916
3415
2574
1802
1597
2002
2550
2649
2070
1158
276
-329
-723
-927
-904
-656
-385
-344
-635
-1172
-1584
-1506
-868
-6
647
947
876
544
123
9
429
1149
1714
1766
1427
1024
753
607
558
674
934
1168
1093
678
130
-250
-277
-34
318
590
629
419
60
-213
-229
69
465
606
291
-341
-890
-1160
-1249
-1389
-1631
-1945
-2305
-2720
-3183
-3518
-3620
-3571
-3512
-3466
-3371
-3216
-3028
-2992
-2905
-2406
-1335
-35
820
926
504
257
591
1427
2453
3340
3824
3689
3007
2207
1968
2518
3285
3543
2958
1968
1082
562
310
130
23
-23
-55
-155
-366
-618
-773
-755
-614
-278
244
839
1103
829
244
-139
43
604
1119
1259
979
484
3
-295
-325
-59
314
582
533
171
-268
-555
-558
-349
6
356
545
509
270
31
-5
247
587
775
712
550
348
20
-418
-800
-1002
-1088
-1252
-1626
-2135
-2601
-2944
-3211
-3408
-3500
-3429
-3219
-3036
-3025
-3006
-2568
-1700
-1009
-936
-1061
-735
72
798
1093
1278
1644
1955
1879
1697
1951
2548
2896
2683
2193
1829
1757
1736
1508
1126
899
985
1164
1105
723
381
422
712
893
873
855
890
830
601
394
449
672
707
419
50
-137
-125
-53
-55
-138
-187
-148
-104
-167
-264
-230
-58
91
115
103
156
265
278
167
123
303
579
685
556
338
219
243
263
146
-86
-320
-543
-782
-1094
-1461
-1764
-1941
-2010
-2068
-2187
-2389
-2602
-2747
-2783
-2657
-2403
-2084
-1827
-1718
-1741
-1622
-1122
-436
-14
-34
-120
86
508
796
909
1102
1400
1542
1403
1267
1365
1617
1757
1617
1337
1191
1311
1464
1399
1181
1067
1207
1468
1614
1535
1374
1234
1129
1022
972
1063
1150
969
488
8
-190
-131
-108
-291
-546
-648
-591
-551
-614
-758
-800
-646
-407
-206
-112
-80
-78
-111
-136
-94
20
171
259
221
236
375
508
444
148
-175
-322
-318
-353
-526
-734
-938
-1234
-1597
-1867
-1906
-1787
-1708
-1700
-1704
-1632
-1540
-1465
-1449
-1348
-981
-429
45
195
68
-148
-190
19
398
787
1061
1111
922
609
364
397
669
919
981
831
671
532
396
302
422
798
1252
1548
1558
1345
1100
1079
1289
1578
1776
1670
1291
803
430
261
263
248
78
-238
-525
-675
-733
-795
-896
-933
-808
-578
-351
-266
-339
-460
-456
-270
12
289
413
321
136
83
240
517
771
843
709
454
260
158
66
-61
-250
-410
-513
-668
-936
-1281
-1565
-1726
-1712
-1628
-1554
-1520
-1539
-1585
-1625
-1541
-1322
-1004
-657
-401
-290
-291
-229
-66
122
250
277
294
364
441
441
398
372
341
298
247
239
314
444
525
494
434
442
571
775
967
1092
1173
1273
1359
1397
1377
1331
1273
1199
1108
988
879
754
538
221
-69
-195
-148
-56
-96
-258
-430
-505
-473
-351
-215
-142
-126
-151
-122
-6
197
347
305
174
152
323
556
682
597
363
109
-64
-121
-69
8
-67
-356
-787
-1119
-1242
-1220
-1211
-1304
-1501
-1701
-1804
-1765
-1600
-1418
-1239
-1110
-1041
-1018
-936
-716
-442
-225
-134
-76
32
115
141
172
310
489
639
666
625
575
540
582
674
801
871
854
843
894
1003
1074
1060
982
949
982
1058
1088
981
741
473
332
386
537
599
437
88
-283
-510
-516
-354
-185
-143
-250
-383
-465
-456
-376
-264
-147
-27
93
180
202
134
51
46
168
331
453
527
552
523
357
108
-88
-127
-30
43
2
-147
-340
-551
-735
-863
-904
-878
-857
-902
-1034
-1176
-1239
-1194
-1132
-1107
-1064
-952
-809
-718
-684
-667
-630
-588
-521
-437
-292
-98
81
176
175
168
235
392
573
714
799
822
812
826
902
1009
1077
1109
1122
1096
1037
998
960
901
829
731
619
520
450
402
334
199
27
-126
-236
-286
-260
-224
-254
-350
-454
-466
-376
-261
-198
-181
-116
-7
112
196
244
272
271
286
336
482
670
782
728
557
422
340
313
282
185
42
-131
-296
-444
-571
-685
-784
-869
-957
-1036
-1059
-1037
-1059
-1161
-1305
-1412
-1379
-1222
-1050
-947
-928
-977
-1060
-1107
-1005
-792
-552
-348
-200
-61
72
206
323
438
570
726
907
1012
995
919
879
903
952
985
973
914
847
819
860
906
860
707
527
439
490
595
604
445
192
-18
-90
-93
-97
-147
-226
-289
-367
-446
-470
-415
-319
-224
-137
-78
-40
-25
-47
-63
15
221
411
463
373
274
318
470
607
628
523
402
308
239
199
167
127
0
-248
-565
-814
-887
-820
-783
-899
-1130
-1355
-1481
-1482
-1411
-1305
-1216
-1184
-1193
-1178
-1079
-901
-745
-672
-651
-522
-245
61
251
258
211
244
385
555
704
795
775
655
513
474
564
723
858
892
842
755
715
731
759
767
767
800
859
872
773
601
445
353
314
320
351
346
260
91
-83
-187
-167
-100
-129
-249
-348
-324
-209
-111
-114
-191
-240
-179
-14
198
386
460
410
324
301
379
497
550
470
312
184
142
125
38
-203
-515
-758
-872
-895
-919
-1011
-1216
-1466
-1631
-1622
-1475
-1333
-1304
-1372
-1447
-1437
-1326
-1130
-912
-749
-655
-585
-450
-248
-43
127
241
325
426
563
697
730
671
613
665
798
867
843
801
798
784
726
688
724
796
809
743
672
654
705
760
757
691
596
500
435
392
360
337
314
250
159
97
107
134
133
82
10
-13
6
57
89
106
160
285
426
485
441
357
322
359
409
447
452
391
224
11
-148
-203
-211
-292
-470
-702
-860
-925
-965
-1074
-1252
-1396
-1446
-1396
-1311
-1209
-1131
-1116
-1159
-1196
-1138
-975
-756
-619
-605
-651
-610
-440
-236
-98
-82
-116
-143
-97
30
212
357
395
344
281
305
433
629
777
815
770
707
694
724
773
785
783
780
793
782
696
587
512
498
488
450
371
262
147
47
35
98
177
210
191
143
128
205
339
460
518
545
580
640
681
678
648
641
652
664
698
716
636
405
119
-72
-113
-62
-49
-200
-487
-791
-989
-1053
-1040
-1049
-1138
-1296
-1432
-1456
-1377
-1251
-1154
-1107
-1079
-1012
-872
-706
-604
-610
-624
-571
-448
-334
-295
-318
-368
-425
-460
-405
-256
-110
-58
-81
-92
-41
57
185
326
483
638
746
779
795
826
858
889
946
1018
1052
1012
902
759
628
550
524
517
482
379
231
59
-66
-88
-13
96
162
162
119
116
186
326
510
688
802
812
735
676
695
765
809
793
764
682
556
423
286
124
-71
-261
-421
-529
-618
-764
-994
-1254
-1469
-1574
-1560
-1468
-1377
-1361
-1411
-1473
-1430
-1246
-994
-784
-651
-549
-454
-360
-246
-130
-51
-34
-52
-77
-98
-103
-104
-106
-133
-174
-184
-156
-90
-42
0
69
177
278
382
521
677
770
805
822
862
919
954
1003
1019
976
855
691
559
492
453
373
243
98
-23
-101
-156
-207
-230
-227
-204
-165
-131
-68
33
187
359
511
641
716
747
748
767
813
871
899
832
694
545
433
330
209
79
-78
-276
-511
-749
-934
-1044
-1130
-1248
-1388
-1478
-1479
-1435
-1398
-1357
-1290
-1184
-1034
-865
-688
-550
-465
-398
-304
-157
-4
110
149
109
42
6
23
60
83
87
60
24
23
62
119
180
233
290
354
416
463
508
579
657
730
786
807
787
718
645
573
515
468
398
284
131
-19
-124
-178
-178
-171
-165
-174
-196
-218
-211
-145
-36
102
272
458
615
721
783
813
831
879
943
988
976
881
725
560
422
307
190
54
-96
-268
-460
-637
-804
-953
-1074
-1167
-1250
-1292
-1286
-1261
-1238
-1218
-1170
-1093
-979
-834
-710
-608
-522
-461
-424
-371
-277
-173
-105
-87
-101
-99
-69
-8
38
32
16
55
156
271
348
405
479
554
628
702
781
849
884
900
908
911
920
917
855
697
513
376
279
187
63
-74
-188
-296
-404
-509
-551
-505
-423
-342
-300
-277
-229
-144
-14
148
327
496
628
712
731
710
710
772
855
870
813
714
589
439
271
112
-6
-92
-185
-289
-431
-617
-832
-1016
-1127
-1147
-1114
-1072
-1056
-1095
-1169
-1212
-1162
-1004
-796
-616
-517
-500
-523
-534
-502
-426
-318
-238
-201
-183
-151
-115
-88
-82
-88
-81
-21
119
291
434
496
503
534
628
779
939
1065
1121
1109
1079
1047
1030
1021
994
929
786
595
421
298
196
51
-135
-312
-429
-467
-462
-464
-490
-527
-520
-457
-345
-188
-28
107
197
287
416
565
692
750
749
743
767
796
779
710
611
509
403
280
155
54
-56
-205
-381
-542
-664
-769
-868
-964
-1038
-1083
-1090
-1075
-1044
-1009
-984
-965
-927
-860
-763
-642
-533
-466
-457
-475
-474
-437
-385
-358
-337
-286
-214
-160
-156
-175
-158
-54
132
322
447
500
514
537
576
676
830
970
1032
999
928
863
838
828
796
719
613
505
387
242
78
-78
-205
-301
-360
-376
-356
-357
-396
-467
-499
-448
-335
-204
-90
10
106
199
298
407
523
625
689
729
749
751
724
655
571
492
434
372
264
111
-71
-239
-386
-495
-563
-611
-643
-707
-813
-912
-963
-917
-823
-718
-643
-614
-618
-651
-677
-657
-578
-453
-327
-241
-234
-277
-323
-327
-271
-156
-4
112
148
90
23
32
142
329
526
675
731
697
629
588
623
722
839
925
934
862
727
577
438
334
294
302
301
225
49
-180
-381
-472
-435
-330
-237
-233
-306
-407
-443
-380
-237
-76
35
102
132
166
211
271
334
389
468
553
588
530
400
276
213
232
271
242
122
-64
-253
-403
-472
-459
-421
-428
-512
-643
-771
-853
-850
-776
-685
-617
-604
-650
-727
-766
-749
-680
-573
-444
-337
-281
-269
-285
-274
-215
-108
41
176
263
289
284
288
323
400
522
663
772
799
752
690
670
715
782
803
781
728
640
507
353
235
150
77
6
-71
-156
-255
-356
-449
-521
-544
-509
-429
-334
-270
-269
-295
-282
-227
-145
-53
41
125
198
243
250
268
321
393
445
476
493
484
443
397
368
351
323
262
160
44
-56
-112
-142
-181
-224
-279
-344
-415
-481
-511
-502
-475
-480
-530
-617
-672
-651
-581
-505
-458
-440
-410
-361
-301
-245
-197
-134
-59
25
97
173
240
282
289
299
355
448
546
611
635
634
618
607
600
593
584
567
539
486
396
272
132
10
-84
-134
-157
-191
-254
-338
-413
-447
-444
-415
-375
-333
-294
-269
-261
-264
-277
-283
-252
-163
-43
47
82
62
32
31
86
201
339
424
405
313
208
150
159
185
183
121
38
-30
-84
-155
-239
-296
-317
-324
-326
-330
-366
-451
-568
-654
-668
-605
-523
-490
-515
-566
-579
-516
-402
-278
-171
-103
-61
-16
43
112
202
303
384
428
435
433
455
512
606
685
726
715
665
626
612
614
625
621
581
521
445
367
271
155
62
24
16
-3
-40
-105
-180
-251
-289
-263
-200
-142
-133
-170
-229
-275
-280
-261
-212
-145
-82
-63
-64
-64
-58
-28
30
117
199
251
255
229
187
156
146
155
177
177
145
83
-4
-88
-143
-160
-171
-215
-281
-347
-399
-453
-521
-604
-680
-705
-684
-639
-602
-606
-634
-637
-575
-451
-328
-225
-140
-84
-38
4
73
155
214
241
254
286
340
401
439
463
476
473
469
456
436
433
429
418
381
336
284
227
157
78
35
42
78
84
55
0
-56
-81
-67
-34
-17
-20
-52
-103
-150
-182
-204
-196
-163
-137
-133
-145
-159
-164
-127
-45
58
162
229
243
230
220
232
268
323
362
370
348
292
233
176
137
112
95
71
19
-53
-149
-259
-368
-465
-517
-526
-526
-536
-577
-629
-665
-650
-587
-482
-396
-365
-364
-341
-271
-172
-62
32
104
142
140
131
149
200
257
305
339
351
342
310
262
227
224
253
299
333
324
270
189
126
114
147
183
199
188
142
85
26
9
33
54
60
42
24
-6
-48
-103
-149
-157
-125
-83
-70
-83
-110
-128
-121
-73
13
112
182
200
179
153
157
195
240
262
249
210
166
125
82
44
4
-30
-62
-115
-183
-265
-330
-377
-423
-450
-461
-470
-486
-534
-589
-605
-551
-455
-361
-302
-275
-252
-228
-199
-164
-99
-5
70
105
114
122
129
120
110
123
172
238
273
250
195
139
120
156
220
277
299
280
220
156
120
118
149
190
217
203
141
64
13
4
29
65
74
46
-14
-76
-111
-105
-80
-56
-38
-12
20
56
86
109
162
219
268
315
368
414
437
423
391
368
364
356
329
278
212
142
77
29
-19
-65
-112
-167
-231
-303
-358
-391
-403
-397
-389
-391
-414
-439
-452
-423
-349
-253
-179
-162
-189
-220
-218
-172
-105
-51
-31
-37
-44
-40
-24
-6
18
57
79
93
114
135
156
171
186
207
242
263
261
238
210
171
132
104
93
93
76
40
-12
-67
-94
-106
-100
-88
-83
-109
-148
-167
-160
-134
-97
-53
-14
16
38
76
142
224
294
331
328
323
345
396
449
456
417
348
275
208
167
159
141
100
30
-58
-130
-172
-194
-223
-244
-254
-261
-263
-273
-293
-309
-316
-296
-256
-201
-149
-130
-134
-163
-185
-178
-130
-55
-6
0
-35
-79
-109
-102
-71
-46
-22
-4
8
8
-1
10
56
115
162
214
256
268
249
212
178
184
206
214
189
131
62
7
-32
-45
-35
-25
-29
-68
-127
-178
-202
-198
-174
-145
-140
-137
-128
-99
-50
16
93
169
258
348
411
434
421
409
396
401
418
422
410
356
247
117
8
-34
-33
-26
-55
-132
-223
-308
-355
-375
-365
-340
-322
-310
-315
-331
-361
-386
-384
-355
-292
-230
-187
-188
-227
-263
-257
-186
-82
-1
10
-35
-79
-95
-75
-33
21
82
121
134
124
117
128
168
224
286
322
317
268
198
140
127
158
191
195
143
61
-13
-53
-72
-72
-64
-64
-81
-134
-194
-235
-236
-202
-169
-149
-132
-104
-69
-35
6
74
159
242
308
344
358
354
338
326
323
336
338
315
258
170
93
56
48
39
15
-30
-103
-186
-245
-281
-285
-284
-288
-302
-322
-331
-335
-336
-342
-339
-323
-300
-276
-253
-233
-204
-169
-139
-109
-81
-41
-14
3
19
54
110
164
205
214
212
219
246
282
307
325
331
312
276
239
217
210
199
177
152
129
96
56
15
-24
-34
-37
-36
-52
-91
-138
-168
-150
-115
-89
-89
-106
-115
-113
-81
-26
41
95
120
117
130
175
225
260
251
223
208
204
197
177
144
109
76
52
28
1
-31
-66
-107
-137
-151
-148
-157
-195
-249
-299
-311
-285
-254
-233
-241
-268
-293
-315
-316
-302
-260
-210
-178
-146
-127
-110
-95
-86
-69
-25
56
148
217
234
212
200
211
259
325
373
387
354
297
244
221
223
235
231
195
154
107
70
42
16
-2
-22
-46
-75
-110
-143
-182
-217
-248
-248
-210
-153
-117
-111
-126
-135
-106
-42
41
110
154
178
180
170
157
172
207
231
213
165
134
113
84
53
20
-11
-34
-64
-88
-112
-126
-137
-171
-209
-244
-266
-267
-258
-241
-234
-239
-240
-236
-244
-260
-264
-262
-253
-239
-217
-202
-196
-204
-208
-180
-142
-93
-49
-15
28
82
128
153
166
184
215
258
289
299
300
291
282
275
251
231
219
200
185
175
171
158
115
57
-6
-55
-80
-91
-107
-144
-186
-225
-235
-224
-201
-164
-132
-106
-80
-49
-5
54
120
173
202
217
225
229
227
218
207
188
174
170
169
146
107
56
7
-22
-42
-58
-82
-127
-174
-219
-253
-278
-285
-272
-268
-271
-288
-303
-305
-302
-287
-266
-244
-223
-205
-188
-181
-170
-161
-154
-129
-92
-39
14
47
63
59
68
106
173
240
278
283
262
234
224
235
250
244
210
165
127
112
116
124
112
79
41
10
-12
-35
-57
-88
-127
-161
-177
-177
-166
-148
-134
-127
-120
-106
-83
-57
-19
21
62
100
141
182
204
216
226
239
247
251
242
237
241
247
239
212
176
135
106
82
61
53
32
-14
-70
-119
-154
-178
-192
-200
-205
-213
-225
-242
-256
-286
-313
-311
-282
-230
-187
-173
-184
-204
-199
-155
-87
-13
37
63
87
129
182
232
266
287
304
323
339
341
331
309
277
250
240
239
230
211
164
110
73
48
37
7
-39
-91
-137
-172
-196
-208
-207
-209
-216
-231
-243
-243
-228
-203
-179
-145
-103
-66
-46
-45
-43
-16
26
75
106
123
128
131
150
170
192
203
188
172
154
143
150
143
118
86
56
37
10
-19
-51
-72
-90
-106
-126
-167
-205
-242
-272
-280
-267
-251
-253
-261
-288
-308
-304
-286
-254
-218
-175
-137
-103
-69
-38
10
65
131
206
257
292
301
309
317
323
330
338
321
280
234
184
146
131
130
116
94
45
-16
-72
-112
-126
-150
-173
-191
-205
-206
-208
-215
-218
-211
-182
-135
-79
-34
-14
-5
-1
31
95
158
186
184
161
147
157
181
213
239
253
228
191
161
148
151
150
152
153
152
145
110
66
32
18
38
69
84
69
27
-30
-70
-83
-75
-57
-61
-92
-144
-195
-210
-201
-186
-182
-193
-201
-188
-160
-129
-103
-76
-43
-1
46
81
110
139
159
171
189
206
213
205
180
153
127
114
102
83
56
17
-24
-74
-126
-178
-218
-242
-264
-281
-294
-296
-299
-306
-314
-318
-302
-269
-217
-183
-159
-134
-106
-73
-33
18
56
89
116
131
138
160
181
206
226
217
200
183
173
166
165
162
163
157
138
118
102
94
93
101
104
105
85
56
31
14
6
13
16
2
-10
-23
-43
-50
-35
-26
-33
-42
-48
-45
-23
0
8
23
48
80
111
128
146
145
152
177
204
227
224
207
187
177
184
191
189
166
128
88
54
33
8
-8
-39
-76
-110
-151
-178
-199
-207
-200
-191
-185
-185
-177
-172
-150
-120
-85
-50
-21
2
16
19
23
38
54
77
94
111
115
97
76
66
69
73
80
79
66
42
16
-13
-38
-44
-39
-27
-25
-37
-60
-86
-102
-113
-109
-113
-121
-133
-152
-164
-173
-166
-160
-162
-168
-179
-176
-160
-132
-107
-100
-95
-81
-62
-45
-28
-5
22
45
43
29
33
44
43
26
9
0
-9
-14
-34
-61
-82
-96
-111
-131
-145
-162
-170
-178
-194
-210
-232
-236
-228
-211
-191
-170
-153
-139
-114
-85
-55
-27
4
32
50
67
79
106
127
129
128
130
149
172
184
186
179
169
165
164
184
200
197
172
140
128
121
122
119
123
130
129
134
117
92
63
32
14
7
19
24
15
-16
-44
-49
-37
-14
-1
5
4
4
13
25
38
47
58
80
98
109
109
93
76
65
72
76
68
63
44
7
-32
-61
-71
-89
-123
-162
-200
-222
-232
-228
-228
-237
-240
-233
-220
-204
-187
-170
-163
-156
-130
-101
-66
-38
-25
-21
-18
6
42
68
64
47
37
36
40
36
38
35
26
23
31
44
48
43
31
18
10
13
31
47
44
29
31
48
72
95
96
61
19
-11
-20
-4
4
-3
-39
-76
-89
-80
-57
-34
-27
-31
-28
-10
12
21
31
39
53
83
112
131
129
111
103
98
110
130
127
103
60
24
-12
-40
-50
-72
-115
-166
-209
-243
-267
-270
-259
-244
-233
-222
-207
-181
-159
-130
-97
-70
-29
16
58
87
94
89
99
125
156
188
194
193
180
164
151
146
156
160
155
145
128
115
108
108
112
116
117
111
113
112
112
112
110
118
120
115
111
98
66
29
-12
-45
-65
-73
-75
-91
-108
-130
-143
-151
-144
-126
-105
-80
-67
-65
-77
-85
-66
-24
26
59
77
80
70
61
59
70
86
98
87
44
-10
-61
-105
-130
-156
-189
-219
-248
-276
-302
-322
-325
-311
-278
-249
-232
-228
-217
-184
-138
-87
-42
-7
11
8
4
15
45
86
118
128
129
124
115
97
80
81
105
131
141
136
109
83
78
87
113
129
129
121
113
103
97
103
112
112
97
79
61
43
23
-3
-16
-22
-26
-31
-40
-55
-66
-79
-91
-84
-61
-29
2
15
22
19
19
35
65
100
127
150
162
161
156
150
146
149
151
151
137
105
68
29
-7
-38
-52
-61
-84
-115
-142
-173
-190
-192
-182
-176
-181
-181
-177
-170
-158
-141
-118
-93
-73
-60
-45
-22
1
16
20
13
10
21
26
30
35
43
48
50
53
61
66
70
73
76
77
79
85
90
86
80
70
62
56
55
51
28
-3
-40
-64
-74
-72
-65
-63
-77
-95
-114
-126
-131
-129
-118
-107
-95
-79
-62
-51
-41
-34
-16
7
46
89
110
122
118
116
117
123
133
136
131
121
103
81
57
48
37
30
17
-3
-15
-25
-26
-34
-41
-51
-57
-64
-67
-66
-69
-75
-75
-73
-58
-39
-18
-5
-5
-1
1
0
-1
5
5
1
-8
-5
6
19
35
45
53
60
65
77
90
101
110
108
97
81
64
46
35
34
33
23
-4
-40
-69
-88
-91
-88
-82
-78
-80
-91
-105
-112
-120
-108
-97
-78
-68
-68
-69
-70
-63
-43
-19
-1
18
31
42
52
62
76
78
85
104
115
119
104
79
50
36
46
64
79
76
64
46
28
25
27
38
40
32
22
5
-13
-31
-44
-47
-40
-35
-30
-35
-42
-43
-46
-48
-52
-41
-24
-16
-27
-51
-68
-66
-48
-21
5
23
28
18
13
21
40
60
68
56
49
44
28
10
-17
-29
-34
-34
-37
-50
-68
-81
-93
-102
-93
-87
-76
-80
-87
-89
-89
-78
-64
-52
-37
-24
-12
-12
-17
-13
1
26
48
61
56
42
36
36
41
46
53
52
47
43
25
13
7
13
25
30
33
24
10
-3
-14
-9
6
16
15
1
-11
-25
-32
-35
-17
2
25
31
16
-7
-37
-43
-38
-17
13
35
41
33
10
-8
-4
20
60
85
94
85
65
49
43
46
60
72
77
68
50
32
14
-1
-8
-9
-3
6
0
-30
-73
-108
-116
-104
-87
-70
-75
-87
-99
-100
-85
-63
-29
-7
11
14
8
12
22
40
57
71
78
73
64
53
48
45
44
46
38
28
14
-1
-14
-23
-30
-28
-22
-22
-34
-50
-55
-51
-43
-37
-34
-30
-21
-14
-9
-6
1
17
28
29
22
6
-7
-14
-10
1
18
29
27
13
3
5
12
28
42
54
58
58
57
52
43
38
43
53
68
75
75
66
51
39
28
26
27
29
21
-3
-38
-68
-84
-85
-80
-75
-79
-88
-91
-83
-67
-49
-36
-30
-24
-19
-10
4
17
20
24
29
39
46
52
55
44
35
23
15
13
5
-7
-29
-55
-73
-85
-88
-89
-94
-108
-118
-123
-118
-102
-86
-75
-67
-55
-42
-30
-24
-16
-9
1
8
11
13
14
9
8
13
26
40
42
39
29
26
27
33
43
48
49
44
39
42
49
63
74
83
87
86
81
77
70
64
62
53
46
32
19
1
-20
-31
-38
-43
-43
-44
-46
-52
-54
-60
-53
-40
-19
1
3
4
3
17
40
64
85
91
94
95
95
96
92
84
66
50
37
26
16
-8
-35
-61
-71
-66
-61
-69
-96
-125
-145
-149
-139
-132
-127
-128
-128
-127
-121
-104
-84
-68
-60
-56
-52
-41
-28
-20
-17
-21
-20
-17
-12
-6
-9
-8
-11
-3
10
27
41
47
45
43
53
71
86
93
87
81
79
77
81
79
73
65
58
53
48
41
36
30
19
6
-11
-25
-27
-31
-33
-36
-37
-29
-20
-9
-3
4
10
21
38
55
70
76
71
61
53
53
54
51
41
23
6
-3
-9
-11
-19
-27
-33
-37
-38
-42
-50
-64
-79
-89
-91
-85
-77
-71
-69
-73
-75
-69
-58
-44
-35
-34
-36
-37
-34
-28
-22
-19
-20
-18
-13
-7
-2
-1
-4
-2
14
37
60
66
56
44
38
46
63
79
85
79
65
57
53
56
60
64
66
63
58
49
37
25
17
18
23
29
28
21
8
-4
-6
1
14
24
25
12
0
-11
-12
-2
9
19
17
2
-14
-29
-35
-32
-26
-21
-21
-30
-40
-50
-52
-47
-43
-42
-43
-50
-58
-66
-72
-70
-64
-52
-41
-37
-44
-56
-66
-68
-59
-49
-40
-42
-52
-63
-69
-60
-43
-23
-8
-6
-6
-7
-2
7
21
37
52
65
71
69
63
59
62
69
81
89
93
89
73
59
44
44
48
49
43
31
19
9
4
0
1
10
19
28
30
30
29
26
25
24
23
21
15
9
-1
-9
-14
-18
-23
-27
-33
-34
-31
-31
-34
-42
-51
-53
-51
-49
-47
-49
-52
-55
-54
-52
-48
-42
-34
-31
-30
-26
-20
-17
-18
-22
-26
-27
-28
-27
-28
-30
-30
-28
-25
-19
-11
-3
4
12
20
30
37
42
46
45
50
55
66
74
75
72
66
64
66
71
75
72
66
52
38
25
17
14
11
10
8
4
-3
-8
-8
-1
10
22
31
33
28
22
16
17
19
16
13
4
-5
-13
-19
-23
-26
-28
-32
-37
-44
-53
-59
-64
-65
-66
-71
-78
-88
-94
-96
-91
-78
-63
-54
-52
-57
-58
-54
-44
-32
-21
-20
-24
-32
-39
-39
-36
-29
-22
-16
-8
-4
-2
-1
2
9
19
32
40
45
42
39
40
47
60
73
83
85
79
75
74
82
91
95
92
81
70
57
50
48
46
46
45
46
47
44
37
29
25
30
40
51
54
44
26
11
6
9
15
15
10
3
-4
-6
-9
-10
-11
-14
-14
-15
-18
-27
-41
-54
-62
-63
-60
-55
-61
-75
-89
-99
-94
-80
-65
-56
-60
-70
-82
-85
-79
-66
-55
-46
-42
-43
-41
-40
-41
-35
-26
-11
4
12
9
-1
-12
-14
-5
11
25
29
23
11
3
8
23
43
54
52
47
39
39
47
59
67
69
66
61
58
57
59
61
63
67
70
69
62
49
35
29
30
36
37
29
13
-4
-14
-11
0
7
10
6
-3
-8
-11
-6
2
6
4
0
-10
-17
-24
-26
-28
-30
-34
-41
-49
-57
-65
-72
-76
-77
-79
-77
-80
-84
-88
-91
-87
-78
-65
-56
-48
-43
-39
-32
-22
-11
0
6
13
15
19
23
26
28
28
28
29
32
37
37
35
29
24
21
24
30
31
31
27
22
24
27
34
39
43
46
49
52
52
50
49
48
49
48
47
40
32
24
17
16
17
19
21
18
12
5
2
4
9
15
15
10
1
-8
-14
-15
-12
-11
-12
-14
-21
-29
-36
-44
-46
-48
-47
-47
-50
-57
-67
-74
-77
-72
-63
-53
-44
-43
-43
-42
-39
-29
-17
-4
6
8
7
3
-1
4
11
17
24
24
23
18
13
13
15
17
21
23
22
16
9
3
2
5
13
23
28
29
24
22
24
30
40
48
48
42
32
21
16
17
17
17
13
6
1
-1
-1
1
4
7
10
11
13
11
8
5
5
10
14
15
12
5
-2
-8
-7
-4
-1
-4
-13
-26
-39
-48
-50
-51
-51
-55
-61
-67
-67
-62
-52
-44
-36
-29
-22
-11
1
12
18
23
30
37
45
52
55
54
53
55
55
54
50
43
33
25
22
18
11
1
-12
-21
-26
-27
-22
-17
-14
-14
-13
-9
-5
4
13
20
23
22
17
14
10
6
3
3
2
-1
-8
-15
-23
-26
-25
-22
-18
-20
-23
-28
-28
-23
-16
-10
-5
-2
4
9
14
19
21
20
19
18
17
13
7
-4
-15
-27
-39
-49
-55
-63
-68
-73
-76
-75
-73
-69
-65
-58
-49
-36
-21
-7
7
21
32
42
54
67
78
87
93
97
96
91
84
71
60
51
42
34
21
3
-15
-29
-37
-37
-38
-38
-38
-38
-36
-31
-25
-18
-12
-5
6
14
19
18
14
12
12
15
19
20
14
3
-7
-14
-18
-18
-16
-15
-18
-22
-23
-21
-14
-7
1
7
15
21
28
35
39
41
41
39
37
33
27
21
12
1
-14
-29
-42
-54
-63
-69
-71
-75
-79
-83
-84
-79
-70
-56
-41
-29
-18
-4
10
24
41
57
71
80
84
88
91
92
92
87
79
69
60
47
33
19
7
-4
-13
-19
-29
-40
-49
-53
-52
-44
-37
-33
-33
-35
-34
-25
-13
-3
3
3
2
2
4
8
12
16
17
16
13
11
10
11
14
16
17
18
16
15
15
14
16
20
23
25
25
23
21
19
17
14
11
4
-4
-12
-19
-27
-36
-47
-59
-68
-73
-74
-72
-73
-73
-73
-68
-59
-48
-37
-25
-15
-7
2
13
25
38
47
53
57
60
66
72
75
73
68
62
56
50
44
34
20
6
-4
-12
-18
-26
-34
-44
-50
-50
-47
-41
-38
-40
-43
-42
-38
-30
-21
-16
-15
-17
-17
-14
-6
3
10
14
16
18
23
29
32
33
34
35
36
40
42
42
38
33
32
36
42
46
42
37
30
26
23
19
10
-2
-15
-26
-34
-42
-50
-60
-71
-79
-79
-74
-65
-58
-56
-55
-53
-44
-29
-14
0
7
12
17
24
33
41
49
55
59
63
67
65
58
49
39
33
29
25
15
0
-19
-37
-47
-51
-51
-52
-53
-55
-59
-59
-57
-51
-45
-39
-34
-29
-25
-23
-24
-24
-22
-17
-7
4
11
15
14
13
14
22
30
36
39
39
36
37
37
37
39
41
45
48
53
53
48
43
38
34
33
30
25
13
-4
-21
-35
-43
-47
-49
-50
-56
-63
-68
-67
-60
-50
-38
-27
-22
-18
-14
-7
2
13
23
32
39
44
46
49
52
54
56
57
55
51
43
32
19
6
-5
-11
-16
-23
-34
-45
-55
-63
-65
-62
-59
-56
-56
-56
-58
-58
-56
-53
-50
-44
-40
-35
-32
-31
-29
-23
-14
-2
10
19
23
26
27
31
38
45
53
60
64
62
61
59
59
61
66
68
68
63
52
41
31
26
23
19
13
1
-15
-28
-37
-40
-37
-34
-32
-36
-39
-40
-38
-31
-25
-17
-12
-7
-4
-1
2
5
11
20
26
32
34
34
35
37
39
43
44
42
36
31
26
22
18
12
4
-5
-12
-18
-22
-26
-32
-39
-48
-54
-58
-60
-62
-66
-72
-76
-79
-80
-80
-77
-73
-67
-57
-48
-39
-32
-23
-13
2
17
32
43
48
51
56
62
71
79
83
83
77
71
68
66
64
60
54
44
35
26
17
8
2
-5
-14
-19
-23
-26
-30
-34
-37
-35
-31
-27
-23
-23
-25
-24
-22
-18
-12
-7
-6
-7
-8
-5
-1
7
14
18
20
22
24
29
33
37
40
41
43
41
38
35
30
25
21
17
13
8
1
-9
-21
-32
-39
-42
-46
-51
-58
-68
-76
-80
-78
-73
-65
-57
-51
-46
-41
-32
-19
-6
10
23
33
42
46
49
51
55
61
66
69
69
65
59
52
47
43
41
37
31
21
10
-1
-9
-12
-17
-19
-21
-23
-27
-29
-29
-27
-24
-22
-21
-22
-21
-20
-20
-23
-25
-27
-27
-27
-25
-23
-21
-18
-18
-16
-14
-10
-6
0
5
8
10
10
12
13
16
19
22
24
22
18
14
10
7
4
1
-3
-8
-15
-23
-33
-37
-40
-40
-39
-40
-41
-42
-40
-35
-28
-19
-10
-2
7
13
20
29
39
48
55
59
61
62
62
62
62
60
57
54
47
40
33
25
18
12
8
3
-2
-10
-17
-22
-23
-22
-21
-21
-22
-21
-21
-20
-18
-16
-13
-10
-9
-8
-7
-7
-7
-7
-7
-8
-6
-4
-4
-6
-10
-12
-11
-7
-2
1
3
1
-1
-2
1
4
8
10
11
10
6
1
-3
-6
-6
-8
-10
-13
-19
-26
-32
-36
-37
-36
-34
-32
-30
-29
-30
-28
-23
-15
-2
8
18
24
30
37
45
52
59
67
71
72
70
66
62
57
54
49
39
31
20
12
3
-5
-13
-21
-30
-37
-43
-45
-47
-49
-51
-52
-51
-48
-43
-38
-33
-29
-25
-19
-15
-10
-6
-2
2
5
7
10
11
10
8
6
5
9
12
13
13
9
6
5
8
10
11
11
10
6
2
0
-3
-6
-8
-11
-13
-16
-20
-25
-30
-35
-38
-39
-39
-40
-39
-41
-41
-39
-34
-28
-19
-13
-6
1
11
20
31
40
47
54
59
65
69
72
72
72
69
63
57
50
43
36
29
21
11
1
-9
-19
-26
-31
-34
-36
-40
-42
-46
-48
-47
-42
-33
-25
-20
-15
-14
-11
-7
-1
6
13
17
20
20
16
14
13
14
15
19
21
19
14
8
5
5
7
11
13
12
10
6
1
-2
-1
0
0
-1
-6
-10
-16
-20
-23
-26
-29
-31
-34
-36
-40
-44
-48
-47
-43
-38
-32
-27
-22
-19
-14
-6
3
13
22
29
37
42
47
51
52
54
53
52
52
48
43
36
27
17
6
-1
-8
-13
-20
-29
-38
-44
-50
-52
-54
-53
-51
-48
-44
-36
-33
-30
-23
-16
-7
4
12
17
20
22
26
31
36
41
44
42
41
40
39
38
37
36
33
33
32
30
27
22
18
14
13
14
13
9
3
-4
-12
-14
-16
-19
-22
-26
-32
-37
-39
-41
-42
-44
-45
-43
-39
-35
-31
-25
-21
-16
-8
0
10
20
28
36
42
46
51
57
60
61
60
59
55
50
42
33
22
12
3
-6
-16
-28
-40
-53
-63
-70
-76
-79
-82
-83
-85
-85
-84
-80
-73
-65
-57
-46
-37
-27
-18
-12
-3
6
16
26
35
40
43
45
47
50
55
57
58
58
56
53
50
47
43
39
36
33
29
25
20
11
5
-2
-5
-6
-10
-16
-22
-28
-34
-36
-39
-40
-40
-40
-38
-35
-32
-29
-24
-20
-13
-3
7
18
26
32
36
42
49
58
65
70
72
71
67
64
61
57
51
43
36
27
16
5
-9
-21
-31
-40
-46
-52
-61
-69
-76
-81
-83
-82
-78
-75
-73
-71
-68
-63
-56
-48
-40
-31
-23
-16
-8
-1
4
10
16
24
33
38
44
46
48
49
51
55
58
59
57
54
50
47
43
41
37
32
25
18
11
3
-3
-9
-15
-21
-25
-29
-32
-35
-37
-39
-40
-36
-33
-28
-24
-19
-14
-8
-1
5
11
16
22
26
33
35
38
40
40
39
39
37
36
31
25
19
12
6
1
-6
-11
-17
-25
-32
-36
-41
-45
-47
-49
-50
-50
-49
-50
-49
-48
-47
-45
-40
-37
-32
-30
-26
-22
-17
-10
-4
2
7
11
15
19
24
28
35
40
43
46
47
47
46
46
46
46
46
43
36
30
23
18
12
7
1
-5
-12
-20
-26
-29
-32
-33
-33
-34
-34
-34
-32
-30
-26
-21
-14
-7
1
7
12
17
19
23
28
32
37
38
38
35
32
28
27
26
22
16
9
1
-5
-11
-15
-17
-19
-23
-27
-29
-33
-33
-35
-35
-33
-31
-26
-24
-22
-22
-21
-18
-14
-7
-2
2
4
6
7
12
16
20
24
27
29
31
32
33
34
36
40
43
46
47
45
41
37
34
33
32
30
25
17
9
1
-6
-11
-15
-20
-27
-33
-40
-44
-47
-48
-48
-46
-44
-40
-38
-36
-35
-32
-28
-20
-12
-5
0
3
4
5
8
11
15
17
17
14
10
6
3
2
1
-1
-3
-5
-11
-14
-17
-18
-17
-16
-12
-11
-12
-13
-14
-15
-13
-9
-6
-1
0
2
1
0
2
5
9
12
14
14
14
15
16
20
25
30
33
35
35
33
35
37
41
43
47
47
44
42
37
33
31
28
25
19
13
4
-6
-13
-19
-24
-28
-32
-37
-43
-49
-53
-57
-57
-56
-54
-53
-51
-49
-47
-45
-39
-34
-27
-20
-15
-9
-7
-4
-4
-1
3
6
8
8
7
7
7
7
8
9
9
9
8
7
6
7
7
9
10
10
10
10
9
7
7
8
9
9
8
8
6
5
7
7
10
12
13
13
13
14
16
17
20
23
26
28
29
31
32
34
35
39
38
38
37
33
29
25
21
17
13
7
1
-6
-14
-21
-27
-31
-37
-41
-45
-49
-52
-54
-54
-53
-53
-50
-47
-43
-38
-33
-29
-24
-18
-14
-9
-3
2
5
8
10
11
12
14
15
15
15
14
13
12
12
10
8
8
8
8
8
8
8
6
5
3
5
4
3
1
0
-1
-2
-1
-2
-2
-1
0
2
4
7
9
11
15
16
21
24
26
29
30
32
35
36
38
37
34
31
28
24
21
16
10
4
-2
-8
-14
-20
-25
-29
-34
-38
-40
-43
-45
-47
-49
-50
-47
-45
-42
-40
-39
-37
-35
-30
-26
-20
-14
-10
-8
-6
-3
1
4
7
10
12
15
16
15
15
17
18
20
21
24
23
21
21
21
20
19
18
15
13
11
7
3
-1
-2
-6
-9
-10
-10
-13
-15
-14
-13
-10
-7
-3
0
3
7
9
13
17
20
24
26
26
26
24
24
22
21
21
19
14
9
3
-2
-6
-10
-12
-17
-21
-25
-29
-31
-33
-32
-32
-32
-30
-29
-30
-30
-29
-27
-24
-21
-19
-18
-17
-16
-14
-13
-8
-5
-3
-1
1
2
5
9
10
14
18
20
22
24
25
25
27
29
30
30
28
27
25
20
19
16
15
12
9
5
0
-2
-5
-4
-5
-5
-4
-6
-8
-7
-7
-6
-4
-2
1
4
5
5
6
7
8
11
13
13
13
12
9
7
6
6
6
3
0
-3
-7
-10
-12
-14
-15
-16
-18
-19
-21
-22
-22
-23
-22
-20
-19
-18
-18
-18
-19
-17
-16
-15
-13
-12
-13
-13
-14
-14
-11
-11
-7
-5
-2
-1
1
3
6
10
15
20
23
26
28
30
31
32
34
35
34
31
28
24
21
16
12
10
6
3
-2
-6
-11
-13
-15
-16
-16
-16
-16
-15
-14
-13
-9
-7
-4
1
4
6
8
9
9
11
11
11
11
9
7
5
3
1
0
-3
-5
-7
-9
-12
-13
-15
-18
-18
-20
-18
-19
-20
-22
-24
-24
-24
-24
-22
-23
-23
-24
-24
-24
-24
-23
-22
-20
-18
-16
-13
-12
-10
-7
-3
2
6
12
15
21
23
27
31
36
40
42
44
46
47
46
45
44
41
39
36
31
27
22
19
13
10
6
3
-1
-4
-6
-9
-9
-10
-9
-7
-5
-2
-2
0
1
4
5
7
8
11
11
9
9
9
10
10
9
8
7
6
3
-1
-2
-4
-5
-5
-7
-9
-11
-14
-14
-16
-15
-15
-17
-16
-18
-21
-22
-23
-24
-25
-25
-25
-25
-27
-26
-26
-24
-24
-20
-18
-16
-13
-10
-7
-2
2
6
10
16
20
23
26
29
31
33
35
36
35
35
34
30
28
26
22
20
16
12
7
2
-1
-5
-9
-13
-14
-15
-17
-18
-18
-19
-17
-16
-14
-12
-10
-9
-9
-7
-6
-3
-1
0
0
1
1
2
2
0
0
0
-1
-4
-5
-7
-9
-9
-10
-10
-11
-10
-11
-12
-12
-12
-13
-13
-13
-13
-13
-14
-16
-17
-18
-17
-18
-18
-18
-17
-16
-16
-16
-15
-13
-9
-6
-4
-1
2
4
9
14
21
25
29
32
34
36
39
40
41
41
40
38
36
33
31
28
23
20
15
11
5
0
-4
-8
-10
-11
-13
-15
-17
-17
-16
-17
-16
-15
-14
-12
-12
-9
-9
-7
-5
-3
-2
-2
-2
-3
-3
-2
-2
-3
-5
-4
-6
-7
-8
-9
-9
-11
-11
-12
-11
-10
-10
-10
-9
-9
-10
-9
-11
-10
-10
-9
-8
-8
-9
-9
-8
-9
-8
-8
-9
-8
-9
-8
-7
-2
1
4
7
10
11
15
18
21
25
28
29
31
32
34
34
34
32
31
29
26
22
19
18
16
13
10
6
3
0
-4
-5
-6
-7
-7
-8
-10
-10
-10
-9
-8
-7
-5
-4
-2
-3
-3
-2
-2
-2
-1
-2
-3
-4
-5
-7
-8
-9
-11
-12
-13
-12
-12
-12
-11
-8
-8
-7
-5
-5
-4
-4
-3
-1
-2
-1
1
1
1
0
-1
-1
-2
-3
-3
-2
-2
-2
-1
-3
-2
-2
-3
-2
0
2
2
3
4
6
8
11
13
13
14
13
12
12
13
13
13
12
11
10
8
7
6
6
4
3
-1
-2
-5
-5
-5
-4
-3
-3
-5
-7
-8
-9
-8
-5
-4
-4
-4
-5
-6
-6
-8
-9
-10
-11
-13
-15
-15
-16
-15
-15
-15
-16
-16
-18
-17
-16
-15
-13
-11
-7
-6
-5
-3
-2
0
2
3
4
4
5
6
6
6
7
6
4
3
1
0
-1
-2
-2
0
-1
-1
-1
0
1
3
4
5
6
9
12
14
15
17
19
19
19
19
18
18
19
18
16
15
12
11
12
10
9
9
6
6
4
3
3
3
2
1
0
-1
0
-1
-1
-1
-1
-1
-2
-4
-5
-6
-6
-7
-7
-8
-10
-11
-12
-12
-13
-14
-14
-15
-14
-14
-13
-12
-11
-10
-9
-8
-6
-5
-3
-2
-1
0
1
0
0
0
-1
0
-2
-3
-5
-5
-6
-8
-7
-8
-8
-8
-10
-10
-9
-8
-7
-5
-2
-1
0
1
3
5
7
7
8
8
8
8
8
9
9
9
8
6
5
4
2
1
1
1
0
1
0
-2
-1
-1
1
0
1
0
-1
-1
0
0
1
2
2
1
0
-1
-2
-3
-2
-1
-2
-4
-4
-6
-8
-7
-7
-6
-6
-7
-8
-6
-5
-4
-3
-2
-2
-1
0
1
1
3
4
5
5
6
5
5
5
4
4
2
2
2
1
1
2
2
2
1
2
2
4
4
5
5
6
6
8
7
9
10
9
9
8
7
6
6
7
5
5
5
4
2
2
2
1
1
1
0
0
0
1
2
2
3
3
3
3
2
3
2
3
3
3
2
2
0
-1
-2
-3
-4
-6
-8
-10
-10
-11
-12
-12
-14
-13
-14
-12
-12
-10
-10
-8
-7
-5
-4
-3
-1
-2
0
1
1
2
1
1
0
1
1
-1
-1
-2
-2
-1
-2
-1
-2
-1
-1
0
1
1
3
4
4
5
4
5
5
5
6
5
4
4
3
3
1
0
1
-1
-1
-2
-2
-3
-4
-4
-3
-5
-4
-4
-5
-4
-3
-1
0
1
3
4
3
2
4
4
4
3
1
0
-1
-2
-2
-3
-4
-4
-5
-5
-6
-5
-6
-4
-6
-4
-4
-3
-2
-1
1
2
4
4
5
4
4
5
5
6
5
6
3
2
0
0
-1
-2
-2
-2
-3
-3
-5
-5
-5
-4
-3
-2
-2
-1
0
-1
1
1
2
0
1
0
1
2
2
2
3
1
2
-1
0
-1
-1
-1
-2
-2
-3
-3
-4
-2
-3
-1
-1
-2
-1
-1
0
1
0
1
1
1
0
1
0
0
-1
-2
-2
-3
-4
-4
-4
-1
-1
0
0
1
2
1
2
3
3
4
3
5
4
5
6
6
7
7
6
6
3
3
3
1
1
-2
-3
-4
-5
-6
-7
-7
-6
-7
-6
-7
-6
-6
-5
-5
-3
-4
-3
-2
-2
-1
0
1
0
0
0
1
1
1
3
2
2
2
1
0
0
-1
-1
-1
0
0
0
-2
-2
-1
-1
0
1
2
1
1
0
1
1
1
1
2
2
2
0
1
0
0
0
-1
-1
-1
0
0
1
3
3
4
4
5
4
6
7
6
5
5
5
6
4
4
5
4
5
3
2
1
1
-1
-1
-2
-2
-5
-4
-6
-5
-4
-2
-2
-1
-2
-1
-2
0
1
1
1
1
1
-1
-1
-1
0
1
0
1
0
-1
0
-1
-1
-1
-1
-2
-3
-4
-4
-4
-3
-3
-2
-4
-4
-4
-1
-3
1
-1
0
-3
-3
-5
-3
-2
-1
-2
-2
-4
-3
-3
-2
-2
-2
-1
-2
-1
-1
-1
1
1
2
1
1
1
0
0
0
-1
0
0
-1
-1
-2
0
-1
0
-2
-3
-5
-3
-6
-3
-5
-4
-5
-6
-5
-4
-4
-4
-2
-3
-2
-1
0
0
0
-1
0
0
1
2
3
4
3
3
4
5
4
4
4
2
2
2
4
2
5
4
5
2
4
2
4
4
5
4
4
4
4
4
3
5
3
5
3
5
1
4
2
4
2
3
3
3
3
4
4
5
4
2
4
3
5
5
6
3
4
2
1
2
0
3
1
2
1
2
0
2
-2
-2
-5
-5
-7
-6
-6
-7
-7
-8
-8
-10
-7
-10
-6
-9
-7
-9
-7
-10
-7
-8
-6
-7
-6
-7
-5
-5
-4
-2
-3
0
-3
0
-2
1
-2
0
-1
2
1
4
6
6
7
5
7
6
9
7
10
8
10
8
8
8
9
9
9
9
5
7
3
5
2
5
1
5
1
2
-2
1
-1
1
-1
-2
-4
-5
-5
-5
-5
-7
-7
-10
-9
-10
-7
-10
-7
-8
-10
-12
-13
-12
-14
-10
-12
-11
-12
-12
-14
-12
-11
-10
-9
-9
-7
-9
-5
-7
-4
-6
0
-3
2
-1
3
1
3
3
4
7
7
10
10
12
10
13
13
16
16
19
19
19
19
18
19
19
21
19
21
18
17
18
15
20
15
19
12
15
10
14
9
13
6
8
2
2
1
1
2
0
1
-3
-4
-10
-7
-10
-6
-10
-8
-12
-12
-15
-14
-14
-14
-12
-15
-14
-18
-15
-18
-13
-16
-14
-16
-15
-16
-15
-13
-13
-9
-13
-8
-12
-6
-9
-3
-8
-3
-6
-3
-6
-2
-2
2
2
3
4
3
5
6
8
8
10
9
12
10
13
10
14
12
14
13
15
14
14
14
14
15
14
16
15
16
14
14
11
10
8
7
9
6
8
3
5
-2
1
-4
0
-5
-1
-6
-5
-9
-9
-10
-10
-9
-12
-11
-15
-13
-16
-12
-17
-13
-18
-14
-18
-12
-14
-11
-14
-11
-13
-11
-11
-9
-7
-5
-4
-4
-4
-3
0
1
4
5
7
5
6
6
7
9
12
12
15
13
16
14
17
15
20
18
20
19
21
19
19
17
17
15
14
14
14
14
13
12
10
8
6
7
4
4
0
0
-4
-4
-9
-9
-14
-14
-19
-20
-23
-24
-25
-25
-26
-26
-27
-27
-27
-27
-29
-28
-30
-31
-31
-30
-29
-28
-25
-25
-23
-23
-22
-21
-16
-12
-8
-4
-3
0
-1
2
5
6
9
10
13
11
15
18
23
25
28
29
29
29
30
32
34
32
36
31
32
29
31
27
29
28
27
24
24
24
25
27
26
28
21
19
12
11
9
7
8
3
3
-1
-4
-6
-9
-8
-13
-11
-17
-13
-21
-17
-23
-22
-27
-31
-32
-37
-37
-40
-40
-41
-42
-41
-39
-39
-37
-34
-35
-33
-38
-31
-36
-30
-32
-25
-26
-24
-22
-22
-20
-18
-11
-8
1
4
12
12
19
17
23
23
27
30
28
34
29
37
29
40
35
43
41
48
45
44
45
43
45
41
47
40
45
33
39
27
27
22
21
24
21
24
20
16
15
10
7
4
1
-1
-7
-9
-14
-17
-26
-24
-32
-29
-35
-32
-37
-36
-40
-40
-40
-42
-38
-42
-40
-45
-43
-52
-50
-53
-47
-49
-46
-43
-42
-41
-41
-41
-37
-33
-30
-24
-24
-18
-21
-16
-18
-14
-14
-8
-9
-3
-1
4
8
10
16
19
23
28
30
31
32
33
32
34
33
39
37
41
40
41
41
41
42
44
46
47
49
46
46
44
38
36
35
32
29
24
24
16
15
13
13
12
9
8
4
4
-4
0
-9
-7
-14
-12
-19
-17
-23
-23
-27
-29
-26
-31
-22
-28
-16
-23
-18
-23
-21
-22
-22
-20
-21
-15
-18
-15
-17
-14
-15
-11
-10
-4
-5
-2
1
1
3
1
3
6
3
3
1
1
0
-1
1
0
3
0
1
0
0
0
-1
0
-3
-2
-3
-4
-4
-8
-8
-11
-8
-13
-9
-12
-8
-8
-7
-4
-10
-2
-8
-1
-9
-1
-7
-3
-7
-7
-5
-8
-3
-8
-2
-3
1
2
3
3
3
7
6
7
5
9
7
10
9
10
6
11
11
14
12
18
16
19
20
21
23
20
24
18
24
18
24
17
22
19
20
22
19
20
12
15
13
16
12
12
10
9
6
1
1
-5
-5
-7
-11
-9
-16
-14
-19
-20
-22
-25
-26
-29
-29
-30
-29
-31
-34
-37
-41
-38
-39
-37
-40
-37
-37
-34
-34
-33
-30
-31
-24
-28
-22
-24
-22
-17
-21
-10
-16
-7
-12
-3
-7
1
3
7
11
9
19
17
24
19
26
22
31
26
33
31
34
37
39
41
40
38
42
42
45
45
46
46
42
44
40
38
38
36
34
33
32
29
28
23
20
20
17
14
8
7
4
1
0
-5
-8
-12
-17
-19
-23
-24
-28
-26
-29
-30
-32
-35
-39
-40
-43
-42
-41
-46
-41
-47
-43
-43
-44
-43
-47
-42
-43
-36
-39
-31
-34
-28
-28
-26
-25
-26
-21
-20
-13
-14
-8
-9
-3
-5
2
0
6
8
13
14
23
21
27
25
27
31
30
36
34
42
38
48
41
49
41
46
46
44
49
46
50
45
49
41
45
37
40
35
33
31
28
26
23
18
17
11
10
6
1
1
-3
-3
-9
-11
-19
-16
-25
-21
-27
-26
-28
-31
-28
-35
-29
-38
-30
-40
-31
-40
-35
-39
-35
-34
-34
-32
-33
-29
-33
-24
-29
-19
-23
-13
-18
-11
-11
-8
-6
-5
1
-1
5
3
9
8
14
11
18
17
20
23
23
26
24
27
25
27
28
26
30
26
30
23
24
20
22
20
20
22
20
19
14
13
9
9
6
7
7
7
7
3
2
-1
-1
-3
-1
-3
1
1
4
5
4
2
2
0
0
-2
0
1
1
3
-1
3
-4
-1
-7
-3
-8
-6
-9
-8
-9
-12
-10
-16
-14
-22
-19
-26
-19
-25
-18
-23
-20
-24
-24
-24
-24
-22
-19
-13
-12
-6
-7
-3
-5
1
2
7
11
15
23
24
31
28
31
30
32
34
36
39
40
42
40
39
35
34
29
29
26
27
25
21
20
12
13
5
5
-3
-2
-8
-8
-12
-12
-15
-18
-17
-23
-17
-27
-18
-24
-16
-20
-16
-16
-19
-14
-19
-10
-16
-3
-11
2
-5
1
-2
-1
-1
-3
2
-3
6
-1
5
0
1
0
-2
-4
-6
-6
-7
-7
-7
-8
-10
-11
-12
-11
-12
-7
-9
-3
-8
3
-6
6
-4
8
4
9
12
12
19
13
23
17
25
21
24
23
26
27
29
27
27
27
22
24
20
18
19
13
17
8
12
4
4
0
-5
-4
-12
-9
-15
-14
-15
-18
-17
-19
-19
-18
-19
-18
-21
-18
-22
-19
-23
-16
-21
-13
-17
-11
-13
-10
-8
-10
-4
-9
0
-4
0
1
1
5
0
4
-1
1
-1
0
0
1
4
3
7
1
7
1
5
3
4
6
4
8
3
9
4
8
4
7
5
7
8
9
9
12
12
11
12
13
14
16
17
18
18
17
17
14
14
12
13
13
13
14
12
14
11
11
9
7
5
4
1
1
-2
-2
-6
-7
-10
-12
-13
-15
-15
-17
-16
-18
-18
-20
-16
-20
-15
-21
-16
-19
-18
-18
-18
-15
-18
-14
-16
-12
-12
-9
-7
-5
-4
-2
-1
0
2
3
6
8
10
14
12
17
12
16
12
15
15
16
19
17
19
17
20
15
19
11
17
9
13
8
