-2
5
1
2
2
2
4
2
4
0
4
3
3
5
3
6
1
6
2
6
2
4
4
1
6
2
7
2
8
2
7
4
5
5
4
5
2
5
0
3
0
3
1
1
1
-1
2
0
3
-1
2
-2
0
-2
-2
0
-2
0
-2
-1
-2
-3
-3
-3
-2
-4
-1
-4
-2
-4
-4
-3
-4
-3
-5
-3
-6
-3
-4
-4
-4
-4
-2
-4
-1
-4
-2
-2
-1
-1
-2
0
-3
0
-2
3
-2
3
-1
1
0
0
2
-1
3
-2
1
-3
0
-2
0
-1
-1
-2
-3
-1
-3
-2
-3
-3
-4
-5
-3
-4
-4
-5
-4
-5
-5
-3
-7
-5
-6
-4
-5
-4
-5
-5
-4
-5
-2
-6
-2
-5
-1
-5
-1
-2
-1
-2
-2
-2
-4
-1
-3
1
-2
2
-3
0
-2
2
0
2
2
0
-1
-1
0
0
2
1
2
0
1
0
1
0
1
0
-1
0
-1
1
-1
0
0
-1
-2
-1
-2
0
-1
2
-2
1
-3
-2
-3
-1
-2
-3
-2
-5
-2
-6
0
-4
0
-4
-2
-3
-2
0
-2
1
-2
-1
-4
-1
-3
-1
-2
-2
-3
-3
-3
-3
-2
-1
-2
-1
-2
1
-1
0
0
0
0
-1
0
-2
0
-2
0
0
1
1
-2
0
-1
1
-1
2
-2
1
-2
0
0
0
1
-1
1
-2
1
-1
0
-1
0
-1
-1
0
0
1
0
1
1
0
1
0
0
-1
0
1
1
0
-1
-1
-1
-2
0
-2
-2
-1
-2
-1
-1
1
1
1
-2
0
0
1
1
1
2
0
1
0
1
2
3
1
2
1
0
3
0
3
1
2
1
0
3
3
4
3
3
1
2
2
2
4
4
5
3
4
3
4
3
4
6
4
5
1
4
3
6
4
6
3
5
4
4
4
2
4
3
4
3
3
3
2
2
3
3
2
2
1
2
3
3
4
3
1
1
1
4
3
5
3
1
0
0
2
3
2
0
2
-2
1
1
4
1
3
-1
1
1
2
3
2
1
-1
2
-1
3
2
4
2
2
2
1
3
2
2
0
1
-1
3
0
2
0
0
0
-3
0
-2
1
-1
1
-1
-1
-2
-1
-3
-4
-3
-4
-4
-3
-3
-2
-4
-3
-5
-3
-3
-2
-3
-5
-3
-3
-2
-3
-1
-4
-3
-5
-2
-1
-1
-1
-3
-3
-4
0
-1
0
-2
-2
-2
-2
0
0
1
-1
-1
0
-1
1
1
2
2
1
1
1
2
1
4
1
4
2
4
4
4
4
3
4
2
5
2
5
3
6
4
5
4
4
5
3
7
6
7
4
5
4
5
5
5
3
2
2
0
2
1
3
1
2
0
0
0
1
0
1
1
-1
0
-1
1
0
0
-2
-1
-2
-2
-2
-1
-1
1
0
0
0
1
0
1
0
0
2
0
3
1
4
1
3
1
3
2
4
2
2
3
3
4
1
3
0
1
1
1
2
1
0
-2
-2
-1
-2
-1
-2
-3
-5
-5
-5
-5
-4
-6
-5
-7
-3
-4
-1
-2
-3
-3
-4
-1
-4
0
-3
0
-4
0
-2
0
-1
0
0
-3
0
-2
2
-1
3
-1
2
1
2
2
0
2
1
4
1
2
1
3
4
3
2
2
3
3
3
3
3
2
2
1
3
3
4
4
4
2
1
0
3
3
1
0
0
0
-1
1
0
0
-1
-1
-1
1
-2
0
-2
-3
-3
-2
-2
0
-2
-2
-4
-3
-2
-2
-1
-2
-1
-3
0
-1
0
0
0
-1
-1
0
0
2
-1
1
-1
0
0
2
1
0
0
0
1
0
1
-1
2
0
2
1
2
0
0
0
-1
1
1
2
0
2
-1
2
-1
0
-2
-1
-1
-2
-1
-2
-2
-3
-3
-3
-1
-2
-2
-3
-4
-5
-4
-3
-3
-3
-3
-3
-4
-3
-4
-2
-3
-4
-4
-3
-2
-2
-2
-3
-4
-3
-2
-2
0
-2
-3
-3
-2
-1
-1
-1
-1
-3
-2
-2
-1
-1
-2
-2
-3
-2
-1
1
0
-1
-1
-1
0
0
-1
0
-1
0
0
2
1
0
2
1
1
0
1
0
2
0
1
-1
1
2
1
1
0
-1
-1
1
0
1
-2
-2
-3
-2
-3
-3
-2
-1
0
-1
0
-1
2
0
3
3
5
3
5
5
5
7
5
8
5
7
5
7
6
6
7
3
5
3
3
1
3
1
0
1
0
-1
-1
1
0
0
0
-1
1
-1
1
-1
1
1
3
4
3
3
2
5
4
6
4
4
4
3
3
2
4
2
5
2
2
0
0
0
-1
0
-2
-1
-3
-1
-3
-3
-3
-5
-4
-6
-5
-8
-6
-7
-6
-6
-6
-4
-5
-2
-2
-1
0
3
2
2
4
3
5
3
6
5
6
4
5
5
3
3
0
2
-2
-1
-4
-3
-4
-4
-4
-6
-5
-7
-5
-7
-6
-7
-6
-5
-5
-2
-4
-2
-3
-2
-2
0
-1
0
1
1
1
0
2
2
3
3
4
4
2
4
2
3
2
3
3
2
3
2
3
1
1
-1
-2
-1
-3
-4
-5
-4
-5
-2
-5
-3
-4
-2
-2
-2
0
-2
2
1
2
1
3
3
5
6
5
5
3
5
4
4
2
2
2
2
2
-1
-1
-3
-2
-3
-3
-2
-4
-4
-5
-5
-6
-5
-6
-5
-3
-4
-3
-4
-2
-3
-1
-1
0
-1
0
0
0
0
1
1
0
0
0
-1
0
1
0
1
1
0
-1
0
-2
-2
-3
-4
-4
-5
-5
-6
-5
-8
-7
-9
-8
-7
-7
-6
-6
-5
-5
-4
-5
-2
-2
1
0
1
0
2
2
3
3
3
4
3
4
3
4
3
5
3
3
2
0
1
0
2
-1
1
-2
-2
-4
-4
-4
-4
-3
-5
-3
-5
-3
-3
-2
-1
-1
0
2
2
2
4
4
5
6
7
7
7
7
8
8
9
6
7
6
6
5
5
4
4
4
3
3
0
2
-2
-1
-1
-1
-2
-2
-1
-3
-2
-4
-1
-3
-1
-3
-4
-2
-2
0
-1
1
0
1
0
0
2
0
4
2
4
2
4
3
3
4
2
5
2
4
0
2
0
1
0
-1
-1
-2
-1
-2
-1
-4
-2
-3
-3
-3
-2
-1
-2
-1
-1
-1
-1
1
0
2
2
2
1
2
2
2
3
1
1
0
2
-1
1
-3
-2
-3
-2
-3
-3
-3
-4
-3
-4
-2
-3
-1
-2
-2
-2
-1
-1
-2
0
0
0
0
2
2
2
3
3
3
3
2
3
2
3
2
3
2
3
3
1
3
0
2
1
1
1
3
2
1
3
-1
1
-2
0
-2
0
-1
-2
-2
-2
0
-1
1
-1
1
1
1
3
2
4
3
5
5
5
5
3
5
3
5
4
6
5
5
6
3
4
3
5
1
2
1
2
0
1
2
0
0
-1
1
0
0
0
1
2
1
2
1
1
2
2
3
1
3
3
1
2
1
2
1
1
1
1
1
0
0
0
0
-2
-1
-1
-1
-2
0
-1
-1
-1
-2
-2
-2
-1
-3
-1
-4
-2
-2
-2
-1
-2
-1
-2
-1
0
0
1
1
2
2
3
3
4
5
4
5
4
3
2
2
1
1
1
-1
-1
-3
-2
-4
-2
-4
-3
-3
-4
-3
-4
-4
-5
-4
-5
-3
-2
-3
-2
-1
-2
-2
-3
-2
-3
-3
-4
-4
-4
-5
-4
-6
-4
-7
-5
-5
-3
-3
-1
-2
-2
-3
-3
-2
-3
-1
-1
0
0
-1
-1
-1
-1
-1
0
0
1
1
1
1
2
1
1
3
3
4
4
4
5
4
4
4
4
3
3
3
4
2
2
3
2
1
1
0
1
0
0
-1
0
1
0
0
0
2
1
1
0
1
2
2
3
1
2
1
1
0
0
0
0
1
0
1
0
-1
-1
0
0
-1
-1
-3
-3
-5
-4
-4
-6
-6
-7
-8
-9
-7
-6
-7
-7
-7
-6
-5
-5
-6
-5
-5
-5
-5
-4
-3
-2
0
-1
1
2
2
1
-1
1
1
2
2
3
3
5
7
6
7
6
8
4
2
0
0
-3
-6
-8
-13
-11
-11
-10
-12
-12
-13
-14
-13
-14
-15
-22
-21
-23
-24
-29
-31
-33
-32
-28
-31
-28
-24
-18
-17
-16
-12
-8
-1
1
5
6
10
14
17
18
18
21
21
23
24
24
22
21
21
19
17
16
14
10
9
9
6
6
6
3
0
3
4
2
4
4
0
3
7
5
2
4
6
4
5
8
8
11
14
17
17
23
28
26
29
33
33
32
37
39
35
34
36
37
36
36
32
30
31
32
32
32
35
35
33
39
46
45
45
46
46
42
41
39
32
26
22
19
18
21
16
11
15
18
11
2
1
-3
-16
-33
-49
-58
-65
-76
-94
-101
-98
-95
-98
-95
-88
-83
-77
-71
-66
-68
-67
-65
-64
-67
-67
-67
-65
-57
-55
-53
-43
-27
-19
-16
-7
6
16
23
29
30
32
34
37
34
30
28
22
19
18
17
13
13
17
15
20
25
26
23
25
29
26
20
14
14
18
29
30
34
58
99
128
144
167
201
243
267
259
240
246
252
226
176
131
106
88
65
26
-3
-3
17
24
9
3
15
35
32
-7
-62
-87
-101
-149
-237
-317
-356
-383
-429
-495
-533
-533
-523
-529
-546
-544
-520
-492
-486
-495
-500
-493
-472
-457
-462
-466
-422
-349
-290
-252
-189
-80
46
146
223
318
439
549
607
656
717
770
796
805
803
794
788
766
740
703
664
632
617
596
543
495
470
453
413
357
310
286
255
198
139
98
61
10
-45
-97
-134
-166
-195
-220
-249
-284
-317
-322
-337
-376
-423
-451
-466
-498
-546
-598
-630
-649
-673
-706
-716
-715
-726
-737
-728
-714
-700
-683
-664
-650
-635
-606
-566
-524
-473
-406
-330
-249
-163
-62
56
184
285
378
501
630
713
775
846
921
981
1009
1026
1047
1080
1084
1064
1047
1028
1004
968
932
885
817
740
669
598
499
384
285
202
108
-10
-126
-206
-272
-357
-434
-475
-494
-505
-508
-503
-480
-463
-445
-409
-374
-369
-373
-358
-339
-343
-367
-379
-375
-375
-393
-411
-411
-405
-414
-431
-432
-432
-441
-456
-471
-506
-555
-613
-662
-701
-751
-804
-843
-842
-809
-773
-725
-635
-496
-345
-190
-31
145
336
508
649
773
902
1024
1122
1191
1246
1294
1341
1371
1380
1379
1372
1345
1312
1272
1202
1116
1013
905
790
664
512
364
239
95
-60
-187
-294
-406
-512
-585
-640
-693
-741
-767
-763
-746
-732
-704
-630
-545
-482
-415
-313
-199
-98
-12
69
160
239
290
321
343
348
340
327
286
226
154
83
14
-66
-190
-316
-409
-507
-633
-768
-888
-1005
-1122
-1243
-1361
-1456
-1526
-1582
-1625
-1608
-1543
-1465
-1355
-1201
-1009
-794
-544
-287
-40
217
472
705
912
1114
1288
1431
1560
1654
1723
1781
1825
1843
1848
1827
1779
1728
1661
1560
1434
1288
1135
978
793
596
400
216
29
-167
-335
-478
-613
-741
-843
-922
-974
-993
-998
-966
-916
-864
-802
-685
-532
-413
-309
-186
-39
103
224
316
395
484
554
583
599
607
590
559
519
440
345
249
154
38
-102
-253
-416
-560
-708
-879
-1054
-1210
-1352
-1513
-1662
-1789
-1899
-1971
-2024
-2055
-2043
-1968
-1844
-1674
-1471
-1264
-1006
-685
-350
-51
240
550
869
1161
1401
1617
1827
2020
2142
2232
2309
2371
2410
2401
2366
2307
2227
2120
1999
1863
1675
1454
1252
1047
815
537
264
31
-211
-467
-712
-907
-1072
-1222
-1361
-1456
-1462
-1448
-1422
-1354
-1229
-1080
-927
-734
-533
-349
-178
-6
174
346
481
590
684
775
842
866
887
911
906
852
792
751
679
567
434
282
115
-79
-296
-533
-779
-1033
-1298
-1545
-1772
-1967
-2158
-2323
-2438
-2528
-2571
-2584
-2550
-2478
-2342
-2161
-1945
-1683
-1409
-1116
-783
-435
-99
232
548
854
1169
1467
1710
1937
2163
2371
2543
2663
2755
2828
2868
2840
2751
2637
2499
2322
2094
1820
1530
1224
893
573
258
-74
-406
-688
-918
-1125
-1313
-1490
-1557
-1503
-1492
-1525
-1479
-1325
-1119
-924
-813
-697
-418
-132
-11
102
267
436
606
754
821
878
1042
1168
1209
1224
1214
1191
1181
1150
989
776
639
497
252
-53
-340
-590
-819
-1066
-1411
-1715
-1881
-2045
-2258
-2440
-2567
-2666
-2714
-2740
-2812
-2828
-2716
-2572
-2420
-2203
-1954
-1686
-1332
-944
-594
-207
233
627
986
1379
1736
2012
2288
2563
2778
2947
3054
3095
3132
3150
3049
2855
2705
2532
2250
1948
1667
1352
1006
667
334
20
-273
-590
-878
-1052
-1180
-1373
-1538
-1582
-1595
-1619
-1599
-1528
-1441
-1313
-1145
-993
-799
-573
-394
-196
56
259
371
533
750
897
977
1040
1116
1184
1199
1143
1073
1035
955
799
621
458
272
44
-167
-393
-654
-922
-1170
-1389
-1610
-1835
-2038
-2186
-2306
-2458
-2598
-2661
-2644
-2625
-2606
-2503
-2342
-2124
-1854
-1562
-1252
-919
-552
-154
273
635
924
1284
1695
2043
2287
2497
2732
2950
3077
3109
3126
3177
3132
2972
2792
2628
2425
2147
1862
1583
1272
934
624
373
116
-176
-470
-673
-773
-894
-1085
-1220
-1241
-1244
-1267
-1261
-1223
-1176
-1065
-928
-795
-648
-505
-357
-163
42
171
281
460
635
711
732
789
858
864
793
687
598
523
400
220
67
-85
-266
-434
-572
-739
-948
-1135
-1301
-1469
-1667
-1870
-2031
-2146
-2279
-2480
-2631
-2673
-2699
-2711
-2640
-2492
-2264
-1995
-1695
-1366
-995
-568
-154
254
628
982
1342
1679
1976
2203
2432
2678
2854
2936
2984
3067
3122
3094
2997
2864
2724
2548
2326
2078
1798
1505
1205
932
682
394
96
-156
-338
-552
-813
-1008
-1125
-1211
-1342
-1463
-1486
-1440
-1384
-1365
-1292
-1124
-932
-783
-637
-445
-281
-140
13
148
243
292
345
396
427
400
330
316
312
248
145
86
79
4
-133
-261
-355
-460
-632
-824
-1023
-1212
-1427
-1645
-1824
-2001
-2178
-2335
-2432
-2482
-2502
-2447
-2308
-2068
-1800
-1546
-1223
-850
-453
-73
284
603
917
1256
1532
1745
1932
2122
2336
2503
2603
2669
2758
2853
2871
2810
2709
2623
2498
2300
2067
1803
1539
1272
992
708
412
123
-141
-339
-528
-770
-960
-1051
-1121
-1232
-1342
-1366
-1315
-1244
-1224
-1191
-1058
-887
-755
-654
-521
-374
-247
-130
-20
61
107
137
173
186
156
106
84
80
31
-57
-126
-135
-148
-230
-326
-400
-477
-614
-786
-975
-1188
-1396
-1616
-1825
-2017
-2202
-2377
-2500
-2530
-2493
-2432
-2294
-2023
-1731
-1471
-1181
-827
-423
-30
290
539
858
1208
1452
1628
1822
2049
2238
2365
2447
2548
2702
2805
2816
2781
2757
2707
2578
2441
2265
1995
1722
1474
1232
967
663
364
137
-19
-237
-493
-639
-683
-762
-903
-979
-963
-919
-883
-885
-849
-735
-597
-517
-441
-324
-239
-182
-96
-29
-20
-31
-22
-10
-21
-65
-129
-132
-114
-188
-296
-330
-296
-316
-423
-522
-599
-706
-860
-1051
-1265
-1464
-1655
-1863
-2064
-2244
-2418
-2526
-2573
-2555
-2492
-2362
-2089
-1790
-1527
-1231
-872
-449
-30
299
543
835
1200
1452
1603
1773
1975
2178
2311
2385
2462
2587
2725
2747
2705
2678
2630
2521
2396
2239
1977
1704
1481
1235
953
656
371
134
-39
-242
-500
-648
-701
-775
-875
-948
-937
-881
-829
-813
-792
-695
-590
-536
-500
-438
-378
-348
-278
-226
-214
-202
-192
-191
-185
-198
-219
-211
-211
-264
-338
-347
-318
-354
-484
-605
-709
-839
-1000
-1220
-1459
-1659
-1864
-2093
-2285
-2415
-2518
-2589
-2581
-2497
-2330
-2046
-1732
-1433
-1118
-737
-300
93
422
684
967
1293
1529
1660
1816
2049
2242
2330
2405
2533
2689
2790
2797
2757
2728
2672
2536
2373
2190
1925
1629
1367
1123
845
535
269
99
-39
-246
-441
-536
-580
-632
-709
-750
-744
-721
-715
-717
-663
-578
-539
-510
-431
-362
-327
-267
-158
-81
-47
-21
10
57
55
4
-37
-26
-42
-153
-255
-279
-311
-414
-537
-652
-778
-921
-1114
-1358
-1586
-1802
-2027
-2238
-2389
-2558
-2720
-2774
-2731
-2637
-2451
-2135
-1835
-1552
-1196
-773
-320
86
391
643
978
1328
1502
1608
1808
2050
2206
2271
2361
2507
2659
2744
2727
2712
2719
2668
2530
2382
2183
1877
1589
1350
1086
758
407
166
42
-95
-315
-510
-537
-512
-559
-664
-689
-632
-602
-610
-636
-603
-526
-478
-443
-392
-356
-327
-229
-100
-45
-33
0
68
134
110
33
6
17
-63
-217
-322
-365
-424
-559
-717
-851
-979
-1147
-1363
-1600
-1817
-2027
-2254
-2440
-2598
-2755
-2864
-2870
-2784
-2649
-2390
-2059
-1742
-1393
-985
-503
-15
369
640
935
1323
1613
1735
1844
2056
2278
2392
2458
2565
2726
2876
2923
2931
2973
2985
2892
2750
2604
2357
2051
1776
1478
1147
759
407
169
-13
-257
-542
-672
-676
-710
-791
-841
-802
-738
-712
-726
-706
-603
-542
-522
-466
-385
-351
-311
-201
-113
-65
-28
21
93
135
116
84
106
112
3
-120
-166
-181
-284
-444
-575
-736
-916
-1138
-1415
-1669
-1912
-2165
-2419
-2599
-2761
-2924
-3001
-2980
-2878
-2707
-2407
-2063
-1736
-1358
-938
-450
22
391
670
992
1355
1563
1685
1856
2075
2253
2329
2387
2524
2689
2803
2817
2833
2883
2861
2764
2618
2439
2178
1889
1610
1313
984
602
258
-2
-247
-520
-756
-877
-941
-1007
-1081
-1089
-1009
-928
-889
-854
-761
-647
-551
-473
-398
-342
-291
-217
-133
-75
-42
-40
-7
75
93
67
80
129
125
72
41
44
31
-50
-171
-315
-460
-632
-895
-1184
-1440
-1723
-2008
-2265
-2478
-2681
-2831
-2826
-2753
-2559
-2279
-2014
-1702
-1317
-841
-381
23
361
645
974
1259
1413
1506
1649
1845
1919
1931
2004
2135
2300
2369
2379
2413
2497
2535
2455
2357
2198
1984
1793
1546
1268
933
594
335
131
-94
-403
-612
-680
-738
-838
-934
-890
-806
-740
-699
-661
-505
-341
-276
-237
-126
-22
8
66
124
121
134
143
150
148
113
81
71
123
111
25
22
86
93
-14
-90
-159
-306
-489
-750
-1008
-1236
-1493
-1809
-2087
-2267
-2465
-2652
-2700
-2643
-2499
-2267
-2008
-1723
-1387
-966
-523
-145
178
455
753
1037
1180
1232
1325
1500
1579
1563
1553
1633
1775
1824
1784
1768
1839
1886
1835
1757
1615
1456
1322
1148
949
687
409
189
35
-120
-358
-522
-567
-615
-699
-775
-737
-662
-580
-529
-497
-344
-158
-53
12
123
216
252
313
355
347
316
267
223
179
102
-11
-100
-119
-171
-268
-305
-265
-288
-384
-430
-480
-536
-651
-859
-1077
-1247
-1437
-1695
-1927
-2087
-2240
-2354
-2345
-2213
-1973
-1744
-1500
-1164
-742
-215
217
563
889
1226
1534
1722
1827
1888
1993
2045
1951
1850
1800
1815
1803
1701
1604
1527
1483
1403
1268
1105
921
766
591
410
226
-23
-227
-373
-513
-673
-824
-884
-904
-921
-952
-917
-804
-692
-583
-498
-342
-129
36
174
329
475
566
643
723
757
762
709
621
541
439
294
123
3
-112
-293
-452
-512
-568
-706
-839
-944
-1036
-1128
-1290
-1522
-1697
-1845
-2021
-2202
-2349
-2469
-2572
-2567
-2445
-2188
-1887
-1610
-1274
-857
-322
191
592
983
1395
1802
2059
2202
2332
2482
2617
2577
2440
2349
2322
2270
2070
1848
1687
1529
1350
1136
891
597
336
119
-131
-357
-627
-859
-1008
-1140
-1295
-1506
-1574
-1517
-1488
-1511
-1503
-1346
-1151
-956
-785
-596
-278
28
270
498
759
1007
1176
1334
1456
1517
1531
1513
1472
1342
1155
987
799
620
365
63
-108
-221
-412
-681
-892
-1040
-1213
-1431
-1727
-1963
-2157
-2387
-2620
-2829
-2942
-3010
-3009
-2887
-2620
-2255
-1924
-1515
-1024
-435
187
672
1108
1578
2062
2412
2631
2839
3062
3252
3308
3252
3217
3223
3201
3008
2736
2528
2303
2031
1711
1336
919
496
140
-223
-565
-930
-1298
-1552
-1746
-1951
-2194
-2342
-2362
-2389
-2414
-2394
-2266
-2092
-1906
-1714
-1478
-1097
-735
-445
-106
265
601
888
1197
1474
1663
1804
1870
1904
1895
1801
1650
1486
1342
1102
795
613
455
215
-86
-370
-628
-886
-1176
-1559
-1893
-2162
-2481
-2806
-3076
-3256
-3405
-3469
-3391
-3158
-2846
-2530
-2141
-1648
-1031
-404
100
609
1169
1692
2101
2402
2714
3028
3308
3451
3497
3570
3671
3714
3603
3415
3239
3042
2802
2493
2079
1610
1119
666
210
-260
-753
-1244
-1578
-1843
-2144
-2465
-2680
-2751
-2814
-2890
-2953
-2920
-2778
-2624
-2487
-2312
-2004
-1651
-1316
-940
-552
-149
277
694
1060
1369
1631
1854
2039
2132
2107
2037
1973
1889
1683
1409
1230
1070
853
600
332
89
-138
-417
-786
-1138
-1433
-1779
-2163
-2522
-2825
-3087
-3277
-3333
-3268
-3051
-2806
-2549
-2165
-1628
-1003
-461
36
563
1120
1643
2013
2320
2671
3041
3290
3396
3496
3652
3785
3806
3681
3540
3405
3211
2948
2607
2218
1741
1257
807
349
-175
-731
-1173
-1519
-1852
-2256
-2655
-2852
-2932
-3060
-3253
-3345
-3287
-3188
-3094
-2982
-2787
-2491
-2147
-1802
-1435
-1023
-597
-178
263
663
954
1237
1533
1747
1814
1820
1834
1841
1793
1637
1470
1392
1322
1136
888
689
510
264
-44
-394
-731
-1072
-1449
-1842
-2201
-2525
-2811
-2971
-2999
-2891
-2746
-2576
-2260
-1843
-1314
-781
-312
172
682
1216
1626
1940
2253
2603
2941
3138
3254
3402
3612
3764
3744
3649
3593
3521
3363
3084
2733
2342
1925
1498
1001
485
-47
-538
-946
-1317
-1713
-2161
-2450
-2591
-2765
-2979
-3129
-3146
-3104
-3062
-3050
-2959
-2723
-2466
-2248
-1991
-1630
-1247
-891
-507
-110
241
572
887
1155
1333
1470
1546
1593
1647
1592
1472
1426
1420
1287
1076
915
765
579
309
-20
-310
-575
-887
-1256
-1600
-1880
-2168
-2381
-2466
-2427
-2330
-2245
-2043
-1744
-1331
-881
-495
-71
370
821
1191
1504
1863
2192
2505
2729
2873
3034
3231
3442
3487
3434
3400
3338
3238
3029
2736
2385
1997
1631
1186
726
256
-201
-608
-1007
-1382
-1808
-2161
-2373
-2585
-2803
-3002
-3095
-3129
-3133
-3124
-3092
-2935
-2719
-2522
-2307
-2009
-1649
-1322
-990
-637
-304
15
302
571
774
932
1058
1135
1223
1258
1220
1191
1193
1165
1032
898
800
665
457
165
-83
-324
-597
-895
-1234
-1488
-1703
-1889
-1989
-1929
-1772
-1683
-1522
-1261
-874
-425
-86
228
596
1041
1388
1567
1817
2146
2438
2606
2702
2840
3024
3216
3262
3194
3179
3144
3032
2848
2585
2246
1835
1473
1077
665
206
-278
-632
-946
-1254
-1641
-1995
-2184
-2344
-2531
-2735
-2854
-2892
-2906
-2922
-2933
-2828
-2652
-2489
-2280
-2035
-1757
-1454
-1109
-757
-465
-193
62
327
543
646
701
768
857
862
743
694
701
661
569
452
349
256
156
-44
-286
-468
-683
-921
-1165
-1370
-1597
-1763
-1772
-1713
-1588
-1463
-1274
-978
-624
-182
181
529
931
1339
1704
1949
2177
2426
2702
2925
2998
3041
3168
3330
3389
3287
3189
3130
3036
2862
2559
2224
1883
1538
1174
763
318
-141
-510
-818
-1126
-1478
-1862
-2089
-2216
-2400
-2630
-2783
-2817
-2832
-2854
-2865
-2803
-2621
-2423
-2257
-2057
-1759
-1438
-1157
-844
-549
-320
-76
175
345
435
496
548
591
620
556
455
452
476
390
235
160
115
-13
-186
-392
-606
-782
-983
-1210
-1405
-1556
-1700
-1778
-1704
-1494
-1296
-1105
-786
-417
11
464
836
1185
1575
1976
2244
2416
2647
2875
3082
3197
3216
3265
3388
3502
3422
3280
3214
3119
2950
2704
2389
2002
1617
1238
782
335
-130
-582
-950
-1261
-1581
-1972
-2244
-2359
-2463
-2609
-2745
-2789
-2767
-2722
-2711
-2678
-2521
-2339
-2166
-1989
-1752
-1456
-1188
-900
-614
-373
-134
77
281
421
472
491
511
550
500
354
262
239
175
23
-120
-222
-328
-454
-649
-846
-988
-1150
-1357
-1551
-1677
-1809
-1904
-1868
-1715
-1479
-1259
-994
-642
-219
297
726
1095
1512
1951
2334
2575
2767
2980
3221
3402
3435
3413
3461
3540
3517
3363
3213
3080
2902
2682
2372
2017
1632
1246
850
420
-11
-463
-849
-1158
-1455
-1800
-2140
-2315
-2418
-2540
-2660
-2726
-2705
-2629
-2557
-2490
-2346
-2117
-1899
-1702
-1469
-1190
-909
-661
-394
-171
5
190
352
477
526
508
481
463
433
302
146
73
8
-145
-323
-447
-562
-698
-887
-1117
-1321
-1489
-1694
-1904
-2065
-2177
-2261
-2245
-2124
-1870
-1558
-1261
-873
-441
92
643
1094
1517
1939
2396
2746
2963
3174
3395
3606
3696
3681
3661
3700
3740
3616
3408
3232
3047
2808
2487
2123
1707
1261
815
344
-127
-628
-1055
-1399
-1744
-2046
-2371
-2587
-2633
-2686
-2804
-2862
-2730
-2586
-2530
-2455
-2300
-2049
-1776
-1556
-1362
-1079
-708
-446
-246
33
302
491
657
811
861
853
883
842
739
615
443
280
172
24
-239
-461
-543
-705
-977
-1201
-1371
-1560
-1775
-1987
-2187
-2316
-2395
-2524
-2571
-2437
-2229
-1923
-1565
-1172
-750
-273
354
957
1458
1891
2330
2824
3205
3446
3625
3858
4091
4115
4019
3974
3987
3945
3714
3427
3175
2922
2588
2200
1795
1322
836
363
-89
-552
-1055
-1474
-1826
-2145
-2429
-2731
-2897
-2923
-2944
-3007
-2980
-2805
-2629
-2449
-2236
-1982
-1671
-1346
-1021
-708
-381
-64
171
425
700
889
999
1096
1187
1183
1149
1092
986
865
700
513
345
196
13
-233
-447
-633
-887
-1156
-1388
-1627
-1900
-2168
-2418
-2620
-2740
-2838
-2940
-2904
-2719
-2419
-2014
-1612
-1193
-707
-95
593
1144
1603
2049
2550
3007
3260
3431
3636
3889
4023
3979
3936
3962
3982
3875
3613
3353
3113
2841
2487
2065
1586
1055
557
81
-425
-955
-1488
-1912
-2245
-2566
-2864
-3083
-3148
-3167
-3183
-3165
-3024
-2758
-2531
-2309
-2055
-1740
-1389
-1057
-720
-403
-106
180
446
710
946
1103
1200
1297
1393
1387
1326
1260
1135
961
781
595
404
201
-40
-275
-491
-732
-1009
-1312
-1563
-1800
-2099
-2390
-2619
-2772
-2912
-3064
-3166
-3131
-2941
-2659
-2266
-1859
-1441
-909
-278
397
1004
1492
1958
2490
3005
3300
3437
3599
3840
4002
3980
3880
3835
3828
3746
3502
3215
3005
2767
2407
1974
1508
1021
545
73
-453
-1034
-1577
-2009
-2327
-2645
-2980
-3210
-3258
-3187
-3136
-3107
-2965
-2643
-2273
-2015
-1768
-1384
-952
-567
-263
13
324
654
924
1106
1246
1407
1563
1648
1699
1674
1582
1518
1432
1246
1030
840
642
428
184
-104
-366
-563
-802
-1136
-1451
-1712
-1986
-2299
-2579
-2796
-2955
-3052
-3138
-3189
-3100
-2858
-2558
-2148
-1650
-1195
-673
-98
512
1098
1590
2030
2427
2831
3114
3231
3359
3545
3687
3653
3541
3462
3423
3386
3192
2868
2600
2349
2015
1604
1169
701
192
-319
-843
-1332
-1778
-2204
-2534
-2791
-2993
-3123
-3142
-3012
-2838
-2698
-2542
-2236
-1807
-1448
-1182
-886
-499
-128
152
376
584
842
1082
1222
1336
1474
1595
1619
1622
1632
1547
1440
1305
1108
887
661
431
217
6
-252
-512
-729
-915
-1167
-1505
-1773
-1985
-2231
-2500
-2724
-2849
-2929
-3014
-3060
-2991
-2735
-2404
-2046
-1606
-1154
-620
-53
490
1041
1490
1859
2189
2546
2843
2938
2993
3104
3250
3272
3140
3036
3002
3017
2893
2591
2341
2143
1889
1517
1097
673
215
-204
-665
-1153
-1581
-1927
-2158
-2359
-2494
-2569
-2598
-2440
-2209
-2045
-1877
-1547
-1134
-862
-636
-391
-89
237
462
581
696
921
1139
1211
1271
1371
1455
1500
1510
1450
1336
1284
1189
954
729
535
333
145
-55
-316
-590
-749
-889
-1164
-1471
-1668
-1846
-2052
-2252
-2446
-2604
-2656
-2679
-2725
-2682
-2495
-2235
-1936
-1513
-1075
-699
-243
220
662
1082
1428
1692
1936
2209
2346
2338
2378
2482
2552
2499
2398
2345
2341
2332
2174
1940
1773
1592
1316
980
628
242
-154
-527
-942
-1320
-1637
-1902
-2061
-2147
-2175
-2204
-2093
-1805
-1582
-1412
-1211
-912
-563
-294
-134
-11
222
439
525
579
673
820
949
1034
1091
1133
1210
1279
1288
1257
1173
1073
973
863
668
411
213
50
-128
-353
-558
-697
-821
-991
-1213
-1377
-1481
-1634
-1833
-1985
-2054
-2108
-2159
-2175
-2150
-2044
-1858
-1651
-1384
-1025
-692
-395
-84
250
579
843
1053
1232
1414
1595
1658
1683
1785
1914
1968
1946
1932
1953
1974
1944
1800
1632
1490
1309
1060
788
525
214
-87
-358
-610
-833
-1026
-1131
-1179
-1168
-1156
-1113
-939
-751
-627
-546
-399
-179
-26
35
71
194
338
398
423
468
591
721
776
845
931
1022
1061
1043
1040
1000
924
837
714
536
332
196
97
-14
-165
-334
-415
-453
-550
-733
-880
-927
-1049
-1270
-1481
-1606
-1655
-1728
-1861
-1985
-2007
-1937
-1840
-1752
-1584
-1366
-1162
-927
-711
-507
-290
-71
110
261
452
621
738
884
1045
1179
1295
1398
1485
1585
1675
1674
1613
1586
1554
1438
1276
1130
967
760
559
349
184
67
-101
-246
-278
-271
-322
-362
-311
-241
-205
-218
-234
-187
-111
-118
-162
-125
-48
-26
-13
37
104
192
295
384
448
512
562
603
673
677
587
540
547
485
365
292
269
242
185
105
61
56
12
-148
-322
-421
-585
-831
-1068
-1287
-1516
-1745
-1937
-2104
-2223
-2304
-2366
-2388
-2317
-2179
-2078
-1938
-1740
-1573
-1379
-1127
-907
-716
-475
-193
37
270
524
779
1074
1325
1505
1690
1920
2101
2152
2177
2222
2219
2161
2064
1943
1802
1641
1452
1256
1100
913
684
528
429
284
99
-30
-105
-192
-298
-437
-516
-497
-528
-609
-620
-538
-466
-424
-349
-268
-136
1
111
223
347
472
554
637
715
744
764
821
838
777
752
769
763
734
657
555
507
428
231
-37
-262
-495
-822
-1166
-1497
-1821
-2106
-2388
-2655
-2884
-3064
-3204
-3279
-3276
-3236
-3130
-2995
-2820
-2623
-2422
-2121
-1756
-1417
-1120
-760
-318
98
496
870
1287
1711
2032
2275
2535
2824
3033
3088
3092
3119
3115
3022
2876
2721
2520
2284
2035
1793
1553
1236
903
634
416
169
-164
-423
-576
-735
-917
-1066
-1104
-1079
-1072
-1080
-1026
-848
-673
-537
-394
-229
-30
154
335
517
656
781
904
1063
1195
1263
1328
1391
1442
1415
1354
1333
1287
1174
971
750
581
372
65
-306
-662
-1010
-1405
-1825
-2220
-2564
-2880
-3183
-3461
-3702
-3899
-4031
-4118
-4156
-4169
-4077
-3880
-3667
-3419
-3137
-2738
-2180
-1636
-1179
-699
-63
602
1126
1601
2083
2600
3037
3288
3463
3667
3881
3947
3861
3781
3713
3587
3427
3234
3008
2715
2408
2093
1746
1361
903
456
103
-222
-619
-1013
-1245
-1372
-1523
-1657
-1702
-1605
-1422
-1267
-1138
-930
-622
-338
-116
106
326
548
767
964
1124
1249
1403
1561
1686
1768
1790
1821
1859
1811
1659
1484
1349
1187
926
590
241
-61
-392
-814
-1274
-1696
-2085
-2495
-2897
-3262
-3600
-3892
-4134
-4345
-4514
-4648
-4736
-4747
-4664
-4550
-4390
-4057
-3624
-3211
-2774
-2268
-1620
-900
-237
320
924
1642
2267
2734
3121
3508
3893
4139
4238
4284
4346
4399
4309
4128
3957
3783
3556
3271
2958
2581
2178
1776
1340
893
391
-113
-505
-823
-1126
-1444
-1687
-1752
-1735
-1733
-1726
-1582
-1303
-1031
-794
-558
-259
76
342
559
765
977
1163
1307
1438
1546
1617
1659
1678
1673
1608
1510
1419
1315
1149
883
605
365
110
-232
-623
-974
-1321
-1702
-2121
-2533
-2863
-3179
-3540
-3872
-4126
-4307
-4469
-4585
-4640
-4628
-4527
-4385
-4208
-3963
-3657
-3304
-2854
-2351
-1874
-1399
-865
-261
374
958
1450
1945
2519
3034
3384
3656
3945
4232
4408
4414
4347
4325
4301
4149
3847
3548
3300
3029
2705
2326
1921
1508
1126
746
375
33
-318
-638
-864
-1035
-1224
-1361
-1361
-1295
-1222
-1115
-941
-674
-376
-136
51
290
572
785
928
1044
1145
1208
1221
1204
1171
1140
1073
981
904
813
703
587
481
331
100
-138
-368
-600
-878
-1225
-1579
-1889
-2189
-2531
-2860
-3100
-3291
-3474
-3600
-3666
-3680
-3636
-3574
-3504
-3385
-3213
-3046
-2884
-2694
-2494
-2268
-2005
-1691
-1341
-988
-607
-190
280
810
1333
1785
2221
2707
3148
3463
3690
3863
4034
4140
4073
3904
3781
3703
3508
3188
2899
2688
2500
2255
1955
1672
1414
1144
834
542
277
-13
-310
-544
-700
-810
-930
-992
-945
-867
-780
-662
-500
-331
-167
-43
68
198
280
303
304
309
288
228
197
197
164
106
63
59
65
30
-54
-147
-231
-372
-579
-766
-941
-1141
-1387
-1620
-1803
-1965
-2110
-2262
-2375
-2451
-2536
-2595
-2592
-2565
-2577
-2596
-2572
-2526
-2478
-2463
-2467
-2425
-2334
-2211
-2075
-1888
-1580
-1233
-868
-435
36
571
1119
1605
2031
2475
2938
3264
3464
3615
3758
3892
3894
3780
3663
3617
3571
3394
3183
3010
2863
2684
2447
2208
1944
1665
1359
1017
693
351
-5
-325
-587
-845
-1124
-1308
-1385
-1439
-1493
-1539
-1491
-1333
-1187
-1125
-1042
-860
-679
-581
-503
-403
-316
-255
-221
-173
-112
-52
-7
41
125
164
182
232
273
223
101
20
-51
-180
-372
-598
-786
-938
-1118
-1346
-1546
-1696
-1870
-2047
-2179
-2268
-2353
-2457
-2530
-2558
-2566
-2578
-2584
-2546
-2512
-2473
-2370
-2175
-1949
-1702
-1376
-974
-523
-54
430
988
1593
2096
2478
2905
3371
3699
3857
3939
4041
4136
4090
3908
3749
3678
3555
3308
3044
2852
2651
2361
2033
1704
1351
940
498
63
-362
-800
-1248
-1626
-1881
-2098
-2304
-2404
-2361
-2257
-2155
-2021
-1812
-1535
-1257
-1041
-836
-617
-410
-245
-104
39
148
224
311
430
543
636
739
832
922
966
959
937
886
746
537
299
61
-182
-445
-722
-1002
-1242
-1465
-1665
-1824
-1979
-2127
-2229
-2293
-2346
-2412
-2464
-2481
-2487
-2492
-2484
-2445
-2370
-2266
-2135
-1934
-1651
-1340
-978
-514
9
526
1015
1516
2059
2579
2965
3223
3501
3777
3908
3887
3819
3787
3745
3576
3320
3109
2971
2779
2474
2156
1883
1618
1289
928
558
172
-225
-623
-980
-1297
-1607
-1910
-2132
-2219
-2252
-2287
-2232
-2075
-1878
-1671
-1451
-1190
-888
-619
-424
-215
32
232
362
458
555
648
714
765
803
815
806
783
759
740
678
571
457
345
189
-6
-180
-349
-540
-740
-931
-1077
-1201
-1348
-1488
-1597
-1687
-1776
-1870
-1945
-1992
-2033
-2069
-2061
-2005
-1923
-1835
-1724
-1562
-1374
-1192
-1019
-813
-583
-367
-134
159
465
730
979
1216
1488
1772
1969
2086
2236
2411
2504
2523
2517
2522
2516
2440
2294
2163
2070
1947
1742
1498
1294
1097
853
567
294
33
-213
-465
-710
-912
-1108
-1278
-1378
-1413
-1403
-1399
-1366
-1241
-1087
-965
-850
-705
-541
-391
-290
-210
-93
17
44
48
83
138
174
194
240
302
379
453
534
632
719
743
727
725
715
640
511
378
227
61
-104
-237
-352
-489
-644
-777
-860
-925
-1027
-1123
-1158
-1176
-1213
-1270
-1311
-1310
-1300
-1338
-1393
-1429
-1449
-1451
-1456
-1468
-1441
-1349
-1206
-999
-746
-490
-199
158
552
953
1308
1608
1901
2204
2441
2571
2642
2699
2747
2729
2630
2519
2447
2370
2220
2000
1793
1625
1433
1174
852
532
236
-79
-428
-770
-1082
-1364
-1634
-1855
-2007
-2150
-2232
-2250
-2220
-2125
-2011
-1876
-1684
-1443
-1225
-1026
-773
-509
-274
-63
128
343
564
766
969
1174
1373
1524
1652
1784
1895
1955
1950
1898
1825
1704
1526
1306
1080
839
556
277
22
-225
-475
-735
-977
-1208
-1441
-1668
-1881
-2061
-2250
-2442
-2599
-2704
-2762
-2809
-2825
-2789
-2691
-2553
-2381
-2166
-1928
-1647
-1310
-948
-585
-200
217
650
1075
1458
1823
2202
2546
2803
2985
3158
3320
3412
3404
3334
3255
3139
2920
2615
2292
1948
1554
1087
600
137
-335
-817
-1263
-1644
-1971
-2273
-2534
-2702
-2787
-2846
-2862
-2799
-2667
-2491
-2299
-2084
-1801
-1458
-1103
-742
-347
50
432
840
1254
1619
1934
2228
2497
2747
2930
3012
3064
3105
3082
2958
2793
2596
2353
2078
1763
1409
1045
698
321
-72
-440
-813
-1186
-1514
-1817
-2142
-2430
-2649
-2836
-3008
-3152
-3236
-3242
-3179
-3099
-3005
-2814
-2532
-2235
-1920
-1587
-1257
-928
-608
-315
-56
176
395
605
827
1024
1198
1400
1621
1805
1929
2021
2130
2228
2240
2123
1973
1863
1693
1408
1052
713
409
77
-295
-645
-904
-1116
-1331
-1539
-1697
-1775
-1824
-1872
-1892
-1883
-1855
-1790
-1693
-1559
-1403
-1230
-1006
-723
-401
-90
234
621
1024
1417
1774
2102
2422
2688
2873
2993
3074
3102
3043
2915
2745
2546
2317
2052
1769
1469
1168
858
552
263
-22
-309
-589
-847
-1089
-1331
-1551
-1716
-1857
-1977
-2058
-2074
-2035
-1976
-1895
-1780
-1617
-1430
-1237
-1048
-858
-661
-462
-262
-80
86
238
354
450
500
515
511
456
364
232
87
-65
-228
-395
-551
-689
-801
-886
-942
-973
-998
-1019
-1023
-981
-922
-913
-938
-927
-871
-839
-853
-853
-778
-641
-544
-478
-362
-160
56
208
325
488
686
846
948
1026
1117
1199
1255
1302
1360
1404
1430
1478
1546
1626
1692
1738
1788
1823
1815
1776
1711
1610
1461
1274
1065
842
603
359
148
-37
-205
-340
-413
-429
-420
-399
-365
-285
-183
-110
-77
-36
4
22
29
21
12
-9
-28
-30
-22
-31
-56
-72
-78
-98
-154
-235
-310
-395
-519
-671
-825
-980
-1140
-1312
-1477
-1632
-1781
-1936
-2077
-2192
-2314
-2432
-2532
-2597
-2640
-2661
-2654
-2594
-2483
-2344
-2156
-1904
-1629
-1347
-1043
-679
-278
63
345
646
987
1285
1464
1584
1752
1946
2065
2075
2082
2155
2226
2212
2124
2068
2044
1996
1873
1718
1594
1484
1362
1224
1091
964
861
773
703
634
559
486
461
464
446
416
398
410
414
411
406
428
455
465
481
512
583
654
702
756
823
884
917
926
911
861
790
687
554
423
273
113
-45
-224
-399
-561
-697
-827
-977
-1136
-1275
-1394
-1525
-1683
-1846
-1996
-2138
-2293
-2450
-2591
-2711
-2801
-2873
-2915
-2914
-2859
-2775
-2670
-2538
-2365
-2167
-1963
-1770
-1587
-1407
-1211
-1027
-848
-665
-473
-269
-71
157
443
739
1000
1242
1502
1777
2018
2160
2249
2343
2425
2412
2311
2197
2120
2024
1848
1644
1494
1418
1338
1221
1116
1081
1093
1077
1040
1007
991
983
963
925
878
825
775
741
703
649
613
598
597
590
581
593
626
680
695
699
729
754
746
703
645
579
484
352
188
22
-137
-301
-491
-676
-819
-947
-1063
-1172
-1273
-1353
-1413
-1458
-1520
-1600
-1668
-1709
-1764
-1848
-1950
-2022
-2057
-2103
-2154
-2175
-2128
-2047
-1952
-1851
-1704
-1510
-1311
-1111
-907
-689
-480
-294
-140
-29
88
181
235
273
297
305
302
318
338
365
406
463
541
603
657
734
823
890
903
908
939
978
970
920
902
932
954
939
927
986
1089
1147
1160
1211
1323
1427
1455
1445
1448
1471
1461
1392
1315
1260
1212
1129
1026
930
857
812
755
680
588
501
420
334
217
50
-108
-253
-409
-603
-826
-1008
-1158
-1306
-1461
-1607
-1699
-1745
-1773
-1790
-1760
-1674
-1566
-1458
-1341
-1202
-1048
-884
-725
-580
-444
-295
-162
-63
16
86
151
187
204
193
196
203
186
157
116
95
59
1
-83
-172
-249
-324
-398
-494
-585
-666
-742
-802
-859
-901
-922
-930
-918
-901
-878
-824
-750
-668
-581
-460
-320
-163
-6
144
324
532
735
938
1135
1337
1524
1688
1833
1940
2034
2100
2120
2113
2080
2010
1920
1816
1679
1526
1362
1186
1011
823
630
449
263
85
-107
-296
-473
-632
-786
-951
-1088
-1213
-1311
-1387
-1434
-1450
-1454
-1431
-1378
-1278
-1151
-1009
-838
-648
-442
-242
-46
152
350
517
651
771
889
987
1058
1110
1164
1195
1201
1186
1161
1125
1066
980
850
702
536
347
134
-111
-361
-620
-872
-1110
-1340
-1554
-1750
-1901
-2032
-2128
-2194
-2218
-2204
-2159
-2083
-1973
-1800
-1602
-1404
-1184
-945
-701
-459
-205
37
270
493
706
899
1070
1233
1345
1423
1488
1526
1530
1500
1449
1371
1280
1166
1038
903
750
579
404
228
58
-107
-270
-438
-600
-743
-875
-987
-1091
-1164
-1209
-1229
-1218
-1159
-1074
-967
-825
-659
-469
-265
-50
171
396
614
825
1030
1218
1404
1560
1684
1800
1901
1978
2017
2043
2041
2010
1953
1861
1758
1639
1493
1319
1135
954
766
562
350
147
-49
-251
-435
-610
-769
-906
-1047
-1176
-1278
-1375
-1465
-1550
-1611
-1652
-1685
-1702
-1705
-1669
-1596
-1506
-1403
-1266
-1119
-960
-785
-601
-422
-271
-132
5
122
211
285
338
377
405
408
409
417
417
397
354
299
247
194
121
8
-115
-230
-347
-475
-615
-756
-891
-998
-1096
-1191
-1264
-1304
-1311
-1293
-1251
-1170
-1060
-914
-766
-615
-440
-254
-63
120
301
468
628
792
956
1104
1245
1377
1504
1623
1742
1853
1941
2024
2089
2135
2165
2175
2164
2125
2052
1965
1862
1735
1582
1415
1242
1067
881
684
487
297
108
-79
-270
-461
-635
-790
-937
-1077
-1188
-1285
-1344
-1388
-1429
-1438
-1419
-1370
-1311
-1247
-1175
-1080
-967
-858
-750
-641
-548
-459
-379
-307
-247
-196
-158
-130
-98
-75
-59
-48
-26
-22
-34
-45
-52
-76
-118
-169
-236
-288
-346
-423
-511
-587
-650
-726
-808
-879
-945
-991
-1032
-1062
-1076
-1074
-1060
-1045
-999
-957
-898
-824
-738
-648
-570
-477
-379
-277
-165
-50
52
164
287
416
531
660
787
921
1056
1182
1315
1453
1595
1715
1820
1901
1974
2033
2065
2063
2048
2014
1946
1853
1740
1612
1457
1287
1109
930
745
556
374
195
11
-162
-335
-487
-631
-764
-872
-969
-1045
-1107
-1139
-1136
-1101
-1051
-993
-913
-790
-655
-523
-391
-253
-107
30
158
260
362
445
500
542
552
534
486
419
342
253
135
-8
-146
-269
-408
-535
-649
-754
-848
-936
-1017
-1094
-1162
-1228
-1296
-1348
-1402
-1452
-1483
-1512
-1522
-1520
-1486
-1438
-1367
-1269
-1162
-1025
-880
-727
-567
-399
-221
-57
91
222
345
470
575
671
757
824
888
948
997
1046
1100
1141
1175
1204
1213
1220
1233
1214
1170
1119
1044
955
853
722
581
443
301
163
28
-100
-215
-307
-385
-437
-462
-466
-440
-399
-344
-277
-189
-99
5
113
216
315
408
497
586
666
743
817
872
921
958
996
1020
1048
1063
1048
1027
997
941
859
766
658
529
376
208
22
-155
-321
-482
-643
-799
-941
-1061
-1167
-1261
-1336
-1393
-1423
-1453
-1475
-1477
-1460
-1430
-1385
-1333
-1263
-1170
-1071
-967
-861
-743
-621
-495
-372
-251
-138
-36
51
117
166
200
220
228
238
226
208
194
182
167
139
106
67
26
-23
-69
-130
-200
-268
-336
-384
-435
-480
-512
-524
-517
-491
-440
-387
-317
-232
-144
-48
54
159
251
341
418
480
538
595
658
724
779
817
855
901
944
986
1015
1036
1047
1039
1016
991
957
904
834
752
672
593
517
433
351
283
231
181
132
84
46
15
-10
-40
-71
-98
-125
-147
-174
-195
-213
-223
-237
-252
-263
-272
-286
-304
-311
-307
-300
-303
-298
-288
-272
-237
-199
-156
-117
-75
-36
0
31
45
51
49
29
-15
-64
-127
-209
-304
-400
-498
-597
-695
-782
-852
-913
-967
-1001
-1023
-1039
-1030
-1001
-953
-905
-864
-833
-797
-741
-672
-600
-524
-429
-331
-225
-104
36
194
352
499
630
753
864
965
1045
1100
1131
1132
1105
1065
1000
914
819
723
617
506
407
331
271
210
164
132
112
103
96
96
100
114
129
149
167
180
194
208
223
240
252
258
268
284
296
317
342
367
389
401
398
384
379
367
350
319
275
229
183
136
86
34
-22
-81
-147
-207
-271
-325
-372
-433
-491
-536
-584
-633
-676
-723
-767
-802
-832
-872
-902
-926
-943
-947
-942
-931
-908
-878
-830
-767
-704
-630
-550
-477
-402
-327
-250
-186
-126
-66
-19
25
74
122
173
220
274
317
371
424
462
488
509
534
541
538
524
504
475
442
401
363
320
276
247
231
226
225
237
260
304
355
411
462
511
560
595
635
666
689
703
712
725
732
723
718
705
694
671
645
625
587
544
480
410
347
277
204
119
41
-31
-105
-182
-259
-321
-371
-420
-471
-521
-559
-598
-632
-668
-694
-715
-744
-763
-779
-789
-785
-772
-751
-739
-714
-692
-671
-650
-622
-592
-565
-545
-522
-507
-493
-472
-456
-439
-419
-398
-381
-358
-334
-312
-298
-290
-289
-295
-301
-303
-297
-299
-316
-327
-324
-315
-302
-282
-249
-194
-125
-46
27
109
199
289
368
448
533
625
713
787
855
915
977
1027
1078
1118
1153
1188
1215
1217
1204
1176
1136
1074
994
904
811
719
612
500
390
288
193
104
25
-38
-90
-135
-173
-204
-234
-260
-292
-323
-343
-361
-370
-377
-379
-370
-347
-313
-280
-241
-182
-116
-45
25
96
165
222
252
262
265
254
217
172
133
77
9
-65
-130
-192
-252
-300
-339
-377
-419
-461
-506
-543
-595
-653
-701
-740
-785
-823
-852
-879
-895
-905
-898
-884
-850
-814
-767
-705
-629
-550
-473
-392
-306
-221
-133
-54
33
133
220
306
391
473
547
618
676
726
767
793
801
786
758
713
653
580
500
423
343
256
181
112
49
-14
-75
-118
-154
-178
-203
-224
-235
-249
-258
-265
-265
-254
-239
-220
-203
-169
-127
-75
-15
49
122
197
263
317
372
425
470
502
526
541
541
534
531
521
509
486
459
434
406
375
337
297
248
196
148
100
45
-17
-83
-147
-217
-285
-350
-400
-438
-479
-517
-540
-547
-539
-523
-501
-470
-424
-367
-319
-259
-201
-138
-93
-51
4
51
93
125
157
175
184
195
191
177
165
150
128
102
78
64
53
47
48
48
49
52
53
46
35
17
-11
-45
-73
-108
-151
-204
-253
-294
-330
-349
-355
-353
-356
-343
-327
-304
-270
-241
-213
-182
-154
-135
-123
-108
-96
-91
-79
-73
-58
-39
-15
7
29
55
90
120
147
172
188
201
203
200
187
169
151
127
117
110
100
94
91
106
118
129
146
160
170
173
179
185
188
191
182
176
172
164
154
138
114
91
69
48
31
11
0
-17
-30
-41
-56
-58
-62
-60
-65
-69
-66
-64
-60
-58
-45
-30
-24
-22
-21
-18
-17
-7
10
24
46
57
77
99
124
147
160
181
194
204
213
219
215
191
170
142
105
59
2
-49
-108
-164
-209
-246
-280
-308
-344
-361
-363
-370
-369
-361
-350
-326
-292
-258
-220
-186
-147
-108
-68
-25
17
59
102
141
176
214
252
284
311
332
353
355
353
339
315
290
252
207
158
103
51
-2
-54
-101
-138
-169
-194
-208
-216
-222
-217
-215
-205
-198
-190
-167
-149
-131
-119
-111
-104
-113
-116
-118
-127
-133
-139
-135
-119
-95
-62
-22
30
82
135
185
236
276
295
313
323
313
292
261
221
180
126
65
4
-49
-99
-145
-190
-228
-266
-299
-327
-345
-368
-392
-405
-422
-434
-444
-440
-432
-416
-387
-357
-318
-267
-209
-152
-90
-21
52
125
199
270
338
390
438
483
511
542
568
575
569
559
552
541
521
498
460
415
370
316
247
179
107
31
-44
-108
-171
-229
-273
-308
-335
-352
-359
-358
-341
-308
-263
-215
-155
-85
-8
68
144
223
291
353
416
471
517
551
577
591
592
587
576
552
521
487
437
383
334
276
211
136
57
-30
-127
-219
-313
-415
-518
-620
-719
-806
-883
-947
-1008
-1046
-1065
-1076
-1080
-1064
-1020
-966
-912
-849
-778
-705
-620
-528
-432
-348
-255
-159
-65
32
130
238
336
429
517
597
675
742
791
822
836
840
830
800
753
690
618
540
457
365
281
203
113
30
-43
-110
-177
-232
-284
-335
-376
-409
-441
-462
-465
-451
-431
-395
-344
-272
-191
-95
8
114
230
339
447
551
657
751
834
901
961
1003
1031
1050
1046
1024
991
949
893
828
749
660
565
459
352
241
123
1
-128
-254
-373
-485
-594
-693
-778
-853
-914
-964
-1007
-1030
-1035
-1026
-1007
-976
-930
-883
-822
-759
-683
-606
-531
-446
-366
-286
-213
-146
-81
-22
28
76
126
168
200
234
260
281
298
311
311
303
286
258
221
173
124
65
-8
-80
-156
-227
-289
-355
-416
-465
-502
-524
-525
-509
-483
-454
-415
-359
-312
-260
-202
-148
-88
-29
22
75
125
188
253
317
382
447
521
603
675
745
803
856
888
911
928
927
909
870
827
770
705
646
569
486
405
323
260
193
131
77
28
-16
-62
-102
-141
-176
-210
-246
-283
-324
-356
-385
-404
-415
-419
-408
-394
-371
-343
-300
-248
-198
-145
-93
-53
-14
21
47
61
73
80
74
62
34
-3
-43
-87
-138
-192
-234
-272
-314
-348
-379
-405
-424
-438
-454
-474
-478
-481
-496
-506
-512
-514
-509
-496
-479
-463
-439
-404
-367
-322
-269
-211
-163
-113
-68
-18
34
88
141
177
216
244
268
286
306
320
317
319
312
307
306
307
308
301
292
277
262
246
233
210
184
156
131
99
76
58
39
24
10
12
5
13
31
52
66
88
103
110
129
139
154
172
190
208
227
245
264
283
293
313
321
329
337
332
320
302
283
254
227
186
138
88
36
-11
-61
-109
-158
-206
-246
-279
-312
-338
-351
-365
-377
-378
-380
-380
-383
-382
-380
-374
-353
-327
-307
-286
-252
-217
-177
-131
-87
-43
5
49
91
132
173
216
240
257
266
278
283
280
272
260
252
231
212
187
160
139
118
98
80
66
53
38
23
5
-12
-27
-39
-46
-50
-57
-60
-62
-61
-54
-45
-33
-21
-9
9
26
44
61
78
95
116
132
148
154
156
154
151
151
141
134
118
99
71
49
28
1
-29
-60
-95
-133
-174
-215
-254
-296
-328
-374
-411
-437
-464
-474
-479
-480
-479
-469
-454
-432
-406
-375
-337
-303
-275
-240
-210
-181
-153
-125
-93
-61
-33
-1
31
61
97
127
154
183
213
236
260
276
278
277
270
264
249
234
213
197
181
163
152
139
133
131
139
151
168
179
190
203
215
230
244
252
254
260
266
269
276
295
312
334
348
372
394
418
449
462
465
458
443
419
382
346
299
251
205
148
93
37
-11
-53
-93
-122
-158
-201
-235
-260
-296
-331
-363
-387
-412
-438
-465
-492
-503
-524
-536
-547
-555
-555
-554
-540
-525
-508
-489
-466
-429
-391
-348
-307
-274
-240
-210
-179
-160
-142
-118
-102
-88
-82
-75
-76
-78
-71
-67
-56
-44
-37
-26
-14
-2
8
23
34
42
41
38
49
57
61
70
69
62
68
73
89
119
155
180
211
247
276
301
321
341
349
348
342
328
308
285
265
235
211
192
175
166
168
175
179
187
197
199
207
210
210
202
185
170
145
120
99
73
46
27
-1
-28
-42
-46
-55
-62
-68
-86
-103
-115
-134
-152
-172
-185
-201
-219
-224
-238
-246
-237
-222
-216
-203
-185
-175
-154
-134
-114
-94
-78
-63
-56
-37
-16
6
37
66
95
123
150
175
200
232
262
273
292
305
310
307
301
291
275
258
241
219
198
185
166
147
136
120
96
80
68
52
30
8
-9
-33
-55
-84
-119
-149
-167
-184
-196
-209
-219
-223
-218
-216
-200
-194
-189
-173
-157
-142
-118
-95
-82
-64
-54
-36
-14
10
25
31
32
33
32
25
28
20
7
-4
-17
-44
-75
-104
-135
-164
-195
-228
-269
-312
-350
-380
-406
-427
-448
-462
-465
-457
-441
-421
-394
-363
-326
-288
-248
-198
-141
-83
-35
19
68
115
164
212
261
316
363
407
457
508
549
583
612
636
649
651
649
640
621
592
556
509
455
398
336
277
229
190
153
113
72
38
9
-8
-24
-52
-75
-89
-108
-121
-139
-158
-174
-179
-179
-182
-177
-164
-146
-129
-102
-73
-41
-10
11
35
52
69
85
96
95
90
80
65
45
21
-2
-30
-60
-96
-132
-168
-204
-243
-288
-331
-363
-400
-438
-479
-519
-557
-586
-608
-620
-632
-631
-626
-617
-587
-556
-516
-466
-413
-362
-303
-245
-191
-144
-93
-41
1
46
73
105
134
170
206
232
250
266
283
302
318
331
344
345
347
336
318
303
276
249
230
207
175
149
121
91
68
48
33
22
13
15
24
34
45
58
67
80
85
90
92
95
96
90
76
54
37
20
5
0
6
14
21
32
56
89
127
158
186
204
216
223
218
209
186
157
121
74
32
-12
-50
-78
-97
-120
-130
-134
-132
-131
-122
-113
-113
-101
-98
-106
-114
-115
-122
-127
-124
-120
-112
-108
-103
-103
-94
-77
-59
-39
-17
2
7
5
11
-2
-10
-11
-18
-34
-57
-74
-91
-96
-87
-74
-64
-46
-23
1
24
52
92
114
134
150
163
180
191
203
214
219
225
228
231
235
235
234
231
223
206
190
167
150
124
90
64
29
-8
-54
-83
-112
-140
-169
-191
-212
-236
-247
-262
-264
-262
-258
-252
-245
-220
-189
-161
-130
-103
-76
-49
-21
7
25
43
62
70
73
74
79
92
105
117
129
143
161
176
178
178
176
171
160
147
126
90
59
27
3
-20
-48
-71
-92
-107
-115
-126
-127
-129
-137
-143
-154
-157
-160
-168
-178
-179
-183
-188
-185
-169
-152
-132
-98
-61
-17
21
53
84
123
162
196
232
250
271
282
291
298
297
296
278
259
239
215
184
158
135
102
71
39
7
-18
-54
-87
-132
-169
-195
-228
-252
-276
-293
-316
-328
-332
-329
-327
-317
-293
-267
-229
-190
-154
-117
-85
-43
-15
11
36
54
73
87
96
98
107
116
120
119
114
111
109
114
99
87
71
55
34
8
-15
-48
-77
-100
-125
-148
-169
-190
-203
-207
-213
-222
-222
-220
-210
-200
-183
-163
-143
-118
-89
-63
-47
-29
-1
27
51
63
70
77
87
99
111
119
126
134
143
149
149
152
147
138
135
126
117
115
113
111
102
99
94
88
83
79
80
78
75
69
61
57
53
46
35
24
19
12
6
7
4
13
20
36
49
65
77
82
93
98
112
119
123
122
116
115
108
102
98
87
75
59
41
26
19
16
3
-6
-14
-27
-35
-41
-41
-46
-51
-53
-53
-55
-64
-72
-82
-81
-70
-66
-60
-55
-52
-50
-41
-24
-15
-5
4
14
22
38
38
37
33
23
13
0
-13
-35
-51
-62
-78
-86
-95
-104
-108
-121
-123
-130
-123
-116
-122
-124
-128
-113
-99
-81
-61
-44
-20
2
31
55
77
103
122
143
170
191
217
243
265
275
283
291
295
297
292
284
265
241
215
199
187
169
147
132
118
103
83
58
33
8
-11
-36
-60
-85
-104
-116
-126
-132
-135
-137
-133
-119
-104
-85
-66
-44
-22
1
26
44
63
75
81
93
98
96
86
75
69
58
54
36
19
6
-7
-23
-34
-38
-50
-68
-81
-106
-130
-152
-177
-206
-234
-253
-278
-298
-316
-325
-327
-321
-309
-299
-296
-290
-278
-267
-252
-238
-220
-207
-192
-177
-165
-138
-111
-84
-50
-19
4
20
39
63
80
100
122
134
145
148
154
161
164
159
157
157
146
134
118
101
80
55
32
13
-12
-40
-60
-72
-82
-92
-98
-107
-110
-111
-111
-102
-85
-69
-59
-50
-35
-21
-9
11
29
46
56
67
81
101
124
147
158
175
190
199
207
217
227
212
198
186
169
151
134
119
93
79
71
62
54
34
25
12
-6
-29
-50
-68
-90
-110
-131
-147
-167
-188
-200
-202
-195
-188
-175
-159
-140
-116
-95
-67
-38
-18
3
15
36
49
61
79
87
93
102
110
114
119
125
125
119
107
85
59
35
15
-6
-27
-50
-69
-97
-122
-140
-153
-163
-173
-174
-173
-179
-175
-178
-174
-165
-165
-169
-175
-168
-161
-152
-132
-120
-106
-89
-73
-50
-29
-4
11
24
40
52
63
78
78
84
88
92
93
87
92
91
86
84
88
98
100
108
116
115
116
114
110
107
103
99
100
94
90
81
84
83
80
73
73
72
70
75
85
96
97
98
107
112
109
107
111
110
104
99
97
93
93
93
98
105
109
118
124
133
137
137
135
129
118
110
93
67
39
18
-2
-31
-50
-66
-81
-99
-115
-129
-136
-132
-125
-122
-124
-128
-133
-123
-120
-119
-120
-125
-129
-146
-144
-133
-119
-112
-108
-95
-89
-82
-70
-55
-44
-40
-41
-47
-53
-57
-66
-73
-82
-100
-105
-102
-100
-101
-90
-80
-72
-59
-46
-24
-8
2
5
11
7
9
13
16
23
20
17
13
9
3
-7
-15
-20
-24
-27
-28
-32
-38
-48
-66
-84
-91
-99
-104
-114
-120
-122
-131
-136
-136
-124
-114
-106
-97
-92
-76
-63
-54
-42
-43
-38
-38
-38
-36
-31
-19
-13
-9
-9
-8
-2
0
5
8
17
17
15
20
24
28
31
43
53
53
54
57
62
66
66
68
64
56
46
45
39
34
25
14
12
10
11
15
27
41
54
69
84
105
120
138
168
184
200
212
222
235
246
251
251
256
262
266
269
273
276
274
278
278
267
257
239
218
186
152
123
87
57
23
-9
-43
-80
-112
-137
-147
-161
-175
-187
-193
-196
-212
-227
-233
-238
-240
-248
-249
-248
-247
-242
-239
-237
-233
-220
-209
-198
-182
-167
-149
-133
-116
-105
-96
-88
-87
-85
-84
-81
-85
-84
-82
-89
-89
-94
-93
-88
-93
-93
-96
-99
-100
-106
-103
-106
-110
-116
-116
-110
-104
-99
-88
-77
-60
-45
-26
-2
16
35
52
69
79
92
106
121
135
146
156
171
185
199
209
218
234
250
267
277
285
289
291
295
294
289
285
275
264
249
229
211
189
173
156
132
108
86
73
65
52
36
21
0
-19
-32
-47
-67
-84
-94
-102
-117
-122
-123
-119
-114
-119
-117
-111
-103
-93
-86
-75
-60
-51
-41
-27
-19
-10
-5
0
-1
-3
-1
1
1
1
2
1
2
4
4
1
-3
-5
-8
-14
-20
-31
-43
-53
-67
-86
-99
-106
-119
-127
-126
-128
-127
-124
-118
-113
-114
-113
-111
-101
-93
-83
-75
-72
-70
-69
-68
-56
-57
-55
-50
-46
-33
-20
-15
-6
4
11
14
19
25
28
28
23
24
14
11
8
7
7
-2
-4
-5
-7
-3
-1
1
-6
-12
-19
-30
-40
-38
-44
-55
-63
-65
-71
-83
-83
-84
-90
-94
-92
-98
-97
-94
-91
-90
-88
-81
-77
-67
-52
-36
-21
-10
8
28
42
58
68
81
91
97
115
127
141
153
158
159
162
165
166
167
168
171
174
169
163
151
143
133
129
120
107
93
80
70
65
60
55
44
35
27
19
17
16
15
13
13
11
9
6
-5
-7
-14
-12
-6
-9
1
6
13
15
21
31
34
41
37
39
42
43
53
54
57
59
64
62
60
60
51
46
37
31
14
-2
-18
-41
-57
-73
-87
-103
-120
-137
-151
-164
-174
-184
-199
-209
-221
-217
-213
-210
-201
-193
-173
-166
-151
-138
-132
-120
-105
-86
-69
-49
-33
-14
0
12
24
39
56
74
81
87
95
103
116
120
118
116
121
122
120
114
108
95
84
74
65
61
50
35
26
20
8
-4
-11
-23
-27
-33
-37
-40
-44
-42
-41
-48
-44
-36
-32
-22
-13
-2
5
20
32
43
57
73
84
92
104
111
113
117
119
130
131
126
123
116
113
105
96
81
66
53
40
22
2
-14
-36
-49
-58
-77
-95
-102
-109
-120
-127
-135
-143
-148
-156
-152
-144
-136
-122
-107
-96
-77
-67
-61
-50
-38
-20
-11
-10
-6
2
6
6
4
1
-1
-6
-9
-14
-22
-28
-36
-48
-56
-65
-80
-92
-100
-106
-112
-119
-126
-127
-124
-122
-117
-117
-110
-91
-77
-64
-50
-31
-18
-4
11
25
35
51
62
68
73
79
85
87
95
95
97
99
95
91
78
66
53
40
33
26
14
-3
-17
-24
-31
-35
-39
-46
-51
-54
-58
-59
-60
-64
-64
-60
-58
-56
-46
-34
-27
-11
4
15
32
48
59
69
80
86
94
101
110
117
118
123
124
123
120
107
93
84
75
61
38
23
2
-14
-29
-47
-61
-77
-90
-104
-116
-120
-124
-130
-128
-124
-122
-117
-114
-104
-92
-78
-66
-52
-34
-14
2
12
27
44
61
80
102
122
143
161
177
187
191
194
189
183
177
165
148
128
109
87
66
42
17
-4
-22
-35
-50
-66
-80
-89
-94
-94
-97
-98
-94
-85
-80
-74
-63
-52
-42
-33
-22
-13
-2
18
35
49
59
73
81
92
109
117
122
126
127
117
109
104
91
77
63
43
27
9
-13
-29
-52
-75
-84
-102
-120
-131
-142
-156
-160
-165
-165
-164
-158
-151
-150
-148
-141
-132
-120
-104
-88
-71
-44
-19
3
26
49
70
87
105
128
138
147
159
164
163
156
155
155
154
150
155
156
155
151
139
125
112
96
83
69
57
44
29
13
-5
-12
-23
-26
-32
-38
-38
-41
-46
-47
-46
-44
-36
-32
-24
-15
-8
0
11
19
24
31
39
44
47
51
47
46
42
31
21
7
-7
-21
-36
-45
-65
-79
-91
-105
-120
-131
-143
-159
-173
-186
-199
-207
-213
-213
-215
-215
-210
-207
-196
-181
-169
-158
-140
-122
-107
-90
-72
-54
-40
-27
-19
-16
-9
3
13
24
35
41
50
55
53
53
51
49
45
35
30
24
16
13
9
5
2
4
6
9
14
22
35
47
56
65
68
70
78
82
90
98
102
107
114
116
118
122
131
141
142
148
152
155
155
158
156
147
142
135
126
111
96
80
73
57
44
23
10
2
-15
-21
-26
-34
-44
-51
-60
-71
-71
-73
-74
-66
-67
-67
-69
-65
-66
-65
-56
-58
-53
-43
-36
-32
-27
-18
-17
-12
-10
-10
-8
-11
-13
-14
-20
-25
-29
-37
-47
-56
-67
-71
-72
-80
-86
-89
-88
-96
-98
-95
-96
-91
-86
-79
-73
-65
-58
-49
-43
-32
-23
-17
-8
6
15
23
47
61
74
87
96
102
110
117
126
135
143
140
132
130
125
121
111
105
98
95
87
76
69
60
57
49
40
35
26
15
2
-4
-16
-28
-38
-45
-49
-47
-42
-39
-32
-26
-27
-20
-16
-14
-8
-1
8
10
16
17
21
21
25
26
22
27
27
30
29
29
29
19
15
8
2
-3
-9
-12
-17
-24
-29
-40
-52
-66
-74
-85
-92
-98
-108
-116
-122
-123
-121
-114
-115
-113
-104
-102
-92
-76
-62
-43
-29
-16
-2
11
24
31
45
54
59
63
61
61
66
67
67
64
58
50
41
35
31
31
24
12
-1
-19
-29
-36
-43
-50
-65
-73
-82
-85
-90
-96
-101
-102
-100
-100
-96
-89
-81
-80
-79
-70
-59
-50
-38
-26
-14
-2
6
21
28
41
51
60
71
75
78
75
74
74
67
60
48
41
30
20
16
6
4
-6
-13
-20
-27
-34
-39
-38
-38
-41
-41
-44
-42
-43
-41
-41
-36
-25
-17
-9
-2
2
7
14
31
41
50
61
73
92
103
120
126
134
143
149
152
149
148
144
141
136
135
132
123
110
98
87
81
73
64
54
42
29
18
6
-3
-10
-21
-28
-37
-42
-46
-55
-57
-64
-68
-68
-67
-68
-70
-65
-61
-57
-59
-58
-55
-54
-48
-43
-40
-38
-34
-29
-28
-28
-25
-20
-16
-19
-19
-23
-26
-22
-16
-18
-28
-32
-42
-49
-55
-55
-56
-56
-57
-63
-69
-69
-67
-63
-57
-49
-43
-43
-40
-37
-23
-16
-12
-10
-6
-1
11
19
26
36
40
46
51
50
51
53
53
49
43
38
32
26
24
15
6
6
5
-3
-3
1
2
4
4
6
8
12
14
9
10
16
21
22
22
25
24
26
30
38
44
47
52
46
44
45
40
33
29
28
20
11
4
-2
-7
-10
-15
-21
-25
-24
-29
-30
-28
-30
-32
-34
-34
-39
-38
-34
-28
-18
-11
-7
-8
-3
7
16
25
33
45
51
57
64
64
65
65
63
61
61
59
53
53
51
46
38
27
16
6
0
-5
-13
-24
-33
-44
-52
-57
-66
-71
-74
-76
-82
-85
-82
-83
-83
-77
-74
-74
-68
-62
-60
-53
-39
-24
-13
0
10
19
29
44
54
61
66
67
70
67
61
54
48
38
27
17
4
-7
-18
-29
-43
-60
-75
-90
-100
-107
-110
-115
-123
-132
-134
-137
-132
-126
-120
-114
-103
-85
-69
-52
-38
-25
-18
-6
3
11
25
35
46
52
56
59
59
60
58
58
61
60
58
57
52
48
41
35
29
20
10
5
-1
-11
-12
-14
-19
-19
-16
-15
-15
-10
-4
-2
7
21
30
40
48
53
56
63
73
79
89
95
100
106
113
118
117
119
117
111
107
101
95
89
86
75
56
37
23
10
-5
-19
-34
-52
-70
-86
-98
-108
-116
-119
-125
-132
-139
-140
-139
-134
-126
-117
-110
-106
-103
-94
-81
-64
-45
-27
-16
-7
-1
8
14
22
33
39
42
39
36
30
26
28
26
22
15
5
-9
-22
-28
-38
-48
-60
-71
-82
-92
-98
-102
-105
-104
-107
-104
-98
-90
-78
-67
-54
-43
-28
-9
12
30
45
62
78
98
120
135
149
160
166
172
173
177
178
174
172
165
158
147
136
122
107
92
76
60
45
33
23
7
-9
-24
-32
-45
-53
-57
-64
-70
-77
-76
-73
-65
-56
-47
-35
-24
-10
4
19
35
48
60
73
78
84
87
90
93
96
98
95
91
83
73
63
54
42
30
14
0
-20
-37
-56
-75
-93
-107
-120
-131
-139
-148
-155
-161
-165
-167
-166
-158
-152
-144
-137
-126
-112
-100
-82
-66
-48
-31
-20
-6
6
23
38
54
69
77
89
92
95
97
99
101
96
91
82
74
68
53
39
29
17
5
-5
-13
-22
-29
-40
-54
-63
-68
-70
-71
-72
-74
-77
-78
-77
-70
-61
-52
-42
-36
-29
-23
-13
-6
3
19
30
41
49
55
58
56
59
61
62
61
60
55
45
42
40
34
28
18
8
-3
-8
-12
-23
-31
-42
-50
-56
-63
-70
-79
-81
-82
-84
-86
-87
-85
-79
-71
-68
-64
-58
-49
-39
-27
-17
-7
2
12
22
33
44
55
62
68
72
77
83
84
85
84
79
79
79
76
74
68
59
53
51
45
38
31
22
16
2
-10
-16
-20
-25
-33
-34
-38
-45
-47
-46
-41
-35
-35
-29
-25
-17
-13
-6
0
5
16
23
34
39
42
43
45
53
58
60
57
57
53
50
52
45
41
40
36
27
20
15
4
-4
-11
-16
-21
-28
-31
-42
-47
-52
-54
-58
-61
-62
-65
-70
-68
-62
-61
-58
-53
-45
-44
-40
-33
-30
-23
-21
-18
-13
-8
-4
-2
0
0
4
7
6
10
4
3
3
7
12
13
10
9
8
10
13
15
17
19
18
18
17
21
19
21
26
24
28
28
31
29
29
29
28
28
29
34
41
41
43
46
49
51
52
56
59
60
61
63
64
64
64
62
62
59
57
58
61
62
61
54
47
44
39
34
30
22
15
11
4
-4
-10
-14
-16
-22
-24
-27
-31
-33
-35
-36
-40
-42
-43
-44
-41
-43
-44
-46
-42
-37
-37
-35
-36
-34
-35
-36
-32
-27
-21
-23
-24
-26
-26
-23
-25
-22
-26
-29
-32
-37
-38
-40
-38
-37
-38
-38
-40
-38
-38
-32
-27
-22
-15
-10
-2
1
4
7
15
20
22
25
25
25
27
28
30
32
33
37
39
40
39
36
33
29
28
25
23
18
14
9
9
7
9
10
9
7
3
6
1
1
3
6
8
11
12
13
14
15
15
14
18
18
18
18
16
16
17
16
14
11
8
2
-1
-5
-6
-11
-18
-22
-27
-32
-35
-39
-44
-49
-56
-61
-64
-65
-62
-61
-61
-55
-53
-49
-44
-39
-34
-29
-19
-13
-6
-2
3
9
12
19
26
30
34
36
38
38
37
38
37
35
31
29
24
18
12
7
3
-1
-6
-11
-15
-19
-20
-23
-23
-23
-23
-24
-24
-24
-21
-19
-15
-11
-7
-2
2
7
13
21
26
31
34
38
43
47
50
56
60
62
62
63
62
62
60
55
53
49
43
38
31
24
17
9
0
-8
-13
-20
-24
-32
-38
-42
-46
-48
-51
-53
-57
-57
-56
-53
-52
-48
-44
-39
-32
-24
-13
-3
7
16
26
36
46
54
60
63
67
70
70
68
65
62
58
53
47
41
35
27
20
15
7
1
-10
-17
-25
-33
-41
-49
-55
-58
-62
-64
-65
-64
-64
-61
-57
-51
-43
-35
-28
-20
-14
-4
5
15
23
30
36
42
45
51
55
57
58
58
57
58
57
56
54
52
46
41
34
26
19
11
6
-2
-10
-19
-30
-38
-45
-53
-60
-65
-71
-71
-71
-68
-65
-62
-58
-53
-45
-38
-29
-21
-15
-7
0
7
16
24
28
31
41
46
51
54
54
54
54
55
54
49
46
41
33
29
21
15
6
-4
-14
-23
-32
-38
-43
-48
-53
-55
-57
-57
-57
-57
-55
-52
-48
-46
-43
-36
-30
-25
-20
-14
-5
2
11
15
22
27
31
35
40
43
47
48
47
46
42
39
35
29
23
18
14
7
1
-6
-13
-20
-25
-30
-33
-37
-40
-44
-45
-44
-45
-45
-44
-42
-40
-37
-31
-25
-21
-16
-10
-3
3
9
15
20
25
29
34
37
40
39
40
38
38
37
35
31
28
23
18
13
7
0
-4
-9
-14
-18
-21
-26
-32
-34
-37
-38
-40
-40
-41
-41
-39
-36
-33
-29
-25
-21
-16
-11
-6
-2
3
6
9
12
15
17
18
21
23
25
25
25
24
22
22
18
16
15
11
7
4
1
-4
-9
-14
-17
-19
-22
-25
-28
-29
-31
-32
-31
-29
-28
-25
-22
-18
-14
-11
-8
-5
-1
1
6
9
14
16
20
25
28
32
36
37
38
40
43
44
44
43
40
38
36
32
28
25
19
14
8
5
2
-3
-7
-8
-11
-12
-12
-13
-13
-14
-15
-14
-11
-10
-9
-7
-4
-1
2
5
6
10
13
16
19
21
25
28
28
28
28
29
29
25
24
22
18
14
9
3
-2
-7
-13
-18
-20
-24
-27
-31
-32
-34
-37
-38
-38
-38
-38
-38
-38
-37
-36
-35
-33
-31
-28
-25
-22
-19
-15
-10
-7
-4
1
4
9
10
11
14
17
15
15
15
13
10
6
6
5
4
1
-2
-5
-7
-7
-10
-13
-13
-15
-17
-17
-17
-17
-18
-19
-20
-17
-15
-14
-11
-10
-7
-3
-1
5
10
14
19
24
27
32
36
37
38
40
41
41
42
40
39
36
33
32
30
26
22
18
17
14
10
7
3
1
-4
-6
-9
-12
-15
-17
-20
-20
-21
-22
-23
-22
-20
-18
-17
-15
-14
-11
-9
-7
-4
-3
0
3
3
5
5
5
5
4
4
3
2
1
-1
-2
-4
-5
-8
-11
-14
-17
-19
-22
-24
-26
-29
-31
-33
-34
-35
-36
-37
-37
-36
-35
-34
-31
-30
-29
-25
-23
-18
-16
-12
-8
-5
-2
3
5
9
12
15
17
20
24
26
26
26
26
26
26
25
24
23
20
18
16
13
12
8
4
2
2
0
-3
-5
-6
-8
-8
-9
-11
-9
-9
-10
-9
-8
-7
-6
-5
-3
0
2
4
6
8
12
14
15
16
19
18
18
19
20
21
20
19
17
18
16
15
13
12
11
9
7
4
2
1
-3
-5
-8
-9
-11
-14
-15
-16
-18
-19
-20
-18
-17
-16
-15
-13
-11
-9
-7
-5
-1
0
3
5
9
12
14
15
17
20
22
24
26
27
30
30
29
29
29
30
27
26
24
23
20
16
13
11
8
4
2
0
-2
-4
-7
-7
-7
-7
-9
-9
-9
-7
-7
-7
-6
-5
-4
-2
-2
0
2
4
5
5
7
8
9
10
10
11
10
10
10
7
6
3
0
-1
-4
-10
-14
-17
-21
-24
-27
-30
-32
-36
-38
-39
-40
-41
-39
-39
-41
-41
-40
-39
-36
-35
-32
-29
-25
-23
-20
-16
-13
-9
-6
-2
2
4
7
10
13
15
16
17
18
19
19
19
17
18
17
15
12
11
11
10
7
6
4
4
2
1
1
1
1
0
1
2
4
6
8
10
14
16
20
22
25
28
30
32
33
36
36
36
38
39
40
38
38
38
37
35
33
31
28
25
22
18
15
10
5
0
-3
-8
-12
-16
-19
-21
-24
-27
-29
-29
-29
-30
-31
-30
-29
-28
-27
-27
-23
-23
-21
-19
-19
-16
-14
-13
-11
-10
-8
-8
-7
-6
-5
-5
-6
-7
-8
-9
-11
-13
-15
-17
-18
-21
-23
-26
-27
-29
-29
-30
-30
-29
-29
-28
-27
-25
-26
-24
-22
-21
-18
-16
-15
-12
-9
-6
-2
1
3
7
10
13
16
21
24
25
27
28
30
31
30
31
31
31
27
26
25
25
23
21
20
17
15
13
12
10
8
7
4
3
1
-1
-4
-3
-4
-5
-4
-4
-5
-3
-1
1
3
6
7
10
11
13
15
17
17
17
19
19
17
17
16
16
16
14
13
13
12
10
9
8
6
4
1
-2
-5
-6
-9
-12
-15
-17
-20
-20
-22
-22
-22
-22
-22
-19
-17
-15
-13
-10
-7
-5
-3
-1
2
3
5
7
7
8
10
9
10
11
12
11
12
12
12
10
9
7
5
3
0
-2
-5
-7
-10
-12
-15
-18
-20
-20
-23
-23
-23
-22
-23
-22
-20
-19
-17
-16
-13
-12
-10
-9
-8
-6
-4
-3
-1
-1
0
1
2
3
5
6
7
8
9
8
9
7
7
5
4
2
-1
-3
-5
-7
-9
-12
-14
-15
-14
-15
-15
-15
-13
-12
-10
-9
-7
-5
-4
-2
1
4
5
7
9
10
12
13
14
16
18
19
19
21
24
24
24
24
25
24
22
20
18
15
12
8
5
1
-1
-6
-9
-11
-13
-14
-15
-15
-16
-15
-16
-15
-14
-14
-14
-13
-12
-11
-11
-10
-8
-7
-6
-4
-1
2
5
8
10
13
16
17
19
21
20
20
20
17
14
13
8
7
4
0
-3
-6
-8
-11
-14
-16
-16
-18
-18
-19
-20
-20
-21
-20
-19
-19
-18
-19
-18
-17
-15
-14
-11
-8
-6
-3
2
4
6
9
13
15
18
18
19
18
18
18
19
16
13
12
9
8
5
4
0
-1
-4
-5
-7
-8
-9
-12
-12
-12
-12
-12
-14
-14
-13
-13
-11
-11
-9
-9
-7
-5
-2
0
2
3
7
10
13
16
17
19
22
24
25
25
25
26
24
23
22
20
18
16
14
12
10
7
6
3
2
0
-2
-3
-4
-6
-6
-8
-8
-11
-12
-13
-14
-15
-15
-13
-11
-9
-6
-4
-2
2
5
9
13
15
16
19
20
21
22
22
21
21
19
19
17
15
14
12
10
8
6
5
3
0
-2
-4
-6
-9
-12
-14
-15
-18
-20
-22
-23
-24
-22
-22
-21
-19
-17
-15
-10
-8
-4
-2
0
3
5
7
8
10
11
11
13
14
15
13
13
13
13
12
12
11
8
7
7
5
3
1
-2
-4
-6
-8
-9
-12
-14
-15
-15
-16
-16
-17
-16
-15
-13
-11
-9
-8
-6
-3
-1
2
4
6
8
10
13
14
17
17
20
20
21
22
21
23
21
21
20
20
18
15
13
12
12
9
6
3
0
-1
-4
-7
-9
-11
-13
-14
-14
-16
-17
-17
-15
-13
-11
-10
-9
-8
-5
-2
-1
0
2
4
6
7
9
10
11
12
13
15
15
16
15
15
15
15
14
10
9
7
5
2
-2
-5
-9
-12
-15
-16
-19
-21
-23
-24
-23
-23
-22
-22
-22
-21
-20
-17
-15
-13
-12
-10
-6
-5
0
1
5
9
12
15
15
18
19
20
20
21
21
20
18
18
19
17
15
12
10
8
7
5
3
0
-2
-4
-5
-7
-8
-12
-13
-13
-14
-14
-16
-15
-14
-13
-11
-8
-6
-3
0
3
6
10
11
14
16
20
21
23
24
25
26
26
27
25
24
21
21
19
17
14
11
8
6
2
0
-4
-7
-10
-12
-13
-15
-18
-19
-19
-19
-18
-17
-17
-14
-12
-10
-9
-6
-4
-3
-1
0
2
3
4
5
4
6
6
7
8
8
9
10
8
8
6
4
4
2
0
-3
-5
-8
-10
-12
-13
-15
-17
-19
-19
-18
-19
-20
-21
-19
-18
-15
-14
-12
-9
-5
-3
-1
2
6
9
12
15
18
20
21
22
23
24
24
24
24
23
22
22
19
18
15
12
11
10
8
3
1
-1
-3
-3
-6
-8
-10
-10
-9
-8
-8
-9
-7
-6
-4
0
2
5
5
7
9
12
14
14
15
14
17
19
18
18
19
20
21
21
20
19
17
15
14
12
10
6
1
-2
-6
-10
-13
-16
-20
-23
-24
-25
-26
-26
-27
-25
-23
-22
-21
-21
-18
-15
-13
-11
-9
-7
-4
-2
1
3
7
7
10
10
12
13
13
13
12
12
9
8
5
2
0
-3
-5
-8
-11
-14
-16
-17
-19
-22
-23
-26
-26
-27
-28
-29
-29
-29
-27
-26
-24
-22
-20
-16
-13
-10
-7
-3
0
3
7
10
12
15
16
18
21
22
22
22
23
22
21
21
20
18
16
13
9
8
2
-1
-5
-9
-12
-15
-17
-20
-21
-21
-21
-20
-20
-19
-17
-15
-13
-11
-9
-7
-5
-2
2
5
8
10
14
16
18
20
22
23
26
27
28
26
25
24
23
20
17
14
10
7
4
1
-2
-4
-7
-10
-12
-14
-17
-19
-19
-21
-24
-24
-25
-26
-25
-23
-21
-18
-16
-13
-11
-6
-4
0
2
5
7
11
12
13
15
16
17
18
17
17
16
16
15
13
12
10
7
3
1
-3
-6
-9
-13
-16
-19
-20
-22
-22
-24
-26
-26
-25
-24
-22
-21
-20
-18
-15
-13
-10
-8
-7
-4
-3
1
5
6
9
12
15
19
20
21
21
23
24
23
22
21
17
15
13
12
9
7
3
0
-2
-2
-4
-6
-8
-9
-10
-11
-12
-14
-13
-14
-13
-13
-13
-12
-10
-7
-5
-2
0
3
6
9
12
15
16
19
21
21
22
23
24
24
25
25
23
23
22
19
18
18
15
12
10
5
3
2
-2
-4
-8
-10
-12
-14
-14
-15
-17
-17
-17
-17
-17
-17
-17
-15
-15
-13
-11
-10
-9
-7
-4
-1
2
3
5
8
10
12
13
14
13
14
14
13
13
11
10
8
6
5
2
0
-2
-4
-4
-7
-8
-11
-14
-14
-15
-16
-17
-18
-19
-19
-20
-19
-19
-17
-15
-12
-10
-9
-7
-6
-3
-1
2
3
6
6
9
11
11
12
13
13
13
14
15
14
14
12
10
9
7
5
4
1
1
-1
-4
-7
-9
-11
-12
-14
-15
-15
-15
-15
-15
-15
-13
-13
-11
-9
-8
-8
-5
-4
-2
1
3
6
7
8
10
12
14
15
15
16
16
16
16
15
15
13
12
11
9
7
5
2
1
0
-2
-4
-5
-8
-8
-9
-10
-11
-11
-11
-10
-10
-9
-9
-8
-7
-6
-3
-2
0
1
3
5
6
9
9
9
11
13
13
14
15
14
13
12
12
11
11
8
6
5
