7
7
5
5
6
6
6
6
5
7
5
8
7
9
8
8
7
6
6
6
7
6
6
7
7
7
7
8
7
6
6
6
5
5
4
4
3
2
1
1
0
-1
-2
-2
-3
-4
-5
-6
-7
-8
-9
-10
-9
-12
-12
-13
-14
-15
-15
-17
-17
-18
-18
-19
-18
-17
-17
-18
-18
-17
-19
-17
-18
-16
-17
-17
-16
-15
-14
-13
-15
-14
-14
-13
-12
-11
-10
-10
-10
-8
-7
-6
-5
-5
-5
-3
-2
-2
-1
-1
-1
-1
1
2
3
3
4
6
5
6
7
8
8
9
9
11
11
11
12
12
12
13
13
14
15
14
16
17
17
16
16
16
16
16
15
14
15
16
16
17
16
17
16
16
16
14
14
15
15
15
14
12
11
12
11
11
12
10
9
8
8
7
8
6
4
4
4
4
4
5
3
2
1
1
2
1
1
1
2
2
1
0
-2
-2
-2
-3
-2
-3
-4
-4
-5
-4
-4
-5
-5
-6
-7
-7
-7
-8
-9
-9
-9
-9
-10
-11
-11
-11
-11
-11
-12
-12
-12
-12
-12
-12
-12
-13
-13
-14
-14
-13
-12
-11
-10
-11
-10
-10
-10
-9
-8
-8
-5
-5
-5
-4
-5
-3
-2
-1
0
0
-1
0
-1
1
1
2
1
1
1
0
2
2
2
2
2
2
2
1
1
2
3
4
3
4
4
4
5
5
5
7
5
6
6
7
8
9
11
11
10
10
11
11
12
13
12
13
13
12
13
13
13
13
13
14
12
12
11
11
10
9
9
8
8
6
5
5
4
3
2
2
1
0
0
-1
-1
-2
-2
-2
-3
-6
-7
-7
-7
-5
-5
-4
-5
-5
-6
-5
-5
-5
-4
-4
-5
-5
-5
-5
-6
-5
-4
-5
-5
-5
-3
-3
-2
-2
-3
-4
-4
-5
-5
-6
-5
-5
-5
-4
-5
-6
-6
-6
-6
-6
-6
-7
-8
-9
-8
-8
-8
-9
-10
-11
-10
-11
-9
-8
-9
-10
-10
-11
-9
-8
-7
-8
-8
-8
-9
-7
-6
-6
-5
-3
-4
-3
-3
-3
-4
-3
-3
-3
-3
-2
-2
-1
0
0
0
0
0
1
1
2
2
2
2
2
2
3
4
5
6
6
7
8
8
7
7
7
8
7
9
11
12
12
12
13
13
14
14
14
14
14
14
14
14
15
15
15
15
15
15
14
15
14
13
13
13
12
11
11
11
10
10
9
8
7
5
5
4
3
2
3
2
3
3
3
0
1
2
0
-1
-1
-3
-3
-2
-4
-4
-3
-4
-3
-3
-3
-5
-6
-5
-5
-5
-4
-4
-4
-4
-3
-4
-3
-5
-5
-5
-6
-5
-6
-5
-3
-3
-3
-4
-3
-3
-4
-5
-6
-6
-7
-7
-8
-9
-8
-7
-5
-5
-4
-4
-5
-4
-5
-5
-6
-5
-7
-8
-6
-6
-5
-3
-3
-2
-1
-2
-1
-1
-2
-3
-2
-1
-2
-1
-1
1
3
3
4
4
2
2
2
0
0
1
2
2
4
4
4
5
4
3
2
1
-1
-1
-1
-1
0
1
2
2
3
4
1
0
-2
-2
-4
-6
-7
-6
-6
-4
-2
-1
-1
0
0
0
-1
-2
-2
-3
-4
-4
-4
-3
-3
-2
-1
1
1
1
1
0
-2
-2
-2
-3
-3
-3
-2
-1
0
0
0
0
-1
-1
-2
-4
-5
-6
-6
-5
-4
-2
-2
-2
-2
-1
-1
-2
-2
-2
-3
-2
-3
-1
0
0
2
3
4
4
4
3
3
2
2
2
2
2
4
5
5
6
7
6
7
5
3
2
1
0
-2
-1
-1
-1
2
2
2
2
2
2
-1
-2
-3
-3
-4
-4
-4
-2
-2
-1
0
0
1
0
1
0
1
0
1
1
1
2
3
3
3
3
3
3
3
3
3
2
2
2
3
2
3
4
4
4
4
4
3
3
1
1
1
1
0
0
1
0
1
2
1
2
2
2
0
1
1
1
1
2
3
3
2
3
3
5
5
5
4
5
4
5
5
6
5
5
5
4
5
4
3
3
2
0
0
0
-2
-1
0
0
-1
-1
-1
-1
-2
-2
-2
-3
-4
-5
-4
-4
-4
-3
-4
-4
-4
-4
-5
-4
-4
-3
-3
-4
-3
-3
-1
-2
-1
-1
-2
-2
-1
-2
-1
-3
-2
-3
-2
-1
-2
-3
-2
-3
-3
-2
-2
-2
-3
-3
-4
-4
-3
-3
-4
-3
-4
-5
-4
-4
-3
-4
-2
-3
-2
-3
-2
-2
-2
-1
-1
-1
-1
-1
-1
-1
-1
0
0
0
0
1
1
1
1
1
1
1
0
1
0
0
-2
-1
-2
-2
-1
-2
-3
-2
-3
-3
-3
-3
-4
-5
-6
-5
-5
-5
-4
-5
-4
-5
-4
-5
-5
-5
-4
-4
-5
-5
-4
-4
-3
-3
-3
-2
-2
0
-1
1
1
2
2
2
1
2
3
3
4
4
4
4
4
4
4
4
5
4
4
5
4
4
4
3
3
3
3
3
3
4
5
4
4
3
4
4
3
2
3
3
3
3
4
3
3
3
2
2
3
2
3
3
3
3
4
4
4
5
5
5
5
5
4
3
4
4
5
4
4
4
4
4
5
4
3
3
2
1
2
1
1
4
2
2
2
2
2
0
-1
-1
-3
-3
-4
-3
-3
-3
-3
-3
-2
-2
-2
-1
-1
-2
-4
-4
-3
-3
-3
-2
-1
-2
-1
-1
-1
1
-1
-1
-1
0
-1
1
-1
-1
-1
0
1
1
2
1
1
0
-1
-1
-3
-3
-4
-2
-2
-2
-1
-1
0
0
1
1
-1
-2
-4
-4
-3
-4
-3
-4
-3
-5
-3
-3
-3
-4
-4
-4
-4
-3
-2
-3
-1
0
0
0
0
1
0
0
1
-1
-1
-1
1
0
0
-1
-1
0
0
0
1
-1
-1
-2
-2
-1
0
0
-2
-2
-4
-4
-3
-3
-3
-4
-4
-4
-5
-5
-5
-5
-5
-5
-5
-5
-4
-4
-4
-2
-2
-3
-2
-3
-1
-2
-1
-2
-2
-1
0
1
1
1
2
2
3
2
3
4
3
3
2
2
3
2
3
3
1
1
1
1
3
2
3
2
1
0
1
1
1
2
2
1
1
0
1
0
1
1
1
0
-1
-1
1
2
1
2
1
0
2
2
1
3
2
1
0
1
2
2
2
2
2
0
0
-1
1
0
-1
-1
-2
-2
-2
-3
-3
-3
-2
-4
-2
-3
-2
-1
-1
-1
-2
-3
-2
-2
-2
-1
-1
-1
-2
-2
-1
-1
0
0
0
0
1
2
1
2
2
1
1
1
2
2
2
3
2
2
0
1
1
1
1
1
0
-1
-1
-1
0
0
0
0
0
0
-1
0
-1
-1
-1
-1
-1
-1
-1
0
0
0
0
2
2
3
2
3
2
3
3
2
3
2
2
1
0
0
0
-1
0
-1
0
0
-1
-1
-1
-1
0
0
0
-2
-2
-2
-1
-2
-3
-4
-3
-3
-3
-3
-3
-2
-2
-2
-2
-1
-1
0
0
-1
-1
1
1
0
0
0
-1
0
1
1
1
0
1
1
1
1
0
1
1
1
2
2
2
3
1
2
3
2
1
0
1
2
3
2
4
3
3
3
3
4
3
3
2
3
4
4
4
4
3
3
3
3
2
1
2
2
1
1
1
1
1
-1
-2
-2
-2
-2
-2
-2
-2
-1
-1
0
1
1
-1
-2
-1
-2
-2
-3
-1
-1
-1
1
0
1
1
2
2
3
2
3
3
2
3
3
4
4
4
4
5
6
7
7
7
5
6
4
3
3
4
4
3
5
4
4
4
4
4
4
3
2
2
1
-1
-1
-1
-3
-2
-3
-3
-3
-3
-3
-4
-4
-5
-5
-4
-4
-4
-3
-3
-3
-3
-3
-4
-5
-5
-6
-6
-6
-6
-5
-5
-4
-4
-4
-5
-5
-4
-6
-5
-5
-4
-4
-3
-3
-4
-4
-4
-3
-3
-3
-2
-2
-2
-2
-3
-4
-4
-4
-5
-5
-4
-5
-5
-5
-4
-4
-4
-3
-4
-5
-5
-4
-4
-3
-4
-2
-3
-3
-2
-1
-1
-1
-2
0
1
1
1
0
1
1
3
4
5
5
5
6
6
7
7
7
8
8
9
9
10
11
10
10
9
9
9
9
9
8
9
9
10
10
8
6
6
5
7
5
6
5
4
3
2
2
2
2
1
1
1
0
1
1
1
0
-1
-2
-3
-4
-3
-2
-1
0
0
1
-1
-1
0
0
0
1
1
0
0
1
2
2
4
5
4
3
3
3
4
4
5
5
5
5
5
4
3
4
4
4
2
1
1
0
0
1
0
0
-2
-4
-4
-5
-5
-4
-6
-5
-6
-6
-5
-4
-4
-4
-4
-3
-5
-4
-4
-5
-4
-2
-1
-2
-1
-1
-2
-1
0
1
1
0
1
0
-1
0
2
3
3
3
3
3
4
4
5
4
3
3
4
4
3
3
3
3
3
1
1
0
-1
0
1
2
2
1
1
0
0
1
1
1
1
0
2
2
3
4
4
5
4
4
4
3
3
2
2
1
0
-1
-1
-2
0
-1
-1
-1
-1
-2
-1
-3
-2
-2
-1
-2
-3
-4
-5
-4
-4
-4
-6
-7
-7
-8
-8
-7
-6
-5
-6
-5
-5
-6
-6
-7
-6
-6
-7
-6
-5
-6
-5
-6
-6
-5
-5
-5
-6
-6
-8
-9
-7
-9
-10
-10
-10
-11
-11
-11
-12
-12
-11
-12
-11
-12
-11
-10
-9
-10
-10
-9
-9
-10
-9
-10
-11
-9
-9
-9
-9
-7
-7
-6
-5
-4
-4
-4
-3
-3
-3
-2
-1
-1
0
1
2
2
3
3
2
1
2
2
2
2
1
1
0
0
0
-1
-2
-1
0
0
-1
0
0
-1
0
1
0
-1
-1
-1
-4
-3
-3
-3
-4
-3
-3
-3
-1
0
0
0
1
1
3
2
0
2
3
3
4
3
3
3
4
4
4
4
6
5
7
7
5
5
5
4
5
4
4
3
3
4
2
2
2
2
2
3
2
1
0
0
0
-1
-2
-2
-1
-2
-2
0
-1
-1
-1
-1
0
2
3
1
1
0
0
0
0
0
-1
-2
-1
-1
0
0
1
1
2
1
1
0
0
0
0
0
-1
-1
-2
-3
-3
-2
-4
-2
-3
-4
-5
-5
-6
-6
-6
-6
-5
-6
-6
-7
-7
-6
-5
-6
-6
-6
-5
-5
-5
-5
-6
-6
-7
-6
-6
-7
-9
-9
-9
-9
-9
-9
-8
-6
-6
-6
-7
-7
-6
-7
-5
-5
-5
-5
-5
-6
-6
-6
-5
-6
-4
-5
-5
-5
-5
-4
-5
-5
-4
-3
-2
-2
-4
-3
-4
-3
-3
-2
-2
-1
0
-1
-2
-2
-1
-2
-1
-1
-2
-2
-3
-2
-2
-1
-1
-1
0
0
-1
-1
-2
-2
-2
-3
-4
-4
-3
-2
-3
-2
-2
-2
-2
-3
-2
-2
-2
-1
-1
-2
-2
-1
0
0
-1
-2
-2
-2
-1
-1
-1
1
1
0
0
1
0
0
0
1
2
3
3
4
3
5
4
3
4
4
3
3
2
2
3
1
1
0
1
0
-1
-2
-3
-2
-4
-3
-3
-3
-2
-2
-3
-4
-5
-5
-4
-4
-3
-3
-3
-2
-2
-4
-3
-4
-1
1
1
1
2
1
1
1
3
3
4
5
5
5
3
3
4
4
4
4
5
5
6
6
5
5
5
5
6
6
6
7
7
6
5
3
2
4
4
5
5
6
5
3
2
3
3
3
3
4
3
3
3
3
3
3
4
5
5
6
6
5
3
2
2
2
3
4
4
4
3
2
2
3
2
4
3
2
3
3
3
2
1
0
1
1
0
-1
0
0
-1
-1
-2
-3
-3
-2
-2
-2
-1
-1
-1
-3
-3
-3
-3
-2
-2
-1
-1
-1
1
-1
-1
-1
-1
-1
1
1
2
2
2
2
2
3
4
5
7
7
7
6
6
5
5
5
7
7
8
8
8
6
6
6
4
4
5
7
7
7
7
5
5
5
3
4
4
3
1
1
1
-1
-1
-2
-2
-1
-2
-2
-4
-4
-5
-5
-4
-5
-4
-4
-5
-6
-6
-6
-6
-5
-6
-6
-7
-7
-7
-6
-6
-6
-4
-4
-4
-3
-3
-3
-3
-1
-2
-1
-1
0
0
0
-1
-1
0
-1
0
1
1
0
2
2
1
2
4
1
3
3
2
1
2
2
0
2
1
1
1
0
0
0
1
0
0
-1
-2
0
-2
-2
-2
-2
-2
-2
-1
-3
-3
-2
-2
-2
-2
-2
-3
-1
-2
-2
0
0
-1
-1
0
-1
0
2
1
2
3
3
4
5
4
4
6
5
6
8
6
6
7
8
7
8
8
6
6
6
4
5
6
5
4
6
4
2
3
2
0
2
1
-1
0
-2
-3
-3
-4
-6
-4
-5
-7
-7
-5
-7
-4
-4
-5
-5
-2
-2
-3
-1
-2
-3
-1
-1
-2
-1
1
0
2
2
1
3
5
3
3
6
5
7
9
7
5
7
7
5
7
5
2
5
5
1
2
4
1
3
5
1
1
5
1
-1
1
-1
-3
-1
-3
-5
-1
-2
-3
-1
-1
-6
-6
-4
-9
-11
-10
-14
-16
-12
-14
-15
-10
-12
-12
-6
-7
-11
-7
-7
-11
-8
-8
-11
-8
-5
-9
-9
-3
-6
-7
-1
-4
-6
3
3
1
8
11
11
18
18
14
20
22
14
12
9
0
0
0
-10
-9
-5
-7
-4
1
-3
2
9
8
9
14
14
11
14
11
7
9
8
3
2
2
-2
-4
-3
-6
-6
-1
-4
-4
-2
-4
-5
-2
-5
-9
-8
-14
-18
-13
-16
-16
-14
-16
-14
-7
-9
-9
-4
-5
-4
1
-4
-5
3
2
1
4
2
3
8
3
-3
-3
-4
-7
-5
-7
-10
-5
1
-1
1
6
7
10
14
8
7
13
12
11
14
13
10
16
13
6
10
8
1
5
3
-2
6
9
3
9
11
8
12
10
0
0
0
-8
-5
-6
-13
-9
-4
-5
-2
1
-4
-3
-2
-7
-13
-13
-15
-20
-17
-20
-25
-23
-22
-25
-24
-24
-28
-26
-22
-25
-21
-13
-12
-8
1
2
4
12
8
6
7
1
-2
-2
-4
-12
-11
-10
-13
-8
-6
-8
-3
7
5
10
21
22
29
41
38
37
48
45
40
47
39
30
41
33
19
26
22
15
27
20
6
17
17
7
19
16
5
19
24
9
13
12
-3
1
-2
-23
-28
-30
-46
-54
-50
-57
-55
-45
-46
-44
-25
-18
-17
-7
-9
-14
-8
-7
-18
-16
-23
-36
-31
-30
-33
-23
-15
-19
-5
11
16
27
39
41
44
39
25
27
37
34
34
41
46
54
58
50
48
52
50
39
29
27
43
73
98
120
139
162
174
182
168
143
129
112
72
33
13
-14
-32
-35
-44
-40
-17
-17
-23
-17
-31
-51
-67
-98
-125
-137
-156
-184
-196
-202
-203
-206
-216
-229
-226
-223
-234
-231
-209
-192
-178
-158
-161
-143
-109
-102
-93
-60
-53
-29
-1
-49
-81
-45
-58
-105
-107
-154
-172
-100
-89
-84
47
166
249
387
441
439
538
568
460
417
370
251
199
149
53
63
125
110
131
182
195
255
309
284
281
319
308
288
290
274
282
300
281
271
282
272
232
193
133
73
16
-58
-133
-175
-189
-205
-213
-222
-217
-193
-170
-175
-189
-192
-212
-247
-272
-292
-323
-361
-414
-428
-389
-372
-400
-376
-317
-278
-229
-209
-212
-139
-77
-135
-180
-210
-266
-277
-317
-439
-475
-429
-407
-222
76
255
375
516
626
714
690
504
397
370
179
-40
-115
-141
-110
-25
-2
35
157
234
270
290
248
222
242
198
130
165
240
306
360
385
410
444
425
330
185
47
-44
-129
-253
-355
-354
-296
-220
-148
-70
19
121
188
195
173
135
78
-20
-145
-252
-314
-377
-461
-509
-493
-438
-393
-391
-396
-347
-266
-200
-199
-223
-175
-77
-59
-100
-105
-128
-161
-215
-312
-387
-392
-454
-550
-556
-550
-555
-443
-200
139
561
821
897
1034
1214
1164
912
661
433
206
-77
-385
-518
-434
-331
-260
-136
42
252
477
590
586
593
619
581
460
349
320
354
331
266
272
358
453
488
418
265
175
121
-14
-175
-262
-267
-233
-180
-109
20
186
312
384
416
390
323
230
101
-77
-218
-331
-466
-550
-545
-489
-416
-341
-268
-178
-61
2
6
-23
-84
-149
-234
-354
-475
-547
-590
-594
-578
-544
-498
-442
-420
-393
-364
-378
-353
-195
131
524
833
952
1023
1134
1150
934
575
264
5
-313
-672
-896
-892
-734
-582
-448
-243
46
335
542
623
607
569
521
400
227
109
79
102
107
108
189
310
347
265
131
6
-102
-229
-396
-517
-500
-376
-215
-33
218
505
769
931
972
940
837
638
362
79
-150
-307
-422
-489
-473
-349
-178
-30
65
143
218
256
238
147
24
-67
-174
-324
-470
-621
-763
-868
-958
-1007
-967
-886
-807
-687
-566
-459
-340
-281
-268
-230
-272
-414
-443
-272
125
654
931
832
785
914
927
599
11
-392
-464
-697
-1214
-1369
-985
-530
-228
-65
201
697
1079
1110
989
819
577
406
181
-187
-374
-293
-199
-121
24
255
571
756
632
434
329
209
13
-268
-520
-540
-370
-241
-123
75
316
547
695
729
746
755
656
453
268
149
62
-37
-212
-338
-302
-218
-247
-341
-366
-311
-222
-235
-372
-457
-421
-403
-477
-589
-699
-749
-745
-842
-1004
-1033
-1003
-971
-877
-784
-658
-417
-241
-207
-166
-145
-249
-392
-496
-278
434
1130
1219
1014
1081
1417
1526
961
204
28
72
-483
-1200
-1262
-760
-311
-227
-247
165
816
1069
1003
941
844
743
701
463
94
-13
110
232
251
170
255
544
579
161
-245
-339
-341
-534
-863
-922
-546
-110
118
505
1267
1903
2021
1862
1787
1810
1595
868
75
-153
-121
-271
-541
-678
-464
118
465
236
90
310
522
477
185
-212
-310
-208
-394
-684
-727
-664
-669
-697
-792
-839
-706
-771
-1178
-1448
-1418
-1403
-1546
-1649
-1547
-1167
-734
-573
-524
-275
81
375
646
885
1194
1450
1276
789
532
449
78
-568
-1044
-1079
-1000
-1129
-1184
-713
-5
473
669
814
1060
1241
1196
955
604
196
-114
-261
-378
-481
-438
-197
149
398
545
723
877
737
326
-30
-203
-347
-657
-923
-813
-425
-131
69
343
688
961
1132
1482
1990
2025
1569
1170
933
758
439
-237
-703
-548
-528
-642
-536
-548
-375
301
501
219
349
444
308
337
-17
-642
-692
-814
-1363
-1437
-1269
-1365
-1132
-831
-860
-579
-142
-333
-764
-931
-1082
-1193
-1298
-1543
-1547
-1112
-721
-517
-278
59
463
890
1106
1174
1488
1741
1384
682
331
352
217
-291
-711
-509
-86
-136
-339
-60
484
762
585
228
100
162
3
-301
-481
-551
-504
-251
54
294
599
938
1204
1339
1270
1092
982
693
38
-619
-892
-1003
-1221
-1435
-1323
-795
-200
337
1070
1773
2100
2367
2704
2666
2174
1430
732
428
-43
-837
-1140
-975
-992
-700
-243
-202
103
728
810
731
804
462
140
36
-515
-1032
-1016
-1310
-1733
-1592
-1479
-1570
-1217
-962
-1123
-943
-549
-548
-704
-747
-846
-867
-842
-986
-987
-717
-541
-475
-282
-156
-174
-50
78
-8
54
458
785
816
592
341
429
808
656
-16
-195
185
231
-231
-639
-466
102
143
-505
-685
-235
-116
-270
-273
-236
-26
354
467
599
981
1233
1390
1618
1478
1169
1108
881
296
-308
-814
-1000
-764
-693
-720
-250
507
1171
1754
2065
2089
2139
2151
1888
1415
823
300
8
-283
-634
-770
-699
-597
-395
-158
-2
174
349
439
493
451
272
45
-302
-700
-884
-962
-1217
-1491
-1529
-1420
-1224
-985
-843
-756
-603
-465
-411
-461
-625
-724
-679
-675
-742
-738
-650
-521
-402
-355
-337
-261
-145
-78
-60
120
633
1048
925
484
310
600
736
173
-446
-218
246
-5
-650
-873
-515
-188
-574
-1229
-1153
-744
-731
-814
-626
-293
144
522
720
1072
1514
1684
1804
1869
1583
1277
1144
736
-38
-740
-1131
-1145
-1194
-1547
-1542
-708
426
1357
2028
2643
3252
3519
3286
2678
1895
1182
531
-420
-1141
-1312
-1388
-1346
-957
-564
-83
585
731
604
756
729
403
137
-414
-1012
-999
-910
-1192
-1235
-1057
-904
-582
-383
-519
-591
-561
-805
-1107
-1332
-1577
-1715
-1709
-1686
-1474
-1023
-631
-332
21
267
347
410
418
341
209
187
488
874
747
243
137
582
851
347
-345
-240
303
150
-550
-731
-206
181
-143
-710
-603
-139
-170
-501
-531
-240
176
502
644
951
1469
1844
2072
2160
1900
1570
1335
887
54
-837
-1382
-1419
-1289
-1279
-1062
-313
606
1234
1673
2072
2297
2330
2226
1787
1226
773
286
-197
-435
-547
-597
-522
-525
-448
-66
157
28
-42
-31
-92
-107
-192
-476
-621
-573
-592
-644
-662
-692
-684
-695
-812
-893
-926
-1045
-1193
-1261
-1249
-1198
-1155
-1154
-1137
-1015
-790
-596
-609
-602
-425
-285
-359
-482
-555
-361
-26
103
260
674
844
533
260
275
409
250
-310
-599
-267
-197
-619
-802
-544
-293
-311
-611
-642
-222
-54
-208
-87
180
407
777
1073
1280
1609
1857
1919
2052
1907
1467
1167
893
437
88
-104
-229
-244
-359
-461
-87
469
731
998
1406
1693
1893
2081
2077
1931
1698
1298
807
322
-137
-429
-612
-878
-1020
-826
-550
-449
-371
-196
27
143
69
-121
-326
-494
-648
-851
-1138
-1344
-1315
-1243
-1282
-1298
-1231
-1191
-1205
-1248
-1239
-1133
-1065
-1145
-1159
-1012
-859
-770
-792
-857
-785
-625
-701
-784
-579
-237
180
764
1245
1293
1041
841
995
1102
422
-535
-693
-491
-828
-1385
-1430
-877
-228
-166
-379
113
840
910
687
645
692
841
882
697
783
1169
1347
1483
1676
1621
1523
1491
1151
558
7
-494
-560
-234
-293
-408
152
832
1245
1490
1454
1516
1940
1813
1254
990
603
156
128
-144
-687
-613
-476
-591
-372
-168
-233
20
133
-214
-239
-105
-486
-779
-759
-931
-1029
-992
-1189
-1348
-1219
-1281
-1478
-1513
-1551
-1500
-1283
-1251
-1297
-1096
-896
-886
-832
-782
-820
-755
-653
-682
-711
-581
-295
152
643
1156
1649
1779
1459
1051
894
693
94
-666
-1025
-1035
-1101
-1173
-1001
-516
107
376
287
472
815
783
501
244
8
39
181
192
419
950
1422
1899
2307
2376
2405
2392
2023
1536
1066
306
-428
-844
-1198
-1343
-1123
-816
-313
395
853
1194
1686
1969
1997
1982
1661
1188
947
642
223
-48
-370
-732
-801
-852
-1077
-1098
-1014
-1038
-935
-782
-806
-785
-700
-802
-929
-988
-1157
-1301
-1287
-1283
-1303
-1239
-1268
-1306
-1170
-1084
-1103
-1098
-1140
-1205
-1132
-1117
-1258
-1305
-1233
-1084
-831
-733
-658
-320
191
732
1495
2113
2073
1663
1306
1197
963
90
-1049
-1395
-1287
-1604
-2016
-1793
-958
22
463
508
1042
1792
1860
1472
1135
769
538
333
-34
-141
271
714
1154
1600
1873
2155
2460
2273
1707
1350
1083
681
229
-206
-314
72
271
198
544
1136
1306
1342
1375
1333
1411
1390
933
537
451
263
19
-255
-714
-899
-684
-740
-1042
-1019
-824
-752
-632
-598
-672
-671
-729
-1044
-1340
-1475
-1615
-1817
-2061
-2194
-2016
-1753
-1664
-1563
-1219
-755
-446
-359
-339
-276
-286
-456
-812
-1224
-1413
-1389
-1300
-1006
-405
337
1227
2148
2594
2496
2151
1891
1595
761
-565
-1399
-1517
-1815
-2317
-2272
-1520
-507
142
334
811
1601
1868
1583
1305
992
766
698
430
212
478
860
1138
1420
1566
1684
1875
1836
1581
1319
878
482
351
140
-134
-126
109
462
758
901
1147
1455
1504
1415
1251
842
513
297
-67
-371
-530
-728
-789
-713
-758
-781
-633
-595
-608
-551
-651
-827
-889
-1042
-1327
-1509
-1684
-1957
-2084
-2038
-2001
-1899
-1746
-1578
-1264
-821
-452
-176
2
24
48
167
20
-430
-840
-1143
-1382
-1539
-1567
-1293
-622
105
874
1851
2561
2588
2307
2049
1838
1279
91
-1048
-1396
-1547
-2075
-2402
-2099
-1342
-593
-296
-66
671
1273
1240
1090
1037
923
906
775
471
580
998
1258
1494
1691
1741
1889
2040
1816
1361
877
429
264
191
-161
-321
140
785
1098
1276
1499
1792
2080
2004
1485
983
746
462
36
-407
-762
-886
-837
-938
-1073
-972
-807
-851
-826
-643
-521
-510
-636
-899
-1131
-1267
-1529
-1954
-2372
-2595
-2540
-2372
-2297
-2131
-1720
-1196
-713
-321
-52
160
326
331
164
-100
-445
-807
-1193
-1502
-1424
-982
-510
60
981
1973
2437
2276
1974
1976
1826
865
-393
-1036
-1269
-1754
-2334
-2431
-1783
-901
-524
-375
300
1117
1417
1286
1057
878
901
844
577
530
816
1207
1634
1857
1832
1929
2030
1822
1364
763
223
13
-121
-382
-429
-32
620
1256
1634
1932
2319
2515
2401
2129
1577
902
383
-137
-684
-997
-1224
-1438
-1389
-1253
-1115
-847
-664
-670
-471
-168
-103
-131
-206
-451
-725
-1042
-1586
-2197
-2668
-2953
-3044
-3009
-2891
-2464
-1765
-1039
-355
271
743
1032
1120
1044
773
234
-451
-995
-1280
-1327
-1047
-639
23
999
1819
2008
1798
1638
1655
1402
384
-711
-1007
-1127
-1676
-2103
-1949
-1262
-581
-467
-530
99
734
701
461
300
246
505
664
468
594
1098
1495
1814
1938
1762
1790
1851
1438
936
622
196
-169
-433
-663
-417
214
608
1037
1820
2428
2732
2928
2866
2673
2382
1648
726
77
-482
-1009
-1341
-1690
-1904
-1656
-1346
-1243
-977
-514
-170
71
190
126
27
-170
-598
-1169
-1728
-2233
-2651
-3006
-3309
-3359
-3056
-2611
-2147
-1603
-932
-237
326
658
749
755
713
453
-83
-633
-997
-1102
-962
-711
-318
420
1280
1743
1684
1395
1328
1424
938
-209
-891
-837
-951
-1448
-1710
-1305
-534
-162
-344
-213
341
563
390
167
-44
-32
164
161
191
586
1133
1668
2074
2117
2124
2195
1969
1459
907
357
22
-128
-462
-671
-326
291
901
1518
2065
2602
3060
3172
2987
2720
2275
1654
997
227
-468
-865
-1139
-1459
-1652
-1669
-1560
-1360
-1155
-910
-544
-204
-43
4
-91
-322
-669
-1142
-1777
-2393
-2825
-3133
-3413
-3516
-3286
-2803
-2236
-1617
-958
-327
236
665
939
925
660
306
24
-218
-305
-129
222
695
1263
1688
1774
1601
1448
1430
1060
127
-672
-810
-908
-1282
-1503
-1190
-468
44
24
72
552
745
415
8
-334
-520
-483
-543
-525
-35
638
1185
1714
2063
2178
2219
1909
1174
461
-40
-452
-760
-1093
-1234
-681
200
772
1266
2071
2840
3260
3304
3099
2868
2570
1944
1185
626
173
-257
-610
-940
-1161
-1137
-1148
-1407
-1578
-1414
-1198
-1078
-1000
-850
-636
-467
-515
-704
-980
-1351
-1776
-2264
-2806
-3238
-3423
-3461
-3323
-2870
-2155
-1418
-803
-226
453
979
1086
848
549
233
-147
-478
-500
-144
392
963
1431
1747
1818
1685
1523
1306
719
-70
-490
-673
-922
-1058
-880
-383
209
395
282
467
692
374
-179
-607
-877
-858
-728
-655
-240
587
1336
1948
2390
2567
2588
2350
1580
679
164
-257
-760
-1157
-1332
-1002
-155
502
1020
1946
2907
3351
3583
3557
3310
3095
2625
1782
1159
725
138
-239
-484
-869
-988
-890
-1084
-1241
-1121
-1047
-1101
-1002
-915
-823
-732
-813
-989
-1125
-1382
-1786
-2161
-2567
-2955
-3169
-3255
-3222
-2893
-2265
-1571
-961
-436
57
506
689
496
138
-241
-674
-1004
-988
-683
-171
574
1370
2002
2286
2163
1895
1817
1343
262
-575
-755
-937
-1324
-1458
-1018
-125
438
346
379
820
840
353
-154
-591
-896
-957
-1028
-902
-259
530
1186
1813
2174
2302
2375
2025
1183
380
-158
-550
-793
-1047
-1156
-621
303
973
1549
2372
3071
3409
3471
3163
2734
2350
1752
963
407
39
-272
-416
-589
-821
-692
-421
-480
-618
-541
-470
-506
-533
-613
-715
-811
-1024
-1378
-1746
-2111
-2432
-2719
-3003
-3233
-3243
-3060
-2786
-2390
-1819
-1157
-543
-2
425
627
645
525
245
-143
-547
-736
-537
-105
311
897
1641
2135
2133
1854
1624
1511
965
-29
-580
-566
-710
-1038
-988
-456
271
572
335
329
611
415
-125
-544
-857
-956
-845
-790
-534
135
793
1345
1836
1978
1911
1810
1423
800
289
-104
-451
-771
-1089
-1094
-496
228
683
1201
2035
2776
3115
3206
3116
2917
2604
2035
1297
744
296
-171
-516
-765
-975
-929
-768
-778
-721
-460
-268
-217
-171
-209
-369
-665
-1145
-1750
-2261
-2687
-3095
-3478
-3639
-3539
-3267
-2905
-2461
-1797
-906
-137
272
523
786
872
652
127
-593
-1166
-1594
-1949
-1929
-1388
-630
290
1372
2183
2523
2486
2281
2240
1936
836
-234
-448
-578
-1103
-1378
-1065
-327
259
141
-1
453
634
161
-258
-504
-668
-557
-514
-518
-16
698
1168
1639
1945
2011
2066
1866
1245
754
461
-9
-428
-662
-704
-249
408
777
1328
2281
2958
3243
3452
3378
3164
2864
2099
1187
636
108
-464
-762
-1049
-1257
-901
-482
-455
-316
62
284
372
341
134
-68
-372
-1019
-1749
-2290
-2758
-3199
-3627
-3946
-3927
-3571
-3199
-2746
-2011
-1138
-392
164
562
883
1004
773
241
-352
-899
-1344
-1609
-1628
-1201
-342
664
1483
1978
2164
2147
2091
1875
1201
281
-344
-621
-968
-1383
-1430
-918
-244
31
-4
225
581
540
191
-95
-324
-465
-506
-526
-362
131
697
1113
1383
1518
1610
1583
1289
848
558
345
4
-387
-604
-516
-86
428
821
1283
2002
2595
2786
2814
2801
2679
2384
1883
1233
707
290
-193
-610
-870
-1023
-948
-779
-767
-677
-257
83
111
122
157
44
-334
-946
-1593
-2107
-2596
-3189
-3697
-3872
-3691
-3285
-2852
-2382
-1688
-806
-95
303
530
779
898
649
-13
-716
-1183
-1452
-1608
-1531
-1057
-236
743
1568
2138
2381
2356
2191
2047
1526
537
-320
-602
-801
-1222
-1490
-1193
-460
41
13
47
510
720
419
26
-194
-303
-314
-428
-449
-58
490
862
1179
1453
1632
1787
1723
1346
1017
757
335
-74
-335
-445
-177
323
697
1141
1787
2280
2615
2927
3008
2938
2741
2203
1504
1013
502
-79
-571
-1001
-1255
-1121
-979
-1013
-798
-300
49
208
298
305
190
-193
-876
-1612
-2255
-2963
-3639
-4065
-4216
-4094
-3707
-3208
-2553
-1719
-873
-240
190
507
720
661
222
-358
-866
-1301
-1699
-1889
-1603
-902
-131
603
1409
2066
2213
1952
1801
1837
1401
335
-448
-536
-604
-995
-1232
-860
-142
198
-4
49
449
510
188
-124
-396
-486
-399
-425
-331
143
684
1126
1548
1724
1804
1968
1852
1349
799
234
-110
-36
-60
-278
-37
644
1315
1907
2257
2486
2978
3348
3053
2558
2128
1701
1376
905
151
-295
-370
-570
-768
-768
-789
-745
-563
-480
-340
-151
-99
-159
-249
-504
-862
-1265
-1851
-2502
-3023
-3435
-3758
-3929
-3881
-3506
-2922
-2265
-1568
-867
-235
302
622
635
432
46
-410
-879
-1378
-1623
-1338
-761
-65
773
1549
1997
2113
1948
1887
1911
1268
202
-363
-544
-872
-1163
-1255
-943
-276
6
-164
123
539
441
185
-57
-345
-356
-294
-486
-355
188
619
1061
1465
1566
1703
1764
1285
670
375
106
-137
-251
-365
-141
563
1098
1503
2156
2759
3023
3125
3024
2781
2567
2154
1487
996
674
354
83
-181
-458
-510
-409
-515
-685
-635
-413
-267
-260
-260
-110
-34
-240
-662
-1099
-1587
-2122
-2696
-3278
-3682
-3793
-3680
-3455
-3089
-2481
-1697
-980
-423
35
443
639
496
83
-370
-774
-1182
-1519
-1495
-1075
-451
243
1000
1678
1938
1738
1559
1716
1519
612
-148
-204
-166
-499
-941
-902
-264
185
-106
-332
42
296
94
-207
-406
-342
-118
-177
-208
269
913
1357
1692
1841
1896
1959
1672
1061
495
-17
-310
-196
-137
-223
152
931
1665
2153
2373
2601
3015
3083
2680
2255
1859
1443
1138
722
201
3
-64
-262
-410
-522
-638
-615
-633
-742
-635
-444
-469
-441
-372
-510
-729
-951
-1389
-1903
-2321
-2746
-3176
-3467
-3559
-3360
-2918
-2491
-1992
-1336
-695
-193
190
403
388
173
-205
-666
-1147
-1630
-1899
-1739
-1284
-725
-68
759
1597
1998
1818
1607
1853
1895
1153
262
8
31
-322
-937
-1124
-668
-262
-513
-814
-520
-128
-111
-276
-344
-240
12
115
166
532
1057
1424
1705
1873
1913
1909
1739
1301
737
113
-301
-165
60
4
139
761
1523
2050
2238
2439
2916
3136
2769
2297
1883
1430
1126
755
159
-205
-333
-542
-643
-623
-705
-629
-404
-350
-260
9
69
-32
-101
-303
-617
-975
-1573
-2284
-2721
-2965
-3223
-3411
-3352
-2979
-2396
-1831
-1346
-864
-377
-1
232
326
226
-85
-458
-791
-1142
-1475
-1683
-1701
-1448
-988
-438
335
1291
1980
2147
2027
1993
2186
2001
1086
280
74
-236
-955
-1546
-1622
-1212
-840
-965
-978
-363
154
262
357
400
404
588
629
532
759
1080
1322
1676
1876
1854
1949
1909
1487
1003
553
304
387
264
-75
162
875
1423
1741
1990
2386
2939
3006
2537
2169
1876
1459
1030
453
-186
-404
-453
-684
-813
-751
-634
-368
-211
-209
5
216
-28
-369
-557
-891
-1385
-1892
-2400
-2738
-2805
-2776
-2710
-2530
-2191
-1711
-1167
-862
-755
-620
-444
-424
-595
-848
-1064
-1200
-1314
-1453
-1590
-1651
-1634
-1562
-1352
-893
-319
330
1144
1922
2271
2136
1976
2105
2033
1146
16
-477
-720
-1371
-2164
-2448
-2012
-1422
-1374
-1425
-764
113
456
511
607
793
1066
1105
879
922
1222
1415
1594
1773
1854
2002
2118
1961
1646
1235
793
594
424
9
-224
17
376
664
1028
1533
2083
2431
2497
2492
2366
1948
1385
833
262
-292
-792
-1160
-1268
-1140
-941
-710
-468
-240
4
154
44
-263
-651
-1140
-1623
-1999
-2297
-2497
-2448
-2218
-1942
-1624
-1217
-835
-565
-474
-485
-490
-555
-763
-974
-1028
-993
-985
-1044
-1093
-1063
-1030
-1106
-1262
-1295
-916
-278
282
955
1833
2398
2386
2102
1902
1794
1198
-73
-1090
-1422
-1809
-2418
-2681
-2322
-1507
-812
-582
-123
805
1349
1362
1304
1162
985
886
568
276
455
770
1039
1503
1925
2218
2504
2435
1966
1507
999
437
276
296
102
52
287
635
1147
1582
1686
1924
2354
2342
1922
1389
736
317
116
-424
-1010
-1110
-1006
-820
-452
-301
-297
-32
90
-196
-472
-743
-1157
-1466
-1605
-1686
-1588
-1414
-1344
-1171
-834
-603
-629
-779
-918
-955
-955
-1122
-1369
-1441
-1353
-1233
-1115
-1011
-893
-752
-704
-870
-1142
-1378
-1500
-1422
-1107
-624
-16
751
1613
2214
2196
1676
1222
1095
602
-639
-1698
-1901
-1949
-2363
-2683
-2261
-1145
-237
-112
95
999
1709
1686
1366
1036
903
989
802
474
696
1290
1823
2332
2659
2844
3108
3043
2452
1852
1371
907
509
-65
-667
-655
-263
-30
281
860
1564
2165
2322
2152
2055
1899
1434
881
295
-303
-634
-833
-1091
-1155
-1015
-892
-838
-907
-980
-846
-736
-917
-966
-744
-593
-573
-576
-599
-582
-551
-742
-1095
-1327
-1436
-1541
-1691
-1861
-1856
-1613
-1331
-1179
-1016
-821
-693
-594
-551
-649
-825
-1061
-1320
-1550
-1734
-1827
-1637
-1245
-851
-283
547
1165
1240
979
757
829
712
-138
-1060
-1155
-1044
-1432
-1863
-1675
-895
-129
-65
-183
392
1062
1068
839
744
773
976
1016
840
1093
1785
2280
2592
2818
2939
3093
3012
2318
1460
728
-35
-595
-762
-839
-798
-494
-84
558
1338
1801
2057
2518
2800
2570
2046
1320
638
297
-113
-819
-1297
-1402
-1419
-1255
-1058
-1069
-865
-380
-127
-46
186
413
505
527
406
195
-10
-377
-844
-1237
-1544
-1760
-1936
-2128
-2179
-1903
-1519
-1369
-1354
-1191
-820
-442
-322
-399
-356
-229
-355
-674
-1002
-1379
-1746
-2064
-2387
-2404
-2007
-1557
-910
112
866
986
1006
1302
1700
1581
721
48
44
-221
-1031
-1510
-1234
-606
-265
-437
-289
643
1335
1334
1281
1368
1548
1764
1698
1577
1948
2485
2711
2840
2939
2946
2902
2432
1500
667
10
-540
-908
-1297
-1653
-1457
-797
-101
606
1378
2172
2818
2927
2583
2115
1452
556
-364
-1285
-2076
-2429
-2511
-2422
-2006
-1383
-681
28
537
902
1264
1369
1039
632
290
-92
-495
-932
-1397
-1664
-1732
-1763
-1809
-1825
-1760
-1622
-1552
-1544
-1352
-1036
-779
-512
-196
67
265
272
72
-172
-518
-1083
-1659
-2185
-2739
-3135
-3338
-3404
-3092
-2388
-1495
-262
1215
2297
2684
2676
2736
2983
2680
1447
330
-25
-477
-1365
-2004
-1874
-1086
-451
-466
-223
834
1668
1857
1992
2163
2353
2531
2341
2086
2308
2567
2492
2393
2200
1898
1671
1143
214
-560
-1117
-1537
-1694
-1592
-1033
145
1213
1637
1953
2437
2716
2359
1453
708
264
-493
-1483
-2087
-2058
-1553
-984
-777
-507
177
806
1131
1099
689
415
406
67
-502
-659
-593
-654
-706
-790
-867
-845
-949
-1295
-1579
-1697
-1815
-1978
-2075
-1930
-1445
-1047
-956
-870
-571
-249
-216
-501
-871
-1169
-1524
-2039
-2556
-2950
-3154
-3137
-3035
-2827
-2288
-1447
-582
410
1625
2640
3041
2938
2742
2802
2625
1617
433
-112
-490
-1195
-1867
-1961
-1299
-409
-49
204
1184
2275
2684
2687
2682
2772
2895
2584
1907
1624
1696
1580
1371
1163
977
1030
1016
528
-15
-303
-488
-508
-508
-709
-638
-123
249
404
675
1031
1378
1595
1461
1167
973
670
190
-211
-562
-822
-862
-889
-927
-687
-248
90
350
574
754
920
923
705
458
238
-55
-391
-767
-1162
-1392
-1449
-1543
-1636
-1591
-1457
-1357
-1334
-1311
-1217
-1141
-1163
-1196
-1122
-963
-885
-957
-1053
-1079
-1155
-1383
-1754
-2095
-2266
-2330
-2444
-2479
-2325
-1921
-1195
-279
811
2135
3227
3523
3303
3106
3036
2614
1410
-16
-610
-756
-1346
-2006
-1849
-838
342
878
982
1670
2648
2913
2571
2214
1939
1789
1466
811
449
633
744
701
725
751
875
949
566
12
-276
-509
-733
-805
-805
-465
280
763
875
1074
1335
1422
1280
850
412
213
-103
-592
-840
-861
-720
-395
-224
-172
178
631
804
802
763
712
700
492
126
-36
-93
-359
-730
-1059
-1344
-1546
-1762
-2084
-2315
-2333
-2234
-2121
-2019
-1773
-1337
-921
-716
-602
-463
-313
-279
-436
-662
-815
-924
-1089
-1276
-1439
-1509
-1529
-1609
-1662
-1511
-1266
-953
-512
70
953
2093
2971
3220
3088
2947
3007
2865
1922
770
280
-11
-717
-1422
-1531
-935
-89
194
198
840
1686
1904
1708
1386
1021
821
498
-81
-270
12
247
521
870
1183
1620
1902
1556
939
353
-325
-899
-1375
-1730
-1448
-730
-318
44
820
1734
2283
2187
1795
1737
1553
657
-391
-1004
-1170
-1021
-931
-945
-491
338
914
1184
1171
929
835
596
-206
-927
-1160
-1425
-1832
-2046
-2059
-1863
-1599
-1662
-1855
-1803
-1646
-1638
-1792
-1958
-1857
-1467
-1204
-1102
-768
-180
322
568
548
403
209
-142
-666
-1209
-1662
-1922
-1977
-1992
-1920
-1601
-1166
-808
-344
344
1034
1752
2699
3559
3824
3518
3116
2949
2697
1753
487
-190
-547
-1339
-2227
-2472
-1973
-1220
-879
-765
13
1219
1838
1918
1948
1951
1963
1775
1174
731
762
784
647
483
247
218
399
230
-200
-371
-291
-74
107
-15
-9
513
937
959
1005
1224
1450
1467
1047
536
347
157
-264
-612
-799
-836
-634
-471
-438
-218
172
388
396
306
232
190
-80
-617
-1051
-1258
-1501
-1855
-2199
-2385
-2348
-2233
-2140
-1938
-1576
-1150
-801
-574
-348
-27
267
383
419
495
549
482
230
-146
-520
-850
-1164
-1479
-1706
-1769
-1608
-1283
-900
-470
43
524
856
1108
1371
1642
1996
2359
2406
1983
1284
701
440
149
-548
-1150
-1144
-1060
-1310
-1506
-1196
-380
327
392
363
895
1472
1564
1413
1180
938
762
394
-74
-207
-105
-25
169
412
676
1116
1447
1440
1371
1291
1096
979
838
622
662
763
534
242
103
84
110
-77
-366
-278
-75
-129
-186
-152
-42
221
270
6
-83
-18
-110
-260
-530
-841
-795
-688
-880
-953
-747
-661
-726
-843
-1069
-1240
-1283
-1385
-1482
-1427
-1217
-856
-488
-252
16
387
604
597
494
401
322
170
-99
-312
-347
-281
-220
-194
-193
-165
-125
-210
-455
-711
-888
-1057
-1230
-1333
-1288
-1001
-402
385
1221
1891
2089
1810
1471
1252
856
84
-714
-1118
-1264
-1515
-1764
-1530
-753
-50
143
245
684
1142
1229
1041
836
779
814
749
624
680
967
1296
1491
1482
1457
1537
1418
932
387
56
-135
-296
-473
-532
-297
85
278
365
513
631
561
233
-223
-461
-498
-717
-982
-933
-610
-185
208
384
472
624
610
333
9
-241
-427
-594
-805
-893
-709
-458
-304
-207
-166
-151
-176
-328
-541
-682
-722
-666
-521
-321
-2
444
814
979
1074
1116
1008
711
246
-252
-684
-1048
-1382
-1575
-1556
-1418
-1239
-1027
-819
-640
-563
-657
-862
-1095
-1322
-1443
-1360
-1137
-792
-215
577
1272
1545
1460
1391
1392
1069
294
-450
-796
-940
-1231
-1539
-1397
-717
-28
330
630
1111
1580
1738
1618
1427
1286
1136
882
607
459
498
633
677
617
639
792
894
736
347
-25
-162
-84
-16
-58
-101
-43
68
127
75
50
169
292
295
263
284
373
492
529
477
474
498
438
352
299
300
334
335
301
324
397
428
391
348
279
148
-82
-378
-631
-840
-1040
-1165
-1104
-909
-644
-322
-12
244
402
402
266
117
-58
-357
-683
-930
-1096
-1193
-1220
-1227
-1204
-1124
-1039
-955
-855
-837
-931
-1051
-1134
-1216
-1310
-1366
-1317
-1086
-737
-405
-62
413
977
1400
1465
1236
981
771
403
-126
-540
-685
-734
-808
-790
-473
132
674
961
1138
1357
1514
1450
1127
679
322
90
-160
-380
-393
-122
285
615
830
1091
1435
1598
1474
1253
1044
823
519
138
-150
-245
-217
-165
-82
23
174
343
421
421
486
612
706
715
696
784
1024
1204
1158
1008
894
755
536
213
-150
-415
-624
-888
-1145
-1236
-1244
-1291
-1350
-1370
-1295
-1120
-978
-890
-747
-548
-338
-134
10
54
46
-7
-147
-335
-546
-737
-912
-1096
-1241
-1300
-1259
-1172
-1087
-1014
-912
-824
-806
-812
-812
-853
-917
-1036
-1201
-1260
-1189
-1038
-762
-429
-141
232
712
1089
1273
1270
1088
932
789
437
23
-204
-328
-422
-422
-315
-47
308
506
643
910
1120
1160
1109
986
878
899
936
953
1031
1156
1348
1602
1745
1741
1738
1701
1560
1329
1010
729
577
455
309
246
258
327
468
562
618
763
898
931
953
967
974
1020
996
779
516
242
-145
-593
-1059
-1497
-1806
-2005
-2146
-2111
-1839
-1474
-1101
-744
-401
-71
139
136
3
-141
-336
-608
-845
-959
-976
-935
-875
-794
-663
-559
-555
-621
-710
-817
-922
-1014
-1097
-1094
-1006
-917
-857
-769
-675
-658
-749
-943
-1138
-1248
-1314
-1374
-1346
-1217
-1046
-854
-630
-358
-67
189
355
504
698
863
931
881
767
687
651
596
507
418
331
271
283
341
478
703
924
1119
1371
1652
1870
1982
1962
1867
1762
1550
1250
1023
918
871
903
1041
1284
1595
1875
2090
2242
2245
2047
1713
1267
750
257
-257
-763
-1096
-1214
-1161
-974
-693
-348
71
453
674
747
694
533
308
-2
-391
-750
-1015
-1233
-1426
-1531
-1488
-1343
-1225
-1164
-1048
-821
-582
-442
-415
-456
-500
-530
-627
-788
-944
-1088
-1234
-1364
-1464
-1534
-1552
-1556
-1533
-1441
-1310
-1193
-1088
-955
-800
-630
-525
-532
-551
-525
-558
-711
-928
-1110
-1177
-1177
-1183
-1141
-983
-734
-458
-166
157
516
863
1088
1210
1318
1365
1302
1180
1052
971
907
786
661
636
658
688
722
755
824
948
1075
1177
1309
1465
1615
1764
1845
1848
1835
1799
1681
1476
1216
953
767
631
493
392
351
348
376
398
415
453
469
447
460
485
467
407
300
165
72
-20
-166
-312
-415
-492
-523
-474
-406
-354
-306
-301
-336
-383
-457
-568
-702
-871
-1024
-1081
-1074
-1062
-1057
-1044
-1000
-938
-898
-884
-884
-927
-1003
-1088
-1188
-1260
-1293
-1319
-1326
-1255
-1101
-906
-733
-620
-512
-404
-363
-402
-469
-487
-465
-489
-591
-654
-561
-381
-231
-124
1
202
435
580
620
629
629
587
483
336
239
217
206
211
280
403
572
758
901
1044
1178
1203
1136
1049
929
796
650
497
429
499
582
676
824
952
1051
1133
1176
1177
1174
1099
943
821
718
627
581
548
492
487
533
517
491
507
509
510
490
413
339
266
138
-17
-153
-304
-429
-487
-519
-527
-489
-463
-468
-474
-505
-578
-673
-788
-924
-1019
-1080
-1097
-1068
-1014
-924
-803
-716
-680
-657
-659
-704
-779
-862
-899
-900
-915
-888
-769
-596
-467
-412
-413
-443
-474
-551
-661
-755
-820
-809
-689
-490
-240
14
231
409
566
676
714
687
590
464
382
322
207
86
23
48
122
119
19
-38
-7
-29
-121
-202
-222
-144
2
127
249
466
667
753
761
743
716
666
559
366
214
176
173
224
338
490
666
819
943
1027
1065
1006
833
598
363
211
104
-8
-90
-104
-26
76
165
248
351
444
465
461
488
542
560
474
332
209
113
-50
-314
-580
-778
-957
-1122
-1213
-1191
-1069
-885
-682
-457
-200
19
135
152
113
37
-97
-305
-537
-703
-794
-857
-905
-921
-879
-778
-682
-643
-635
-605
-510
-428
-391
-362
-309
-224
-164
-116
-53
6
-7
-63
-96
-134
-160
-158
-133
-37
132
265
338
434
501
495
445
362
310
320
283
251
301
357
356
328
254
130
1
-173
-328
-378
-361
-292
-139
68
306
560
742
839
923
934
824
643
406
149
-62
-230
-363
-428
-418
-377
-292
-195
-110
-19
85
183
268
338
397
506
660
816
918
937
879
831
774
639
465
286
127
-19
-129
-177
-125
4
106
209
373
544
665
703
637
488
312
113
-126
-344
-508
-615
-632
-616
-590
-500
-363
-250
-194
-194
-198
-197
-215
-259
-314
-359
-425
-504
-572
-613
-695
-853
-1031
-1134
-1167
-1164
-1120
-1000
-789
-514
-223
51
324
570
703
694
597
430
210
-65
-364
-616
-771
-853
-868
-803
-677
-526
-369
-240
-138
-59
-3
25
44
91
168
272
389
478
528
566
570
501
391
273
158
95
42
-27
-26
66
168
241
283
314
365
396
400
426
463
475
501
563
651
761
831
814
770
747
702
664
606
489
393
352
332
326
345
357
351
335
296
272
256
180
30
-130
-229
-250
-292
-367
-404
-392
-363
-328
-264
-172
-100
-68
-42
22
73
35
-65
-172
-276
-402
-524
-642
-753
-826
-879
-909
-862
-746
-633
-533
-430
-320
-201
-107
-56
-39
-43
-81
-147
-235
-352
-488
-593
-664
-719
-764
-763
-717
-653
-585
-536
-501
-443
-368
-281
-165
-67
-13
-5
-1
22
39
11
-56
-100
-100
-76
-44
3
88
214
322
382
421
455
499
527
511
479
480
490
516
583
691
822
959
1086
1186
1276
1323
1277
1163
1022
884
773
669
564
536
583
615
631
669
679
626
521
361
195
38
-168
-392
-532
-604
-628
-598
-559
-508
-416
-335
-282
-231
-218
-253
-286
-283
-289
-300
-339
-411
-480
-540
-615
-731
-883
-1029
-1115
-1128
-1090
-1029
-921
-754
-556
-346
-153
-8
74
104
83
13
-85
-217
-357
-456
-511
-537
-537
-499
-415
-279
-134
-24
61
120
143
124
58
-22
-52
-48
-55
-59
-33
20
61
69
61
90
146
148
118
117
153
234
335
431
535
680
823
907
937
930
916
849
681
465
294
198
155
179
258
419
654
880
1059
1222
1364
1423
1367
1203
1000
817
641
463
301
176
94
56
41
21
18
-7
-76
-156
-217
-255
-279
-302
-304
-250
-165
-111
-92
-108
-146
-199
-310
-443
-579
-707
-833
-959
-1102
-1214
-1268
-1309
-1337
-1318
-1295
-1280
-1230
-1140
-991
-815
-677
-582
-482
-411
-348
-281
-258
-278
-307
-344
-381
-385
-417
-488
-522
-536
-554
-557
-564
-546
-476
-407
-349
-227
-58
108
259
374
463
532
533
459
362
256
153
72
17
16
104
213
311
450
629
798
908
953
961
996
1002
958
909
875
849
841
840
816
809
820
829
836
850
870
924
994
1064
1137
1207
1257
1259
1195
1055
878
676
432
166
-74
-238
-343
-426
-493
-503
-431
-334
-241
-174
-110
-55
-50
-89
-171
-283
-411
-559
-708
-833
-940
-1026
-1100
-1154
-1160
-1134
-1099
-1061
-1012
-959
-892
-797
-675
-545
-444
-375
-320
-274
-247
-237
-222
-218
-238
-287
-348
-364
-352
-351
-372
-395
-380
-330
-252
-182
-118
-65
-14
46
76
76
61
35
-17
-75
-147
-217
-245
-238
-231
-224
-194
-139
-57
39
114
173
248
320
390
464
530
582
621
619
595
576
534
470
412
372
330
315
341
397
500
627
761
923
1083
1194
1252
1236
1130
946
714
435
171
-34
-174
-229
-214
-157
-78
34
145
236
275
244
157
54
-66
-191
-310
-417
-499
-554
-591
-628
-652
-678
-708
-735
-749
-748
-743
-714
-635
-493
-320
-190
-98
-12
33
1
-100
-250
-418
-572
-708
-805
-809
-721
-549
-321
-85
142
353
537
643
665
622
536
428
279
110
-12
-64
-90
-104
-108
-83
-24
27
21
-13
-11
21
60
103
159
244
350
434
491
539
541
489
389
263
162
94
31
-14
1
85
195
304
417
540
663
731
738
702
631
523
398
268
172
119
82
56
36
26
35
42
32
9
-19
-61
-122
-182
-229
-261
-293
-336
-382
-400
-399
-393
-381
-377
-375
-378
-414
-467
-512
-532
-557
-558
-559
-562
-551
-549
-569
-593
-605
-621
-623
-612
-586
-529
-450
-354
-236
-108
10
97
153
176
181
168
97
0
-98
-167
-208
-229
-211
-140
-34
68
160
237
308
346
345
320
295
280
267
263
280
326
362
377
358
345
345
316
247
145
77
66
102
167
268
412
557
680
770
818
836
790
661
492
327
209
131
81
61
105
214
328
416
487
539
545
485
352
207
75
-66
-220
-326
-345
-290
-197
-126
-89
-56
-32
-43
-101
-186
-260
-330
-391
-442
-426
-348
-241
-157
-117
-82
-65
-81
-174
-302
-418
-504
-559
-587
-554
-458
-343
-239
-130
-31
21
-3
-88
-192
-284
-362
-438
-506
-535
-509
-429
-337
-259
-191
-149
-146
-142
-136
-154
-172
-190
-185
-138
-62
1
50
109
151
184
178
110
43
-9
-49
-60
-37
15
102
220
335
444
560
649
698
712
702
682
638
568
480
381
262
159
92
69
60
65
103
164
236
293
342
375
394
380
336
272
188
115
44
-46
-141
-213
-252
-288
-302
-299
-267
-220
-174
-119
-69
-26
12
43
65
82
72
6
-84
-168
-235
-286
-332
-352
-321
-242
-135
5
164
318
448
534
575
579
542
463
354
243
137
33
-72
-162
-234
-288
-334
-368
-365
-349
-324
-276
-206
-131
-69
3
65
97
82
21
-47
-134
-228
-330
-422
-497
-529
-510
-465
-401
-329
-245
-168
-99
-54
-31
-19
-22
-28
-26
-9
15
37
63
101
153
204
233
248
255
250
236
206
154
100
53
7
-27
-47
-40
-18
13
30
34
53
57
34
-24
-109
-178
-227
-263
-278
-267
-235
-193
-141
-100
-68
-56
-90
-164
-255
-336
-400
-436
-429
-374
-278
-162
-43
80
214
315
354
347
309
244
166
87
41
46
99
170
221
263
300
354
395
389
347
287
211
125
54
23
12
5
1
21
72
115
127
101
79
52
12
-51
-116
-157
-172
-182
-199
-194
-167
-140
-128
-128
-129
-126
-135
-153
-153
-131
-94
-59
-20
15
29
24
6
-19
-54
-102
-151
-178
-178
-158
-125
-87
-41
24
78
97
95
105
109
83
31
-39
-79
-98
-103
-114
-134
-153
-180
-193
-216
-240
-279
-312
-325
-312
-281
-235
-164
-67
27
98
134
139
118
65
-6
-73
-125
-152
-136
-69
30
151
286
406
492
538
535
493
430
353
284
239
229
276
382
515
632
715
760
755
678
538
366
180
5
-133
-221
-253
-221
-118
50
257
453
596
676
685
615
461
245
-10
-254
-466
-637
-739
-765
-702
-581
-424
-259
-100
46
149
196
209
194
156
89
5
-87
-165
-236
-306
-352
-370
-368
-345
-318
-282
-230
-171
-105
-26
77
159
221
255
267
251
208
132
32
-74
-174
-257
-326
-376
-401
-408
-409
-400
-378
-352
-308
-248
-177
-100
-23
55
117
155
160
149
112
37
-59
-155
-239
-305
-345
-345
-298
-195
-62
85
220
345
466
551
581
549
489
410
313
227
165
143
130
146
187
251
318
359
391
403
385
338
253
151
59
-22
-90
-151
-171
-156
-119
-73
-25
32
70
83
67
25
-42
-134
-213
-255
-259
-256
-240
-195
-123
-48
5
22
20
7
-44
-134
-222
-282
-325
-355
-371
-356
-292
-211
-134
-67
-2
55
96
120
130
136
121
87
44
1
-37
-80
-130
-172
-209
-216
-211
-207
-183
-122
-43
25
78
113
148
176
169
123
51
-42
-146
-241
-310
-340
-328
-280
-213
-121
3
135
253
352
417
461
472
431
367
280
186
105
37
-20
-49
-29
20
68
104
147
192
218
227
206
172
123
63
-2
-62
-101
-112
-105
-95
-78
-64
-49
-41
-44
-52
-63
-103
-152
-189
-214
-215
-204
-185
-154
-122
-102
-77
-51
-34
-19
-16
-27
-45
-70
-98
-119
-132
-139
-133
-110
-83
-43
18
82
141
177
175
147
98
52
-5
-84
-168
-221
-237
-247
-234
-190
-113
-21
67
143
212
268
287
271
222
162
94
21
-25
-49
-50
-51
-61
-63
-57
-41
-22
-15
-8
8
35
65
103
142
182
224
259
309
353
394
422
443
455
436
400
354
308
256
197
133
70
15
-19
-40
-50
-52
-55
-60
-67
-76
-90
-109
-136
-159
-184
-199
-209
-208
-184
-165
-140
-115
-107
-111
-126
-172
-235
-308
-392
-466
-517
-555
-566
-539
-475
-368
-251
-134
-23
78
156
203
215
191
138
64
-25
-105
-176
-228
-247
-248
-231
-198
-136
-65
-6
31
53
79
103
112
109
113
109
93
83
69
46
17
-30
-71
-105
-147
-189
-226
-233
-209
-167
-119
-63
1
62
107
139
152
148
131
103
70
34
4
-6
7
29
58
106
168
225
259
266
270
279
284
277
257
242
227
205
191
188
193
178
165
166
155
139
109
80
49
30
9
-9
-9
-2
10
22
37
39
33
11
-29
-62
-92
-131
-168
-190
-194
-176
-149
-106
-38
36
106
152
176
201
219
198
145
77
16
-44
-115
-172
-202
-216
-224
-212
-166
-96
-38
3
38
72
116
136
129
117
105
95
61
18
-24
-67
-114
-166
-205
-237
-265
-283
-293
-281
-259
-238
-219
-195
-175
-152
-121
-106
-107
-127
-135
-145
-167
-197
-217
-217
-214
-207
-191
-147
-101
-56
-7
30
70
112
137
139
135
123
90
40
-21
-68
-104
-130
-143
-147
-128
-88
-41
3
45
88
128
152
156
138
106
64
1
-71
-147
-206
-241
-262
-277
-284
-264
-226
-177
-118
-53
5
51
101
148
190
215
235
236
207
180
155
134
109
81
59
51
45
41
46
65
101
145
190
251
319
381
412
413
396
371
330
265
197
155
137
118
101
104
127
156
176
187
194
212
204
173
137
98
72
44
11
-10
-8
3
-2
-15
-21
-25
-37
-64
-89
-95
-91
-81
-65
-42
-8
22
36
25
15
0
-35
-77
-130
-175
-201
-221
-229
-227
-224
-210
-205
-199
-197
-188
-195
-219
-232
-230
-204
-175
-165
-159
-151
-140
-143
-166
-193
-230
-274
-314
-348
-356
-333
-286
-234
-193
-136
-64
7
59
88
103
118
128
120
97
70
46
15
-13
-29
-26
-14
-6
4
38
93
157
217
261
307
346
355
331
287
235
178
114
48
5
-18
-17
-3
29
78
121
161
182
182
173
166
143
108
61
28
16
11
10
18
38
53
61
55
47
27
-2
-35
-61
-72
-73
-75
-71
-56
-40
-24
-16
-12
-10
-17
-36
-64
-76
-76
-81
-93
-105
-110
-115
-114
-122
-127
-129
-132
-136
-147
-142
-123
-104
-95
-87
-87
-93
-106
-134
-173
-209
-234
-250
-256
-244
-212
-159
-105
-52
23
103
167
210
228
232
225
205
166
117
74
29
-14
-39
-50
-36
-19
2
47
111
181
232
275
321
367
394
377
340
281
215
137
62
2
-52
-95
-135
-152
-144
-120
-88
-41
17
65
90
95
98
100
91
60
16
-43
-95
-127
-154
-175
-188
-181
-163
-147
-136
-114
-88
-65
-50
-31
-20
-28
-49
-73
-89
-108
-127
-152
-165
-178
-175
-148
-125
-93
-55
-12
31
67
84
90
89
75
53
29
-16
-74
-122
-161
-175
-168
-151
-121
-83
-39
14
78
140
186
212
224
219
198
163
121
80
41
11
11
28
56
98
141
199
258
303
331
341
344
331
310
283
244
207
173
137
113
109
110
115
118
122
123
114
90
54
29
3
-2
-6
-17
-36
-67
-88
-111
-122
-125
-127
-125
-123
-115
-95
-77
-66
-59
-49
-49
-67
-96
-135
-155
-155
-153
-153
-165
-155
-146
-146
-152
-164
-160
-164
-174
-201
-221
-220
-207
-192
-180
-152
-114
-92
-93
-99
-105
-108
-128
-163
-191
-198
-200
-202
-189
-179
-151
-115
-94
-64
-42
-22
-7
7
23
43
61
66
82
93
108
119
115
102
84
83
83
85
91
102
124
154
183
207
231
250
253
235
203
169
147
140
137
142
155
172
182
179
167
150
125
81
31
-10
-38
-56
-63
-52
-29
-10
-6
-9
-18
-27
-48
-78
-104
-131
-146
-158
-157
-131
-98
-73
-53
-55
-76
-107
-143
-182
-217
-231
-243
-245
-245
-236
-187
-116
-51
-12
13
28
39
38
21
-4
-17
-25
-36
-61
-87
-99
-102
-111
-140
-162
-173
-174
-172
-151
-97
-22
64
127
174
205
220
216
178
125
62
-1
-51
-90
-107
-92
-52
8
77
141
202
257
293
312
303
277
254
225
192
165
142
136
128
132
134
137
148
144
156
156
156
155
141
124
102
88
79
63
34
-3
-46
-91
-138
-175
-207
-218
-213
-196
-157
-108
-43
22
77
128
159
164
157
129
88
37
-14
-70
-131
-170
-192
-196
-187
-173
-140
-93
-43
2
42
70
91
110
118
114
108
90
67
39
8
-11
-26
-46
-68
-79
-79
-75
-71
-79
-81
-76
-67
-61
-50
-24
4
37
57
63
74
68
55
36
12
-8
-25
-29
-27
-18
2
20
42
59
72
86
94
97
86
73
59
49
44
35
50
70
92
121
143
161
176
173
157
120
72
18
-30
-60
-78
-81
-90
-95
-88
-85
-81
-81
-91
-109
-132
-162
-194
-217
-216
-201
-178
-150
-114
-73
-35
-7
-1
-6
-14
-37
-75
-120
-153
-172
-191
-200
-194
-164
-123
-83
-56
-34
2
21
13
-19
-51
-77
-100
-116
-120
-101
-75
-46
-7
30
64
79
77
64
42
18
-14
-53
-81
-93
-96
-91
-75
-41
0
35
62
82
89
86
72
58
58
63
61
67
79
92
99
94
88
80
71
63
53
57
73
98
122
147
171
182
190
193
184
173
157
126
101
84
74
66
63
58
55
60
57
57
52
45
28
2
-19
-44
-66
-94
-124
-149
-170
-185
-195
-194
-192
-187
-175
-169
-150
-129
-123
-125
-127
-126
-136
-151
-163
-170
-172
-176
-166
-148
-121
-92
-71
-52
-34
-15
2
21
41
45
39
41
49
50
50
61
86
106
117
124
133
143
142
142
130
127
125
111
97
98
116
137
159
175
169
165
156
132
97
55
16
-26
-59
-76
-63
-23
27
87
150
203
247
279
291
289
276
238
186
137
98
67
47
44
49
66
87
107
117
127
128
108
76
47
25
8
2
6
22
43
57
63
56
39
11
-25
-71
-127
-182
-231
-270
-283
-279
-256
-230
-197
-167
-142
-113
-93
-86
-94
-110
-138
-171
-206
-227
-238
-243
-247
-247
-229
-203
-177
-152
-115
-65
-27
7
34
55
71
74
72
68
70
64
51
42
38
45
70
95
117
135
156
174
190
201
206
215
216
203
187
175
158
140
113
85
49
17
-23
-56
-80
-96
-103
-100
-81
-51
-12
29
59
84
103
116
116
95
62
20
-16
-51
-79
-104
-115
-110
-97
-76
-58
-36
-20
-12
-12
-19
-27
-44
-62
-81
-88
-78
-60
-48
-33
-5
16
26
30
29
17
-10
-39
-70
-93
-113
-132
-141
-141
-130
-119
-111
-100
-85
-70
-62
-57
-55
-60
-55
-42
-23
-6
12
30
40
48
49
46
39
35
27
19
13
15
28
45
75
104
129
151
172
187
191
188
185
177
167
155
142
130
128
135
153
172
186
188
179
169
152
132
92
44
-7
-60
-98
-122
-137
-141
-135
-114
-93
-80
-66
-50
-27
-8
4
-3
-15
-26
-48
-68
-89
-110
-124
-146
-168
-187
-197
-197
-187
-163
-133
-100
-72
-48
-23
-8
-2
-6
-24
-48
-80
-113
-136
-141
-144
-141
-129
-110
-88
-68
-50
-35
-25
-24
-25
-37
-50
-52
-56
-47
-31
-15
-6
-4
-3
0
8
10
4
2
14
36
59
80
103
125
149
163
166
165
160
153
141
133
123
116
112
111
115
123
135
135
130
130
135
145
153
169
190
213
230
239
242
249
249
227
183
127
67
6
-54
-100
-118
-112
-91
-63
-24
26
77
116
135
134
121
96
55
2
-39
-70
-95
-115
-130
-134
-128
-120
-108
-97
-86
-77
-85
-93
-101
-100
-94
-89
-90
-101
-111
-118
-132
-151
-171
-187
-202
-211
-208
-190
-156
-110
-68
-25
15
51
71
68
49
22
-6
-47
-94
-128
-146
-149
-148
-137
-113
-91
-71
-54
-33
-10
7
19
25
38
51
63
76
84
90
87
75
51
23
2
-21
-35
-43
-47
-48
-40
-17
17
60
100
129
155
168
170
165
155
140
119
98
77
54
39
35
30
32
38
48
59
68
84
99
107
110
101
97
84
64
40
25
21
10
0
-15
-19
-12
-8
-10
-25
-33
-37
-51
-73
-88
-88
-76
-66
-64
-65
-60
-51
-43
-37
-29
-28
-32
-33
-29
-19
-2
13
20
30
46
54
43
28
18
8
-5
-25
-49
-58
-50
-35
-12
9
33
49
61
66
67
63
56
38
11
-7
-20
-22
-26
-31
-25
-19
-13
-9
-11
-13
-11
-8
-6
-7
-12
-11
-7
-8
-8
-8
-9
-22
-37
-46
-53
-58
-57
-53
-41
-26
-13
-4
0
-5
-13
-23
-40
-57
-76
-88
-97
-99
-89
-67
-44
-16
16
39
58
68
64
43
24
-1
-35
-64
-91
-109
-117
-116
-114
-103
-83
-64
-48
-34
-20
-7
-1
5
17
29
38
40
39
38
29
13
-5
-19
-33
-42
-42
-35
-23
-11
3
23
46
72
88
96
99
101
99
91
87
78
74
73
72
70
75
79
73
67
60
52
40
27
24
27
40
52
61
66
72
83
84
67
46
30
14
-4
-21
-30
-36
-35
-33
-26
-12
3
24
31
35
37
37
34
20
6
-8
-20
-33
-45
-55
-65
-68
-76
-87
-91
-89
-85
-77
-71
-66
-49
-31
-15
-6
-2
-2
-12
-26
-37
-48
-60
-72
-87
-99
-101
-94
-83
-71
-55
-39
-21
-5
2
7
8
11
5
-3
-1
2
6
6
3
4
5
2
-7
-14
-21
-30
-37
-41
-35
-22
-7
11
28
45
63
75
78
76
68
51
29
11
0
-5
-9
-8
-2
10
28
45
58
57
51
39
24
11
-7
-18
-30
-37
-41
-43
-38
-35
-31
-29
-32
-35
-42
-45
-51
-57
-59
-56
-51
-43
-37
-31
-30
-34
-41
-49
-60
-72
-85
-94
-96
-96
-86
-75
-61
-46
-29
-10
6
17
28
36
37
34
34
34
35
40
40
41
38
39
39
37
34
35
38
37
36
32
35
41
50
59
66
78
83
87
89
87
81
71
57
38
23
10
-2
-14
-25
-28
-26
-18
-11
-6
3
15
23
25
22
13
4
-3
-11
-14
-9
0
6
13
23
31
39
37
23
5
-15
-42
-76
-110
-132
-144
-152
-155
-143
-125
-101
-76
-56
-36
-17
-10
-16
-30
-42
-58
-74
-95
-111
-120
-126
-130
-137
-135
-129
-123
-118
-115
-103
-88
-71
-56
-40
-19
0
10
12
13
10
7
-1
-14
-25
-28
-26
-18
-2
25
61
94
118
134
145
151
148
134
114
93
75
58
47
46
52
65
81
97
114
129
134
136
135
129
122
109
93
79
68
58
51
43
37
31
24
18
11
5
2
1
2
5
10
19
29
35
38
36
31
21
6
-10
-27
-39
-54
-69
-82
-92
-98
-102
-99
-94
-86
-78
-73
-70
-72
-74
-78
-86
-95
-107
-118
-130
-135
-134
-132
-126
-118
-108
-97
-85
-77
-73
-71
-75
-81
-86
-92
-96
-98
-96
-89
-77
-65
-55
-49
-41
-32
-24
-16
-6
3
16
30
51
76
99
118
130
136
138
134
123
109
93
80
69
60
53
53
61
74
86
97
113
128
141
148
154
158
158
154
146
135
123
110
89
66
46
27
10
-6
-13
-12
-6
3
12
20
34
44
45
38
31
21
8
-14
-41
-65
-84
-99
-109
-112
-107
-102
-94
-82
-66
-50
-38
-36
-42
-51
-64
-81
-105
-130
-151
-168
-179
-184
-177
-159
-134
-107
-80
-54
-30
-16
-11
-12
-19
-31
-45
-64
-81
-94
-99
-100
-95
-84
-70
-56
-46
-32
-17
-3
12
22
28
38
49
57
62
69
76
78
76
71
66
61
55
51
53
63
75
85
96
111
130
147
160
162
162
156
145
131
118
105
91
80
71
69
73
80
89
97
106
112
112
112
106
98
89
77
64
54
48
42
37
32
28
29
27
22
9
-2
-13
-25
-34
-40
-43
-46
-44
-40
-35
-29
-28
-32
-41
-51
-64
-81
-96
-109
-115
-114
-109
-98
-85
-66
-49
-36
-30
-33
-41
-58
-75
-93
-107
-118
-125
-123
-115
-98
-77
-56
-35
-20
-8
-7
-11
-18
-24
-26
-28
-23
-16
-4
10
25
37
42
44
37
23
7
-8
-19
-23
-17
-3
19
47
72
97
118
134
136
128
115
94
75
58
45
39
41
48
57
68
72
71
66
53
39
22
5
-9
-21
-18
-6
13
32
47
55
57
56
43
27
7
-14
-33
-53
-64
-69
-64
-56
-48
-42
-42
-47
-59
-72
-84
-95
-104
-108
-108
-102
-90
-76
-62
-51
-46
-44
-53
-64
-75
-82
-85
-85
-82
-76
-63
-46
-29
-15
-7
-4
-8
-19
-31
-42
-48
-50
-49
-39
-22
-4
15
34
49
65
76
79
77
73
69
63
56
52
47
49
48
48
49
49
50
51
53
59
65
75
85
95
105
117
120
116
111
101
90
75
61
49
37
31
23
22
25
30
32
30
29
25
18
7
-6
-14
-21
-22
-25
-25
-23
-20
-19
-22
-26
-33
-40
-53
-67
-78
-86
-90
-94
-94
-93
-90
-87
-87
-87
-90
-94
-100
-109
-115
-119
-119
-116
-110
-101
-90
-79
-73
-69
-66
-63
-61
-65
-69
-74
-73
-70
-62
-55
-47
-38
-31
-25
-18
-17
-14
-17
-20
-21
-19
-13
-7
6
21
36
52
66
77
84
88
85
80
75
70
60
53
49
49
52
55
63
73
85
96
102
109
113
115
112
106
101
95
87
76
65
57
51
45
40
36
38
41
46
48
49
51
49
50
47
44
37
28
17
5
-5
-14
-20
-28
-31
-32
-32
-33
-37
-41
-46
-50
-55
-61
-66
-70
-69
-69
-66
-56
-47
-37
-31
-24
-20
-16
-19
-25
-33
-40
-50
-58
-65
-69
-70
-69
-69
-70
-68
-65
-62
-56
-46
-37
-27
-17
-7
3
12
15
14
6
-3
-16
-30
-39
-45
-44
-37
-26
-7
15
36
53
67
69
65
50
27
-1
-26
-47
-61
-69
-66
-52
-32
-5
23
46
64
75
71
61
43
25
3
-18
-34
-45
-48
-44
-36
-29
-20
-11
-4
-1
0
1
1
3
6
12
17
22
23
23
19
12
1
-13
-30
-43
-54
-57
-55
-46
-31
-15
4
20
35
45
51
49
44
35
25
17
12
9
13
19
27
34
42
48
51
52
49
47
40
37
33
32
35
40
47
51
54
56
53
50
43
37
29
23
20
18
18
22
26
31
34
37
38
38
37
36
32
28
23
19
16
13
9
2
-6
-12
-21
-27
-34
-37
-39
-40
-39
-36
-34
-31
-30
-31
-33
-36
-41
-45
-49
-52
-52
-50
-48
-46
-42
-37
-35
-33
-36
-41
-46
-54
-63
-69
-72
-73
-71
-66
-61
-54
-46
-38
-31
-25
-22
-22
-22
-19
-18
-15
-10
-8
-3
1
6
8
11
11
11
11
9
8
9
13
14
18
22
27
32
35
39
44
50
54
57
60
61
63
63
62
62
60
57
51
45
41
39
35
32
29
24
21
18
14
11
10
9
9
10
15
20
26
31
35
36
36
33
25
16
6
-6
-17
-28
-37
-43
-45
-44
-43
-39
-37
-33
-31
-30
-28
-28
-26
-24
-22
-20
-17
-14
-10
-6
-4
-6
-10
-16
-22
-28
-32
-34
-34
-33
-27
-17
-7
4
14
21
24
24
24
22
19
16
14
12
13
14
18
22
26
29
30
29
29
29
30
33
37
42
47
52
55
55
53
49
43
34
25
14
6
0
-3
-2
0
2
5
7
9
6
3
-2
-9
-16
-22
-26
-28
-26
-26
-25
-24
-24
-26
-31
-37
-46
-58
-68
-76
-80
-80
-76
-69
-61
-53
-43
-37
-34
-37
-43
-52
-63
-72
-81
-84
-84
-79
-68
-54
-41
-27
-15
-9
-7
-8
-12
-19
-27
-32
-35
-33
-25
-14
-3
10
22
32
39
44
46
43
40
38
37
37
42
51
60
70
80
88
90
90
86
79
70
59
53
49
51
58
69
83
98
114
129
138
144
141
134
122
107
93
76
63
52
43
36
34
32
32
32
33
32
31
29
28
28
27
28
30
32
31
29
22
12
1
-11
-26
-41
-55
-66
-74
-80
-79
-78
-77
-74
-72
-73
-75
-78
-84
-91
-98
-104
-109
-110
-109
-108
-106
-103
-98
-95
-94
-95
-96
-96
-96
-97
-96
-96
-93
-89
-85
-80
-77
-71
-68
-64
-60
-55
-50
-45
-39
-35
-31
-27
-24
-21
-19
-18
-14
-12
-4
6
16
28
41
52
62
68
72
71
69
64
58
54
54
58
66
80
93
108
122
131
138
139
136
126
113
101
89
79
75
72
71
72
75
77
76
72
67
60
52
45
41
42
45
50
57
62
66
66
60
47
29
9
-13
-34
-51
-61
-65
-61
-51
-40
-28
-19
-14
-17
-28
-42
-64
-87
-108
-126
-136
-139
-133
-120
-103
-83
-63
-48
-36
-31
-33
-38
-48
-58
-69
-77
-83
-84
-83
-80
-76
-70
-67
-62
-58
-57
-54
-48
-42
-33
-23
-13
-2
8
16
20
23
22
19
16
11
11
13
16
21
31
41
51
60
66
71
74
73
69
65
63
60
59
61
65
69
76
80
83
85
83
80
74
67
59
52
43
35
30
24
19
15
11
8
7
6
7
7
9
11
14
16
18
19
17
13
6
-4
-16
-29
-43
-57
-67
-76
-82
-87
-88
-88
-86
-83
-80
-78
-75
-74
-73
-73
-72
-71
-68
-64
-61
-57
-51
-46
-43
-40
-38
-38
-40
-42
-45
-47
-49
-49
-47
-42
-36
-27
-18
-6
4
15
24
31
37
39
39
39
38
40
41
41
44
48
55
61
66
73
79
82
86
88
88
87
86
85
86
87
87
90
90
88
85
80
73
65
57
49
41
37
34
35
38
41
44
45
43
38
29
17
1
-15
-29
-41
-48
-51
-48
-42
-33
-25
-17
-10
-9
-13
-22
-35
-52
-68
-84
-100
-109
-115
-117
-114
-108
-99
-89
-82
-74
-68
-64
-62
-61
-61
-60
-59
-58
-56
-55
-52
-50
-49
-48
-48
-47
-48
-48
-45
-40
-33
-23
-10
1
14
26
34
42
48
49
48
45
40
36
33
32
33
35
39
43
49
56
61
68
72
76
79
81
83
86
87
88
88
88
87
82
79
72
65
58
50
43
37
32
28
21
20
17
16
15
13
12
12
11
9
6
3
-2
-9
-16
-25
-32
-38
-43
-46
-46
-45
-42
-37
-31
-25
-23
-21
-24
-30
-39
-50
-61
-74
-85
-93
-96
-97
-93
-84
-72
-59
-44
-30
-20
-11
-6
-5
-6
-10
-16
-22
-28
-31
-32
-31
-28
-26
-21
-17
-13
-9
-8
-5
-2
0
5
11
18
27
33
40
45
46
46
43
37
31
23
18
13
12
15
20
27
34
41
49
52
56
58
57
56
53
51
48
47
46
45
43
41
35
30
24
15
7
-2
-9
-15
-17
-17
-15
-11
-6
0
4
8
8
4
-2
-9
-19
-28
-37
-43
-47
-48
-44
-41
-35
-30
-24
-21
-21
-21
-24
-28
-30
-36
-39
-44
-45
-46
-47
-47
-47
-47
-46
-45
-42
-39
-34
-26
-19
-8
2
10
20
23
24
22
17
11
4
-1
-4
-7
-3
1
9
17
26
36
43
48
51
50
46
45
39
35
33
29
29
27
26
29
29
31
33
36
37
41
42
46
50
51
54
56
56
55
51
48
44
36
28
20
13
4
-1
-5
-10
-8
-13
-12
-11
-9
-7
-6
-3
-3
-1
0
0
1
0
-1
-3
-6
-12
-18
-23
-31
-37
-39
-44
-43
-41
-38
-31
-24
-16
-9
-6
-2
-5
-6
-9
-15
-18
-26
-24
-33
-23
-27
-19
-16
-14
-6
-5
1
-1
4
0
5
3
5
7
10
11
12
14
13
15
14
14
13
13
14
15
18
19
24
28
31
33
34
33
29
25
14
8
-4
-9
-16
-20
-20
-18
-14
-6
2
10
19
23
27
30
27
24
17
12
4
-4
-11
-19
-25
-33
-36
-41
-45
-44
-48
-44
-44
-40
-39
-36
-34
-33
-31
-33
-31
-36
-36
-40
-40
-43
-41
-41
-44
-38
-45
-42
-46
-46
-52
-51
-56
-57
-57
-58
-52
-49
-41
-36
-27
-23
-14
-15
-10
-10
-12
-10
-14
-8
-13
-6
-5
4
9
14
20
20
27
26
28
26
27
23
24
24
27
31
37
43
47
53
56
57
55
57
52
49
48
42
42
41
40
42
42
44
41
41
38
36
33
28
25
19
16
16
12
14
10
9
7
7
6
0
0
-6
-5
-9
-9
-11
-12
-17
-21
-28
-30
-37
-40
-43
-50
-45
-54
-42
-49
-44
-38
-38
-35
-32
-30
-37
-29
-34
-33
-29
-34
-24
-26
-19
-18
-16
-16
-12
-21
-20
-21
-26
-24
-25
-21
-15
-6
2
14
23
37
43
52
54
56
54
50
47
38
36
32
31
31
36
35
42
43
49
47
51
54
55
56
56
54
57
60
56
58
53
50
48
38
37
26
22
17
12
10
15
16
18
24
22
24
22
15
7
-4
-15
-24
-35
-43
-50
-56
-55
-54
-49
-47
-40
-36
-35
-32
-33
-31
-31
-38
-40
-45
-46
-49
-56
-61
-64
-63
-66
-64
-65
-58
-53
-46
-34
-28
-17
-8
-2
6
9
11
11
8
2
-4
-7
-8
-12
-12
-13
-8
3
9
18
25
34
40
47
50
54
54
53
53
51
52
51
49
51
50
55
58
59
60
56
55
55
52
47
43
36
36
30
29
28
26
30
26
31
27
29
25
22
12
7
5
-5
-6
-17
-17
-19
-20
-21
-25
-25
-29
-31
-36
-43
-51
-57
-66
-72
-77
-80
-79
-77
-69
-69
-62
-58
-57
-56
-60
-62
-66
-69
-76
-78
-83
-79
-77
-78
-70
-67
-62
-53
-52
-44
-44
-41
-39
-37
-32
-27
-23
-17
-10
-9
2
2
8
10
14
19
22
28
29
33
36
45
44
51
58
60
64
67
68
68
71
70
69
71
74
75
79
81
81
84
85
90
90
92
94
87
89
85
77
72
66
56
48
43
36
30
26
25
20
20
28
25
29
33
32
33
27
21
11
2
-6
-17
-31
-31
-44
-47
-49
-52
-52
-51
-49
-53
-49
-52
-53
-59
-60
-63
-70
-69
-72
-74
-72
-70
-69
-71
-65
-67
-67
-61
-63
-60
-57
-56
-55
-53
-51
-51
-50
-46
-43
-45
-37
-35
-33
-26
-23
-18
-13
-5
-1
6
12
16
18
21
25
24
29
30
31
31
32
32
31
32
32
33
33
38
37
42
45
51
52
57
59
58
62
60
60
58
58
54
50
49
45
44
41
41
36
32
30
24
20
17
13
13
11
11
12
12
15
14
16
17
18
14
15
10
7
2
-3
-9
-16
-21
-29
-35
-40
-44
-46
-49
-48
-49
-45
-40
-34
-30
-21
-20
-19
-19
-23
-26
-33
-36
-40
-44
-45
-45
-47
-43
-38
-36
-31
-29
-26
-25
-25
-26
-26
-24
-24
-23
-18
-10
-7
2
4
11
13
15
14
12
11
11
7
9
9
7
11
14
19
22
24
28
28
31
31
26
27
24
22
22
21
22
25
24
28
28
32
33
31
31
31
26
22
20
12
10
1
-1
-5
-4
-5
-8
-6
-6
-4
-5
-2
-3
-3
-3
-6
-8
-8
-9
-13
-17
-17
-22
-24
-25
-29
-31
-33
-35
-37
-33
-32
-32
-29
-23
-21
-18
-14
-13
-12
-9
-11
-11
-13
-15
-19
-21
-20
-20
-22
-17
-13
-7
1
9
10
16
22
21
25
25
24
20
16
15
10
12
12
13
14
18
20
25
32
35
41
41
45
44
43
42
38
36
34
30
29
29
24
21
19
19
20
21
23
20
19
19
17
15
17
15
11
10
9
9
6
5
3
1
1
-4
-6
-8
-15
-19
-23
-27
-29
-32
-34
-34
-35
-31
-31
-30
-26
-28
-27
-29
-29
-30
-32
-36
-33
-36
-37
-36
-39
-36
-37
-35
-34
-32
-31
-29
-30
-29
-27
-30
-30
-31
-29
-29
-28
-23
-21
-15
-10
-6
-1
4
7
10
12
12
11
7
6
4
2
0
0
3
7
9
13
18
21
24
26
30
30
33
33
35
36
40
42
42
44
43
40
37
35
31
27
20
16
12
12
12
10
16
19
21
24
27
25
27
22
21
18
13
11
6
4
3
0
-3
-4
-5
-7
-12
-17
-21
-27
-29
-33
-33
-33
-32
-30
-25
-24
-20
-18
-19
-15
-17
-16
-20
-20
-23
-23
-24
-25
-25
-26
-27
-29
-30
-31
-30
-30
-27
-23
-18
-13
-7
-1
5
10
10
13
11
7
4
0
-2
-3
-4
-4
-1
3
8
10
15
17
15
15
11
9
5
4
2
4
6
11
13
19
22
21
20
20
17
12
8
0
-4
-7
-10
-11
-9
-8
-8
-6
-6
-4
-6
-6
-9
-12
-13
-14
-17
-17
-15
-16
-14
-15
-12
-14
-15
-17
-19
-19
-20
-21
-21
-19
-20
-20
-19
-18
-19
-18
-19
-18
-15
-13
-10
-4
0
5
9
10
14
14
11
10
6
5
1
-1
-2
3
7
10
14
21
24
28
31
29
31
29
26
25
28
29
32
36
39
43
45
46
44
42
36
31
26
20
17
12
9
11
16
16
22
24
27
29
27
25
24
20
13
7
3
-1
-5
-8
-12
-11
-14
-18
-19
-19
-20
-22
-24
-24
-24
-26
-27
-27
-28
-31
-33
-37
-38
-38
-40
-42
-39
-37
-36
-33
-32
-30
-29
-30
-32
-32
-31
-35
-37
-38
-36
-33
-31
-26
-21
-17
-15
-11
-9
-6
-7
-7
-4
-3
-1
3
8
16
22
27
31
35
37
35
29
28
22
18
15
12
15
18
24
29
38
46
54
57
60
62
60
58
53
49
44
36
30
26
24
21
19
19
20
20
21
21
21
22
20
19
17
15
12
5
0
-4
-8
-13
-16
-19
-20
-21
-23
-22
-22
-20
-25
-25
-27
-30
-34
-38
-41
-43
-44
-47
-45
-45
-43
-41
-40
-39
-37
-38
-38
-36
-35
-34
-32
-30
-27
-23
-21
-19
-16
-14
-15
-15
-19
-20
-19
-21
-20
-16
-12
-7
1
9
17
23
28
30
33
32
30
28
23
23
19
17
18
20
21
23
28
30
34
36
36
37
38
35
33
32
27
25
22
22
21
21
20
20
19
17
17
16
14
13
10
5
0
-4
-7
-11
-15
-18
-18
-21
-22
-22
-20
-21
-23
-23
-26
-27
-28
-30
-31
-33
-34
-35
-34
-32
-32
-33
-32
-31
-32
-32
-32
-32
-34
-31
-31
-28
-27
-23
-21
-17
-12
-9
-5
-5
-4
-2
-1
1
2
1
3
5
8
13
17
22
25
30
33
36
37
38
39
36
35
34
31
31
28
29
29
33
37
41
44
47
49
49
51
52
50
46
41
37
34
30
27
24
21
21
19
17
17
16
15
13
12
9
7
5
2
-1
-2
-5
-6
-6
-8
-12
-12
-15
-16
-21
-23
-26
-31
-33
-34
-37
-37
-38
-39
-39
-40
-41
-41
-40
-43
-43
-45
-46
-43
-45
-43
-39
-37
-35
-32
-28
-26
-23
-24
-23
-21
-23
-23
-24
-25
-25
-24
-22
-20
-18
-15
-10
-1
6
12
17
21
27
31
35
38
39
39
37
37
34
32
34
35
37
38
41
45
47
50
51
53
51
51
49
46
46
43
43
44
45
45
43
42
41
39
37
34
29
25
18
14
11
8
4
1
0
-3
-5
-9
-10
-15
-18
-21
-24
-26
-27
-28
-29
-27
-27
-26
-27
-28
-32
-34
-37
-44
-47
-52
-56
-59
-60
-59
-60
-57
-56
-54
-51
-48
-44
-38
-36
-33
-31
-30
-27
-26
-27
-27
-29
-28
-28
-27
-26
-25
-25
-20
-16
-12
-7
-1
4
8
12
13
14
16
16
16
16
17
18
20
24
27
34
37
39
41
42
41
38
36
35
33
32
32
31
31
33
33
33
35
34
33
32
30
29
28
29
28
27
28
27
27
24
21
17
12
7
1
-3
-6
-9
-12
-13
-13
-12
-11
-9
-9
-10
-11
-12
-14
-16
-18
-21
-22
-24
-26
-28
-32
-31
-33
-34
-35
-35
-37
-37
-35
-35
-34
-31
-30
-27
-25
-25
-23
-24
-24
-24
-23
-23
-19
-17
-12
-8
-4
0
3
6
6
7
5
4
3
3
3
5
7
8
13
16
20
24
27
31
33
34
36
37
37
38
39
41
41
40
39
38
37
34
31
27
25
22
21
23
23
25
27
28
30
33
33
33
32
30
26
21
16
13
8
5
2
0
-4
-5
-8
-9
-9
-11
-12
-13
-15
-17
-19
-22
-23
-24
-24
-26
-28
-29
-29
-31
-32
-32
-35
-34
-35
-35
-33
-33
-34
-35
-36
-36
-39
-41
-42
-41
-41
-38
-35
-30
-27
-23
-20
-15
-11
-10
-7
-5
-3
-2
-3
0
1
2
3
3
4
5
8
8
9
9
11
13
17
22
24
26
30
33
36
36
36
37
37
36
34
31
27
24
23
21
20
20
18
20
20
22
22
22
20
19
18
19
17
14
13
11
10
10
11
9
9
9
8
6
5
3
1
1
-2
-6
-10
-11
-14
-17
-18
-19
-18
-18
-17
-17
-17
-17
-16
-17
-17
-18
-20
-22
-23
-25
-28
-31
-33
-34
-36
-39
-38
-38
-39
-38
-38
-35
-32
-30
-26
-23
-20
-18
-16
-13
-10
-8
-5
-5
-3
-1
0
2
3
5
6
8
10
11
12
12
13
15
18
20
21
23
25
27
28
28
28
27
26
25
24
24
23
21
22
22
21
22
21
19
18
15
12
9
7
6
5
6
9
10
12
14
18
18
18
19
18
18
16
13
12
11
10
7
7
6
5
4
4
3
0
-2
-4
-6
-5
-4
-5
-4
-3
-4
-4
-5
-8
-10
-13
-15
-18
-20
-21
-23
-23
-21
-21
-22
-22
-22
-23
-22
-23
-25
-26
-26
-25
-23
-19
-17
-14
-11
-10
-8
-8
-7
-4
-3
-2
-1
-1
4
5
7
8
9
10
10
11
10
7
5
5
4
7
9
8
10
12
16
18
18
18
18
17
16
12
10
9
6
5
6
6
5
3
2
2
0
-1
-1
-3
-4
-6
-8
-8
-7
-8
-8
-8
-6
-5
-5
-4
-4
-6
-8
-10
-11
-12
