1
1
-1
0
1
1
3
2
1
-1
0
-1
-1
-1
-2
-3
-3
-3
-3
-5
-6
-8
-9
-10
-10
-11
-11
-12
-11
-11
-11
-12
-11
-10
-9
-8
-8
-8
-8
-8
-8
-7
-6
-6
-4
-4
-4
-3
-1
0
0
0
0
-1
0
0
1
1
2
2
1
1
0
0
1
1
2
2
3
4
4
5
6
5
7
9
8
8
9
9
9
9
11
12
12
14
15
16
16
16
17
17
17
17
18
19
18
18
18
17
17
16
14
13
12
13
12
12
11
11
9
8
8
7
7
6
5
5
5
3
3
1
1
1
0
0
0
0
-1
0
-1
-1
-3
-3
-4
-4
-3
-3
-4
-6
-8
-10
-11
-10
-12
-12
-13
-13
-13
-14
-15
-15
-16
-17
-18
-17
-17
-18
-18
-18
-19
-20
-19
-21
-20
-19
-18
-16
-16
-14
-14
-13
-12
-12
-13
-12
-11
-10
-9
-8
-8
-8
-7
-5
-5
-4
-2
-2
0
1
2
1
3
2
3
4
4
5
7
8
8
7
8
8
10
11
11
13
14
14
15
14
15
17
16
17
18
17
17
18
16
15
15
14
15
14
13
13
13
13
12
9
7
7
5
6
5
3
2
1
-1
-2
-3
-4
-6
-6
-6
-6
-6
-7
-7
-8
-10
-9
-11
-10
-11
-10
-10
-9
-8
-8
-9
-9
-9
-7
-6
-5
-4
-4
-4
-5
-5
-5
-4
-3
0
0
1
2
1
1
0
0
1
0
2
3
2
3
4
5
4
3
2
4
6
8
7
7
7
8
8
7
7
7
7
9
8
8
8
7
6
6
5
3
5
5
4
2
0
-1
-4
-4
-6
-8
-8
-7
-8
-8
-11
-12
-13
-14
-15
-15
-16
-15
-14
-14
-16
-15
-16
-16
-14
-15
-13
-12
-9
-8
-7
-7
-7
-6
-5
-4
-3
-1
3
4
4
5
5
5
7
7
8
8
10
11
11
11
12
12
13
14
13
13
13
14
15
15
14
13
12
14
13
14
13
14
14
12
11
9
9
8
8
7
7
8
8
7
3
1
1
1
0
0
-2
-3
-4
-4
-7
-10
-11
-12
-12
-13
-14
-14
-15
-15
-17
-19
-20
-18
-18
-18
-17
-18
-16
-16
-18
-19
-17
-16
-13
-11
-12
-10
-9
-7
-7
-6
-6
-4
-3
-2
-1
-1
2
3
4
4
4
4
5
7
8
8
9
9
10
9
9
9
10
12
13
12
11
12
12
13
12
11
11
12
12
12
10
10
10
9
6
5
5
6
4
3
2
0
0
-1
-2
-4
-5
-5
-4
-5
-6
-8
-10
-9
-9
-11
-11
-12
-9
-9
-10
-12
-12
-12
-10
-12
-12
-11
-10
-9
-8
-9
-9
-8
-6
-6
-5
-5
-4
-1
-3
-2
-3
-1
0
1
0
0
2
4
5
4
3
4
5
5
6
7
7
9
10
11
9
9
9
10
10
10
11
12
12
13
10
9
9
9
10
9
10
9
9
8
7
5
5
6
6
5
4
2
3
2
1
-1
-2
-2
-2
-3
-5
-5
-6
-4
-6
-6
-8
-9
-8
-8
-9
-8
-9
-7
-8
-8
-10
-9
-7
-6
-6
-5
-5
-6
-6
-6
-7
-5
-5
-3
-2
-3
-3
-3
-2
-1
-1
-1
-1
0
-1
-1
-2
-1
0
1
1
2
1
2
4
4
3
3
4
5
5
3
2
3
4
4
4
4
5
4
3
1
2
3
2
3
2
1
0
-1
-1
-3
-3
-3
-3
-2
-3
-6
-7
-5
-5
-6
-5
-6
-6
-7
-6
-7
-6
-8
-7
-7
-8
-9
-8
-6
-6
-5
-6
-6
-6
-5
-5
-4
-2
-1
0
0
-1
-1
0
1
4
4
5
5
6
7
7
7
8
9
9
12
12
11
12
13
13
11
11
12
12
13
12
11
10
12
12
11
11
9
9
9
7
5
5
7
6
4
2
-1
-1
-1
-2
-2
-4
-4
-4
-6
-8
-8
-9
-7
-7
-8
-9
-9
-10
-10
-11
-12
-12
-10
-10
-11
-11
-12
-11
-10
-9
-10
-11
-10
-9
-9
-9
-9
-8
-6
-7
-7
-7
-5
-3
-2
-2
-2
-2
0
0
0
0
1
4
5
4
4
4
6
8
8
7
7
8
8
9
9
8
9
10
10
8
8
8
9
8
8
6
5
8
6
6
5
4
4
3
4
3
1
-1
0
-1
-2
-3
-3
-2
-3
-4
-6
-6
-5
-5
-5
-5
-6
-5
-4
-5
-7
-6
-3
-4
-4
-4
-4
-3
-2
-1
-2
-2
-1
0
0
0
0
1
2
3
2
2
3
4
4
4
5
5
5
6
6
5
5
6
7
8
7
8
7
9
8
8
7
8
9
10
10
8
7
8
8
7
5
6
5
5
4
2
2
3
3
2
1
-1
0
0
-1
-3
-3
-2
-2
-3
-4
-6
-5
-5
-6
-6
-7
-7
-7
-6
-7
-7
-7
-6
-6
-7
-7
-7
-7
-6
-6
-6
-6
-6
-6
-5
-4
-3
-4
-2
0
-1
-1
-1
1
1
1
1
0
2
4
4
3
4
6
7
7
6
5
7
8
8
7
5
6
7
6
4
3
4
4
3
2
2
3
3
3
2
0
2
3
1
0
-1
0
-2
-2
-2
-4
-3
-3
-4
-5
-4
-5
-6
-5
-4
-4
-5
-6
-6
-6
-5
-5
-6
-4
-3
-4
-5
-4
-3
0
-2
-3
-4
-3
-1
-1
-1
-2
-1
2
2
2
2
4
5
5
4
2
4
5
5
3
3
4
4
3
2
2
4
5
7
5
5
5
6
6
4
2
1
1
1
1
0
0
-2
-2
-1
0
0
-1
-1
-2
-2
-3
-3
-3
-2
-4
-6
-6
-7
-6
-6
-7
-8
-6
-5
-6
-7
-8
-7
-5
-6
-8
-8
-7
-5
-4
-5
-6
-5
-3
-3
-5
-5
-5
-3
-3
-5
-5
-3
-2
-2
-2
-1
0
2
3
2
1
1
1
0
0
-1
-1
-2
-3
-2
0
2
1
2
3
4
4
4
4
5
6
5
3
2
3
3
3
2
1
3
3
1
-1
1
2
3
2
1
0
2
2
1
-1
-1
0
0
-3
-3
-4
-3
-3
-5
-4
-1
1
0
-1
-2
0
1
2
0
-1
0
0
1
0
1
2
1
2
0
0
1
2
1
0
-1
-1
-2
1
2
2
3
4
4
3
3
3
3
3
3
2
1
0
0
2
3
3
2
4
5
6
6
7
6
6
4
3
1
0
-1
-2
-3
-4
-4
-3
-2
-2
-2
-1
-1
-1
-1
-2
-2
-2
-1
-3
-3
-4
-4
-4
-5
-5
-5
-3
-4
-3
-3
-4
-4
-3
-1
-1
0
0
0
-1
0
0
0
0
2
1
0
-2
-1
0
0
-2
-2
0
2
3
2
2
2
4
4
2
1
2
2
2
0
-2
-1
1
2
0
0
1
4
4
3
3
3
3
2
2
1
1
2
2
1
0
0
0
1
0
0
0
0
1
0
2
2
1
3
2
1
2
3
3
1
2
1
0
0
0
-1
-1
-2
-2
-2
0
-1
-2
-1
1
3
3
3
2
3
2
2
0
0
1
0
0
-2
-2
0
2
2
1
2
4
5
5
3
4
4
3
3
1
0
0
1
0
-1
-1
0
0
0
0
1
1
1
0
0
-1
0
1
-1
-3
-2
-2
-2
-2
-2
-3
-5
-5
-4
-5
-7
-5
-7
-7
-8
-9
-9
-8
-7
-6
-6
-8
-8
-7
-8
-8
-10
-11
-11
-11
-11
-13
-12
-10
-8
-6
-6
-5
-3
0
0
-1
-1
-1
-1
-3
-6
-6
-7
-5
-4
-4
-2
0
3
5
6
7
9
10
11
8
7
8
9
10
9
11
10
12
14
15
17
17
21
22
19
18
17
17
16
16
13
12
12
12
12
12
11
11
12
11
9
8
7
6
4
1
-1
-1
-1
-2
-3
-4
-4
-2
-4
-7
-9
-11
-14
-15
-17
-19
-15
-16
-17
-16
-15
-12
-12
-11
-12
-13
-15
-17
-19
-21
-23
-24
-24
-24
-22
-20
-17
-17
-15
-12
-10
-9
-10
-10
-9
-6
-7
-8
-7
-5
-3
-3
-4
-5
-3
-2
-4
-7
-4
-1
3
5
6
7
12
18
19
18
19
21
23
22
20
20
22
25
25
26
28
31
35
36
34
32
33
33
30
27
25
27
27
25
21
19
17
16
14
10
6
5
3
0
-4
-5
-7
-7
-7
-10
-10
-10
-13
-16
-19
-20
-23
-23
-23
-22
-19
-16
-17
-16
-17
-16
-19
-22
-26
-31
-34
-36
-37
-38
-35
-31
-27
-23
-22
-20
-17
-17
-18
-22
-26
-26
-28
-29
-29
-26
-18
-13
-6
-2
2
6
7
8
3
0
-1
-2
-3
-1
4
10
17
22
25
32
37
38
39
35
30
27
24
17
15
18
23
27
34
38
43
50
52
50
47
44
40
36
32
27
24
28
28
27
30
33
35
39
38
33
30
23
12
5
1
-6
-7
-12
-16
-12
-9
-8
-9
-11
-10
-7
-9
-17
-25
-29
-30
-34
-43
-53
-59
-60
-61
-65
-67
-67
-63
-61
-62
-65
-64
-61
-66
-70
-77
-76
-74
-73
-75
-75
-72
-67
-62
-62
-61
-52
-44
-41
-41
-39
-29
-17
-9
-11
-9
3
17
27
29
29
37
52
55
51
48
50
58
61
63
55
52
48
47
46
45
46
50
56
59
66
72
78
79
84
86
85
88
88
85
83
83
80
78
78
80
77
68
57
52
50
48
40
27
19
9
1
-5
1
8
21
26
16
6
-14
-40
-60
-77
-107
-140
-171
-206
-236
-253
-264
-277
-278
-257
-223
-187
-151
-120
-94
-89
-99
-119
-137
-170
-192
-186
-177
-179
-172
-161
-140
-96
-59
-46
-37
-19
-4
-3
-17
-31
-12
28
45
65
98
147
201
245
257
251
248
242
222
191
155
133
136
155
169
186
206
232
271
303
324
345
371
380
372
355
331
310
290
267
236
216
200
182
167
156
153
150
132
99
74
55
43
35
25
5
-14
-41
-83
-124
-158
-196
-232
-262
-295
-333
-378
-414
-436
-446
-467
-488
-495
-502
-508
-500
-496
-504
-502
-489
-474
-456
-443
-429
-408
-394
-393
-383
-370
-367
-351
-336
-334
-333
-320
-309
-287
-251
-209
-170
-135
-103
-51
25
91
133
179
264
369
457
500
529
572
623
626
588
548
511
478
437
393
369
402
458
493
520
548
583
620
633
613
594
570
527
486
454
421
405
390
361
329
307
282
250
201
136
80
34
-30
-112
-169
-206
-222
-231
-256
-268
-259
-245
-262
-305
-360
-417
-463
-512
-571
-625
-647
-656
-666
-677
-695
-712
-731
-740
-730
-710
-676
-624
-563
-537
-544
-545
-533
-527
-538
-538
-519
-492
-460
-445
-418
-362
-291
-232
-185
-141
-50
144
362
576
822
1075
1231
1249
1156
1033
913
700
398
123
-59
-175
-224
-211
-100
134
403
606
770
915
1010
1048
967
766
542
369
216
93
19
9
93
227
350
456
552
630
636
538
359
139
-53
-222
-387
-500
-514
-436
-316
-167
-38
97
255
369
377
335
264
145
42
-98
-280
-414
-483
-547
-571
-560
-548
-504
-442
-419
-398
-384
-442
-543
-672
-810
-942
-1018
-1096
-1165
-1161
-1087
-978
-859
-717
-588
-420
-263
-155
-133
-129
-144
-173
-230
-358
-498
-559
-488
-335
-8
484
1005
1264
1232
1150
1224
1238
894
376
39
-91
-300
-565
-692
-466
16
418
557
677
959
1252
1403
1281
1000
757
649
505
322
201
235
402
558
630
696
845
906
809
610
441
342
245
58
-149
-218
-133
-12
45
80
195
406
584
627
542
482
487
451
280
48
-144
-279
-372
-498
-638
-723
-732
-722
-705
-671
-597
-510
-457
-446
-460
-499
-621
-829
-1085
-1263
-1348
-1371
-1391
-1423
-1366
-1181
-957
-782
-609
-452
-268
-88
-47
-148
-240
-306
-428
-592
-742
-757
-593
-316
124
821
1399
1546
1412
1374
1493
1382
806
118
-148
-232
-487
-824
-871
-496
76
433
513
697
1021
1299
1317
1081
742
582
523
360
197
186
382
642
816
863
975
1146
1144
899
572
327
162
-42
-333
-546
-518
-302
-99
45
220
509
892
1180
1196
1072
992
883
617
230
-185
-483
-629
-804
-1010
-1097
-1016
-848
-661
-542
-427
-186
17
40
-81
-267
-483
-720
-1069
-1466
-1753
-1878
-1907
-1892
-1803
-1584
-1193
-771
-474
-340
-197
-8
109
38
-181
-412
-560
-711
-966
-1153
-1080
-807
-544
-315
114
969
1858
2110
1781
1567
1705
1680
1052
180
-220
-167
-287
-751
-993
-644
69
560
589
568
852
1310
1474
1251
855
679
746
729
513
353
489
783
963
907
848
965
1050
857
473
154
12
-80
-298
-573
-618
-378
-91
86
221
465
842
1144
1129
920
755
613
388
0
-449
-767
-882
-986
-1127
-1150
-1017
-793
-573
-416
-325
-177
-38
-106
-348
-605
-838
-1075
-1387
-1766
-2027
-2052
-1949
-1855
-1708
-1446
-1041
-541
-166
6
129
269
319
200
-91
-431
-668
-804
-993
-1219
-1291
-1053
-592
-106
510
1401
2265
2579
2354
2112
2122
1951
1147
126
-425
-641
-944
-1369
-1492
-1013
-169
410
617
905
1336
1739
1840
1524
1020
723
550
289
-2
-189
-15
551
1001
1049
1113
1392
1613
1475
954
397
186
50
-386
-837
-972
-727
-211
199
287
526
1060
1470
1529
1330
984
714
522
79
-510
-870
-1028
-1126
-1114
-1066
-939
-631
-355
-283
-211
-87
-106
-268
-541
-924
-1213
-1399
-1710
-2066
-2201
-2126
-1959
-1733
-1532
-1303
-914
-470
-193
-87
-55
-67
-92
-221
-586
-1003
-1245
-1377
-1507
-1630
-1691
-1482
-927
-248
609
1706
2549
2678
2394
2202
2149
1733
699
-369
-851
-1079
-1503
-1868
-1741
-1005
-67
488
724
1171
1738
2013
1889
1451
931
614
362
-6
-286
-290
-13
465
915
1310
1848
2341
2415
2115
1651
1134
601
-44
-761
-1270
-1413
-1253
-911
-514
-27
688
1352
1764
1953
1922
1669
1349
891
242
-354
-809
-1196
-1451
-1478
-1360
-1034
-625
-316
-69
190
335
288
71
-330
-780
-1161
-1561
-1979
-2254
-2307
-2189
-1970
-1681
-1365
-967
-497
-119
58
92
78
25
-70
-365
-790
-1073
-1197
-1343
-1493
-1598
-1605
-1326
-813
-281
435
1473
2457
2939
2770
2314
2105
1966
1149
-109
-909
-1200
-1446
-1762
-1912
-1450
-330
626
975
1297
1834
2291
2413
2022
1276
756
503
128
-284
-508
-398
119
764
1121
1397
1930
2453
2607
2306
1720
1149
660
-26
-912
-1488
-1555
-1339
-1003
-608
-166
506
1348
1858
1946
1869
1676
1338
873
149
-610
-1062
-1384
-1700
-1782
-1619
-1315
-837
-387
-103
218
490
422
124
-259
-731
-1204
-1665
-2175
-2526
-2526
-2343
-2114
-1782
-1328
-786
-256
99
225
254
234
33
-354
-842
-1331
-1686
-1860
-2005
-2108
-1973
-1538
-842
26
969
2016
3002
3377
2980
2431
2120
1664
605
-724
-1563
-1777
-1884
-2155
-2106
-1369
-181
740
1152
1484
1987
2394
2321
1773
1074
609
366
84
-220
-299
-12
585
1178
1558
1900
2338
2640
2502
1985
1395
895
336
-405
-1145
-1512
-1393
-1133
-881
-448
227
1024
1745
2093
2089
2055
1923
1487
858
108
-614
-1081
-1459
-1821
-1852
-1557
-1212
-839
-471
-152
222
505
399
36
-340
-753
-1243
-1772
-2285
-2623
-2644
-2504
-2340
-2062
-1600
-994
-392
16
161
273
360
187
-288
-851
-1343
-1689
-1934
-2268
-2474
-2246
-1574
-774
119
1219
2437
3200
3074
2546
2271
2076
1203
-233
-1308
-1706
-1930
-2276
-2416
-1875
-736
323
819
1207
1830
2357
2479
2094
1373
782
463
88
-312
-456
-273
248
922
1361
1666
2157
2617
2680
2341
1804
1308
946
379
-475
-1118
-1260
-1099
-860
-632
-274
466
1344
1879
2039
2098
2071
1946
1521
743
-61
-624
-1105
-1587
-1866
-1904
-1645
-1210
-846
-544
-112
328
506
360
2
-395
-796
-1343
-2026
-2586
-2840
-2829
-2671
-2416
-2031
-1428
-717
-152
151
311
432
391
118
-385
-1011
-1574
-1989
-2363
-2542
-2180
-1372
-417
740
2024
2944
3242
3046
2767
2575
1969
571
-769
-1402
-1757
-2181
-2417
-2153
-1263
-126
526
929
1625
2343
2614
2451
1936
1363
1031
657
138
-134
-59
251
740
1160
1426
1783
2166
2282
2130
1846
1516
1191
770
154
-392
-652
-669
-598
-437
-219
140
688
1128
1314
1411
1555
1548
1342
961
458
31
-376
-928
-1431
-1690
-1793
-1765
-1612
-1422
-1114
-667
-314
-176
-167
-296
-585
-978
-1508
-2080
-2531
-2826
-2967
-2902
-2598
-2141
-1608
-1083
-607
-218
137
360
344
137
-247
-862
-1539
-2046
-2279
-1986
-1311
-540
458
1620
2446
2720
2714
2675
2568
1912
616
-503
-1113
-1651
-2218
-2437
-2129
-1310
-412
120
667
1501
2150
2349
2214
1817
1474
1274
893
423
234
318
562
901
1081
1183
1421
1536
1365
1171
1211
1362
1295
889
458
378
491
373
36
-85
163
467
657
623
564
820
1202
1149
812
600
467
348
70
-519
-1090
-1264
-1414
-1624
-1676
-1578
-1336
-909
-655
-671
-564
-488
-752
-1219
-1725
-2200
-2476
-2679
-2976
-3053
-2647
-2021
-1390
-868
-509
-58
507
750
558
267
-137
-623
-1218
-1963
-2411
-2020
-1049
-12
1020
1844
2446
2885
3056
2865
2475
1662
625
-191
-967
-1803
-2247
-2137
-1763
-1137
-589
-82
675
1439
1773
1845
1807
1611
1423
1168
805
631
730
828
959
1108
1225
1351
1381
1101
669
431
454
561
570
533
639
924
1166
1213
1149
1194
1237
1206
1092
810
449
322
281
106
-15
-99
-191
-213
-261
-461
-553
-605
-852
-1056
-1067
-1073
-1036
-935
-952
-953
-890
-1027
-1350
-1664
-2020
-2372
-2593
-2800
-2923
-2749
-2316
-1820
-1299
-797
-321
171
576
691
586
325
-145
-723
-1252
-1586
-1550
-1012
-181
804
1679
2202
2402
2538
2592
2366
1701
763
58
-434
-993
-1548
-1657
-1354
-850
-485
-272
167
810
1204
1195
1118
1081
1118
1100
951
838
1024
1333
1563
1675
1633
1552
1451
1113
519
32
-142
-34
83
65
165
580
1121
1483
1579
1628
1841
1986
1815
1422
976
667
490
200
-263
-543
-617
-667
-722
-886
-1024
-931
-833
-915
-958
-905
-849
-749
-725
-825
-886
-1046
-1483
-1995
-2382
-2735
-3058
-3316
-3430
-3274
-2803
-2219
-1630
-987
-323
253
696
899
799
565
217
-373
-1107
-1638
-1737
-1266
-418
500
1337
2046
2465
2610
2650
2440
1866
1060
330
-362
-1009
-1516
-1666
-1416
-997
-691
-475
-11
560
937
1013
975
916
926
918
834
864
1072
1287
1528
1736
1775
1692
1505
1049
431
-15
-217
-198
-185
-319
-270
234
860
1284
1554
1819
2189
2519
2469
2085
1712
1379
993
516
-124
-678
-883
-984
-1187
-1363
-1405
-1305
-1073
-889
-787
-582
-331
-233
-291
-423
-615
-897
-1369
-2041
-2624
-2981
-3260
-3522
-3623
-3457
-2999
-2323
-1611
-967
-279
480
1102
1377
1303
1022
656
186
-505
-1114
-1224
-759
-2
760
1300
1700
2081
2320
2267
1963
1398
747
279
-250
-845
-1113
-913
-599
-310
-207
-154
160
509
478
240
121
96
205
311
373
666
1222
1697
2037
2255
2221
2053
1700
1076
521
241
-101
-551
-857
-868
-489
44
401
827
1482
2090
2569
2757
2689
2642
2637
2173
1382
681
131
-301
-749
-1267
-1698
-1789
-1737
-1673
-1575
-1393
-1094
-716
-417
-267
-171
-167
-446
-1020
-1711
-2446
-3111
-3562
-3929
-4215
-4121
-3678
-3136
-2465
-1664
-858
-33
579
786
956
1084
785
179
-357
-617
-255
552
1144
1458
1736
1932
2085
2116
1641
892
347
-124
-786
-1316
-1464
-1037
-285
232
423
747
1262
1541
1392
837
198
-285
-653
-1057
-1209
-914
-288
491
1252
1869
2384
2787
2826
2342
1461
571
-1
-472
-1133
-1721
-1812
-1319
-563
90
754
1668
2534
3112
3395
3331
3119
2977
2497
1638
915
331
-218
-618
-1018
-1428
-1506
-1405
-1444
-1384
-1155
-944
-702
-523
-517
-472
-394
-644
-1136
-1627
-2174
-2763
-3269
-3737
-4059
-4013
-3742
-3427
-2901
-2144
-1310
-431
304
682
918
1018
783
330
-129
-294
66
745
1190
1324
1355
1517
1784
1776
1299
642
177
-242
-838
-1434
-1505
-923
-235
237
512
927
1535
1961
1788
1201
621
79
-422
-947
-1385
-1423
-935
-259
449
1132
1756
2316
2641
2429
1862
1371
829
42
-843
-1510
-1697
-1440
-1116
-737
-41
916
1840
2639
3196
3523
3782
3716
3161
2438
1815
1108
329
-461
-1198
-1633
-1770
-1911
-2052
-1892
-1500
-1010
-551
-260
-102
74
63
-383
-1037
-1713
-2379
-3022
-3651
-4208
-4396
-4188
-3908
-3636
-3148
-2339
-1356
-517
45
498
932
1154
989
637
561
1061
1786
2134
1936
1650
1638
1739
1407
649
-51
-297
-436
-953
-1520
-1544
-811
16
529
795
1320
2039
2468
2340
1819
1278
732
111
-636
-1182
-1277
-962
-522
-80
407
1026
1639
1929
1718
1228
960
803
328
-461
-1083
-1196
-907
-651
-558
-152
719
1540
2085
2404
2590
2910
3231
3048
2521
2192
1844
1295
641
-64
-644
-916
-1216
-1667
-1827
-1688
-1486
-1233
-952
-676
-296
-58
-301
-811
-1253
-1725
-2315
-2951
-3590
-4003
-4053
-3953
-3769
-3361
-2736
-2041
-1370
-785
-315
170
498
586
606
913
1631
2490
2909
2636
2159
1937
1816
1268
319
-562
-937
-1124
-1519
-1902
-1612
-644
285
775
1032
1500
2108
2412
2093
1468
911
408
-111
-641
-1047
-1086
-737
-305
66
510
1058
1518
1703
1517
1126
711
168
-532
-1238
-1713
-1870
-1700
-1326
-737
74
942
1715
2386
2909
3313
3467
3237
2800
2368
1914
1343
757
144
-273
-436
-614
-891
-1044
-1015
-915
-842
-883
-929
-786
-620
-678
-909
-1232
-1592
-1883
-2169
-2508
-2772
-2937
-3166
-3347
-3270
-2938
-2558
-2238
-1954
-1627
-1194
-779
-496
-215
410
1457
2677
3516
3613
3320
3223
3068
2286
994
-267
-1020
-1490
-2198
-2838
-2553
-1360
-214
550
1102
1839
2710
3086
2673
1984
1453
869
148
-651
-1207
-1157
-648
-179
158
525
996
1482
1665
1360
841
448
86
-488
-1208
-1759
-1887
-1719
-1523
-1322
-825
-1
825
1508
2093
2590
3037
3284
3168
2883
2641
2206
1491
711
-3
-464
-699
-1014
-1340
-1313
-983
-655
-489
-505
-514
-363
-340
-675
-1140
-1541
-1885
-2237
-2578
-2839
-2903
-2846
-2827
-2750
-2526
-2192
-1885
-1579
-1301
-1116
-1071
-1079
-916
-334
668
1729
2479
2675
2594
2604
2721
2414
1608
665
-114
-736
-1486
-2141
-2245
-1587
-771
-93
497
1269
2171
2763
2764
2328
1895
1381
720
-71
-703
-934
-733
-385
-20
435
968
1410
1499
1190
686
398
297
-102
-940
-1553
-1580
-1242
-1029
-1077
-970
-196
648
971
1159
1409
1858
2436
2708
2415
2390
2565
2311
1754
1096
389
-96
-456
-1130
-1559
-1481
-1251
-1007
-689
-443
-129
210
82
-446
-946
-1347
-1849
-2372
-2864
-3122
-3018
-2732
-2632
-2620
-2345
-1888
-1443
-1220
-1111
-961
-638
-347
-44
669
1882
2911
2937
2291
1827
1868
1647
643
-637
-1206
-1151
-1445
-2035
-2061
-1093
160
944
1054
1352
2133
2649
2409
1730
1091
606
251
-331
-888
-968
-593
-58
473
840
1243
1795
1993
1594
1050
680
251
-361
-1141
-1799
-1967
-1748
-1491
-1108
-535
26
596
1146
1447
1648
1965
2040
1940
1962
1953
1778
1609
1318
910
679
361
-200
-673
-903
-1044
-1010
-942
-918
-726
-401
-292
-390
-553
-903
-1317
-1693
-2052
-2437
-2647
-2715
-2737
-2588
-2295
-1981
-1710
-1482
-1400
-1292
-1141
-1019
-723
97
1354
2622
3335
3272
3028
2951
2673
1650
270
-909
-1570
-2172
-2996
-3419
-2839
-1537
-338
501
1250
2362
3395
3684
3250
2663
2060
1319
325
-780
-1454
-1505
-1212
-871
-439
172
997
1785
2150
2092
1890
1608
1021
138
-867
-1642
-1954
-1958
-1904
-1675
-1175
-552
165
842
1328
1692
2047
2109
2054
2108
2119
1911
1495
910
356
44
-355
-951
-1399
-1513
-1398
-1103
-851
-662
-389
-83
-56
-346
-749
-1140
-1455
-1860
-2358
-2723
-2727
-2489
-2285
-2077
-1693
-1248
-993
-959
-1041
-1098
-1137
-1143
-883
45
1394
2538
3128
3238
3219
3270
3042
2048
773
-292
-1159
-2093
-2898
-3348
-3020
-2085
-1171
-469
425
1568
2503
3029
2986
2687
2350
1845
966
49
-579
-875
-868
-763
-624
-263
310
784
1083
1157
1011
780
442
-43
-593
-1002
-1158
-969
-725
-566
-317
51
424
799
1036
1052
1091
1209
1253
1270
1358
1350
1302
1175
941
596
220
-305
-866
-1235
-1427
-1454
-1380
-1269
-1146
-896
-638
-581
-730
-918
-1153
-1421
-1650
-1893
-2098
-2126
-1983
-1790
-1468
-1150
-915
-742
-652
-754
-829
-653
-78
1097
2394
3057
3014
2933
3039
3071
2455
1292
332
-155
-869
-1931
-2553
-2234
-1372
-722
-451
-73
889
1789
2075
1880
1684
1526
1264
717
17
-354
-322
-163
-35
86
284
693
994
782
134
-305
-107
174
-281
-1185
-1587
-1226
-627
-485
-601
-98
875
1365
1345
1077
929
1256
1494
936
393
572
810
855
670
311
205
374
57
-607
-928
-1041
-1101
-1134
-1255
-1249
-878
-659
-904
-1202
-1317
-1427
-1671
-2053
-2489
-2624
-2412
-2193
-2112
-1893
-1371
-779
-374
-279
-333
-322
-177
112
652
1475
2380
2898
2905
2683
2582
2444
1911
1032
138
-476
-1026
-1528
-1785
-1503
-806
-54
441
835
1415
1941
2128
1949
1586
1102
641
88
-470
-790
-777
-542
-160
239
561
941
1290
1468
1404
1108
577
-60
-724
-1410
-1946
-2167
-2027
-1679
-1178
-526
262
1064
1793
2232
2391
2398
2310
2071
1740
1352
853
383
-66
-458
-776
-1032
-1320
-1470
-1446
-1317
-1092
-798
-539
-375
-309
-428
-666
-1034
-1520
-2034
-2469
-2791
-2970
-2969
-2847
-2576
-2172
-1637
-1079
-616
-332
-193
-216
-310
-191
273
1140
2207
2898
2913
2765
2811
2821
2321
1358
342
-216
-691
-1484
-2106
-1922
-1131
-335
236
637
1426
2300
2593
2299
1968
1600
1114
470
-348
-927
-993
-810
-601
-257
194
721
1201
1289
1004
775
709
427
-266
-1090
-1676
-1778
-1614
-1513
-1269
-589
79
546
972
1283
1510
1820
1823
1442
1334
1461
1441
1261
924
490
318
122
-526
-1244
-1648
-1882
-1952
-1897
-1800
-1485
-987
-718
-730
-743
-787
-1038
-1431
-1889
-2378
-2680
-2803
-2895
-2886
-2602
-2126
-1597
-1141
-843
-557
-154
255
764
1607
2623
3344
3480
3160
2843
2772
2378
1398
353
-232
-610
-1139
-1670
-1762
-1130
-271
331
697
1374
2240
2801
2829
2497
2107
1674
1035
119
-647
-1032
-1103
-937
-624
-210
416
1177
1595
1594
1385
1082
650
33
-844
-1715
-2169
-2253
-2115
-1778
-1202
-439
507
1265
1697
2028
2247
2224
2025
1685
1253
993
809
494
206
94
-23
-183
-433
-790
-1055
-1175
-1331
-1475
-1456
-1430
-1460
-1505
-1594
-1669
-1659
-1679
-1800
-1935
-2025
-2109
-2166
-2152
-2142
-2050
-1788
-1481
-1252
-1098
-962
-728
-235
463
1370
2469
3352
3557
3349
3148
2973
2511
1576
498
-139
-494
-1096
-1625
-1584
-902
-103
486
766
1267
2009
2407
2339
2075
1821
1479
1010
298
-346
-623
-630
-588
-458
-226
155
678
1000
1064
1102
1129
886
383
-301
-993
-1462
-1786
-1942
-1776
-1392
-868
-143
544
1150
1754
2234
2355
2418
2413
2213
1964
1525
866
288
-104
-585
-1054
-1464
-1774
-1792
-1580
-1427
-1208
-870
-636
-605
-762
-1095
-1504
-1864
-2294
-2763
-3035
-3078
-2968
-2789
-2520
-2135
-1590
-1068
-777
-688
-649
-636
-690
-606
-155
922
2218
3065
3139
3050
3178
3254
2756
1647
646
116
-304
-1070
-1681
-1596
-829
-41
399
756
1465
2234
2528
2378
2074
1788
1398
745
-140
-811
-1011
-895
-655
-361
37
573
1124
1363
1267
975
621
255
-145
-719
-1345
-1696
-1732
-1530
-1259
-925
-453
282
924
1342
1559
1682
1783
1949
1991
1853
1769
1581
1250
864
484
-30
-559
-1110
-1635
-1924
-1919
-1797
-1567
-1241
-979
-751
-609
-742
-1101
-1429
-1778
-2253
-2742
-3120
-3244
-3115
-2966
-2860
-2487
-1809
-1153
-745
-614
-586
-391
-71
171
712
1725
2849
3365
3150
2748
2709
2693
1937
775
-96
-381
-737
-1336
-1783
-1381
-355
468
823
1130
1813
2458
2689
2358
1841
1323
768
24
-715
-1105
-1074
-726
-247
235
715
1269
1626
1498
988
485
231
-34
-644
-1401
-1756
-1583
-1231
-982
-622
62
898
1580
1944
1981
2003
2165
2120
1816
1624
1511
1309
1089
754
402
191
-84
-598
-1016
-1210
-1263
-1195
-1124
-1095
-937
-698
-722
-997
-1329
-1663
-2045
-2443
-2850
-3135
-3139
-2991
-2872
-2708
-2331
-1875
-1445
-1134
-914
-756
-633
-659
-669
-333
455
1637
2717
3153
3001
2849
2819
2611
1888
855
33
-415
-1004
-1741
-2004
-1412
-456
225
530
965
1844
2581
2620
2109
1555
997
336
-490
-1174
-1366
-1045
-565
-37
593
1291
1925
2242
2049
1560
1125
682
-107
-1178
-2082
-2411
-2276
-2017
-1675
-921
289
1416
2153
2610
2965
3329
3439
3008
2351
1903
1529
978
329
-271
-654
-816
-1013
-1306
-1296
-986
-644
-457
-439
-471
-350
-286
-649
-1252
-1778
-2171
-2539
-2940
-3286
-3355
-3157
-2950
-2815
-2582
-2121
-1558
-1114
-894
-758
-611
-495
-543
-614
-395
356
1545
2536
2790
2532
2501
2708
2616
1890
946
306
-55
-771
-1740
-2060
-1457
-641
-258
-78
475
1517
2250
2188
1730
1463
1188
612
-213
-869
-1009
-685
-315
-54
337
866
1389
1630
1383
829
223
-223
-398
-562
-1029
-1430
-1362
-960
-522
-205
155
981
1953
2401
2612
2708
2751
2916
2996
2405
1715
1286
671
36
-443
-1019
-1458
-1432
-1392
-1338
-1026
-781
-672
-361
-121
-131
-245
-606
-1264
-1827
-2235
-2784
-3312
-3595
-3675
-3503
-3165
-2864
-2540
-1997
-1340
-806
-484
-296
-167
-29
120
300
643
1293
2042
2298
1989
1679
1761
1896
1547
735
36
-170
-425
-1019
-1435
-1157
-432
172
375
491
999
1459
1350
845
395
74
-182
-528
-845
-770
-289
266
803
1203
1415
1637
1721
1384
726
121
-225
-425
-808
-1399
-1640
-1297
-832
-581
-280
378
1319
2114
2524
2725
3047
3488
3636
3282
2659
2133
1608
887
-20
-815
-1274
-1462
-1593
-1663
-1521
-1145
-703
-377
-152
64
191
33
-432
-1083
-1684
-2111
-2555
-3033
-3367
-3397
-3129
-2789
-2560
-2310
-1775
-1084
-549
-305
-252
-162
43
110
-82
-194
231
1238
2165
2331
2018
2024
2393
2366
1508
404
-127
-262
-870
-1858
-2217
-1468
-425
66
117
486
1308
1793
1510
898
500
237
-228
-933
-1411
-1277
-682
-121
265
668
1242
1858
2065
1611
825
239
-56
-398
-928
-1333
-1304
-962
-610
-314
221
1082
1957
2546
2944
3281
3549
3625
3328
2740
2166
1599
837
52
-542
-878
-1030
-1183
-1436
-1455
-1099
-710
-492
-380
-269
-94
3
-292
-901
-1422
-1753
-2125
-2568
-2979
-3188
-3110
-2895
-2749
-2587
-2158
-1576
-1059
-651
-335
-78
154
185
-107
-407
-367
169
1118
1972
2194
2128
2225
2336
2065
1321
416
-190
-608
-1417
-2208
-2209
-1417
-602
-127
68
517
1300
1699
1400
866
408
-56
-519
-1041
-1374
-1214
-697
-199
334
964
1581
2054
2094
1576
819
200
-172
-373
-646
-1021
-1061
-671
-154
312
798
1462
2314
2967
3215
3290
3296
3183
2929
2399
1685
1141
719
239
-194
-531
-848
-987
-1001
-1052
-1008
-827
-702
-590
-422
-293
-272
-384
-755
-1252
-1575
-1805
-2119
-2463
-2688
-2785
-2645
-2408
-2196
-1868
-1354
-846
-444
-153
-68
-157
-337
-581
-865
-990
-703
208
1384
2180
2300
2168
2259
2397
1939
805
-255
-837
-1288
-1993
-2635
-2535
-1631
-765
-390
-78
604
1356
1618
1194
545
151
-174
-720
-1260
-1433
-1106
-506
45
483
975
1500
1813
1695
1154
459
-73
-434
-770
-966
-821
-346
284
892
1366
1860
2427
2887
3115
3157
2916
2531
2173
1778
1330
980
661
291
15
-216
-421
-484
-540
-688
-763
-733
-660
-569
-437
-398
-402
-491
-700
-924
-1139
-1436
-1784
-2031
-2223
-2366
-2444
-2411
-2258
-1974
-1728
-1525
-1277
-971
-679
-505
-491
-531
-455
-427
-487
-465
9
1020
2078
2334
1843
1438
1421
1262
476
-602
-1269
-1343
-1573
-2088
-2169
-1357
-353
104
79
223
813
1189
845
178
-141
-188
-263
-536
-742
-533
44
569
885
1143
1455
1774
1800
1368
733
328
172
94
19
-23
123
488
919
1241
1534
1901
2281
2590
2782
2752
2585
2353
1950
1493
1093
654
159
-224
-509
-670
-676
-727
-862
-844
-646
-441
-271
-193
-183
-125
-76
-295
-718
-1126
-1416
-1629
-1858
-2192
-2536
-2639
-2502
-2316
-2150
-1978
-1784
-1433
-931
-504
-181
38
34
-169
-332
-510
-669
-659
-391
198
968
1311
1044
804
780
643
133
-614
-1151
-1165
-1200
-1578
-1771
-1259
-491
-10
107
163
551
925
764
278
4
-75
-215
-499
-709
-493
208
871
1267
1620
2039
2389
2463
2047
1265
603
97
-478
-928
-859
-268
439
1060
1614
2318
3078
3459
3400
3310
3061
2419
1626
692
-161
-458
-402
-638
-803
-672
-468
-144
150
53
-41
177
210
34
-100
-237
-279
-111
-200
-509
-717
-945
-1379
-1849
-2214
-2556
-2815
-2984
-3009
-2700
-2092
-1471
-920
-366
205
647
809
591
47
-522
-1086
-1709
-2282
-2429
-1860
-751
232
519
525
855
1347
1395
807
64
-269
-406
-925
-1638
-1760
-1171
-578
-425
-502
-283
190
374
47
-314
-319
-114
6
2
157
730
1545
2152
2469
2601
2608
2438
1973
1158
188
-624
-1211
-1466
-1242
-616
164
918
1632
2400
3076
3336
3175
2918
2555
1963
1183
348
-273
-433
-368
-479
-665
-684
-435
-66
139
108
131
283
414
476
531
570
553
330
-167
-764
-1271
-1725
-2203
-2658
-2965
-2987
-2775
-2479
-2040
-1384
-706
-212
90
215
250
270
76
-408
-1036
-1704
-2328
-2726
-2991
-3161
-2941
-2282
-1322
-220
804
1499
1909
2100
2015
1774
1376
747
166
-269
-810
-1435
-1790
-1742
-1460
-1108
-937
-782
-327
243
665
1041
1424
1719
1911
1994
1962
1978
2015
1845
1590
1403
1236
1080
909
625
329
144
-3
-140
-146
80
595
1261
1700
1929
2224
2532
2612
2388
2019
1642
1271
719
18
-516
-753
-764
-699
-613
-377
143
716
1041
1153
1213
1186
994
469
-317
-991
-1410
-1783
-2160
-2394
-2409
-2151
-1758
-1452
-1227
-936
-731
-731
-896
-1120
-1260
-1278
-1333
-1549
-1755
-1781
-1726
-1706
-1744
-1804
-1827
-1822
-1915
-2047
-2051
-1806
-1163
-100
1000
1670
1896
1999
2177
2171
1596
679
27
-367
-1002
-1832
-2266
-1935
-1148
-559
-258
281
1236
2006
2163
1967
1826
1770
1540
1010
494
426
712
1014
1225
1406
1647
1966
2099
1774
1164
560
48
-408
-732
-696
-228
458
1046
1513
2046
2540
2719
2549
2240
1784
1175
524
-112
-483
-422
-212
-157
-39
174
392
664
734
455
78
-201
-490
-765
-1025
-1290
-1420
-1356
-1269
-1213
-1119
-1028
-1011
-1053
-1097
-1208
-1395
-1645
-1898
-1998
-1920
-1819
-1846
-1865
-1750
-1546
-1321
-1131
-1006
-896
-866
-1046
-1403
-1713
-1905
-1979
-1821
-1338
-496
580
1535
1961
2078
2261
2484
2349
1717
887
340
-10
-632
-1320
-1454
-990
-452
-197
-135
236
992
1510
1486
1312
1275
1312
1196
887
650
822
1199
1447
1590
1708
1845
1957
1791
1279
671
170
-230
-575
-895
-1044
-697
142
1021
1568
1969
2443
2882
3012
2605
1876
1250
680
-123
-885
-1357
-1481
-1203
-868
-807
-567
35
426
483
329
-48
-359
-461
-823
-1273
-1420
-1464
-1583
-1559
-1499
-1372
-1042
-897
-1113
-1352
-1418
-1519
-1686
-1893
-2053
-1945
-1580
-1256
-1079
-922
-697
-473
-378
-534
-882
-1206
-1502
-1783
-2015
-2106
-2001
-1613
-905
130
1427
2539
3053
3073
2977
2862
2484
1664
672
-4
-440
-1102
-1841
-2059
-1635
-1021
-670
-495
-17
805
1397
1460
1408
1517
1646
1589
1341
1206
1480
1918
2159
2242
2320
2354
2279
1938
1254
438
-335
-956
-1398
-1518
-1164
-266
828
1588
2023
2425
2847
2984
2591
1832
1092
425
-304
-1041
-1531
-1631
-1406
-1156
-1059
-940
-664
-374
-264
-293
-391
-442
-455
-509
-584
-554
-492
-510
-607
-743
-931
-1136
-1351
-1616
-1784
-1836
-1887
-1986
-1983
-1820
-1539
-1219
-1017
-858
-540
-111
206
335
285
85
-161
-467
-887
-1394
-1856
-2246
-2532
-2675
-2537
-1999
-1077
227
1715
2831
3207
3106
2949
2796
2262
1083
-301
-1206
-1910
-2749
-3350
-3105
-2083
-912
-162
400
1435
2632
3167
3020
2783
2678
2571
2144
1464
1136
1375
1598
1578
1502
1439
1434
1283
730
-5
-533
-882
-1130
-1189
-1094
-656
212
1122
1694
2034
2423
2769
2705
2013
925
-36
-809
-1713
-2569
-2984
-2883
-2530
-1983
-1373
-636
389
1303
1620
1544
1449
1311
1093
717
51
-590
-939
-1353
-1829
-2108
-2185
-2186
-2037
-1801
-1528
-988
-373
-11
230
478
661
730
657
366
35
-220
-581
-1111
-1660
-2062
-2201
-2195
-2286
-2401
-2327
-2073
-1901
-1797
-1725
-1473
-882
-161
671
1668
2493
2728
2570
2354
2127
1692
818
-220
-777
-1093
-1572
-1923
-1558
-559
503
1135
1470
2222
3190
3538
3174
2650
2216
1826
1231
437
-55
13
146
217
434
803
1221
1486
1349
891
384
-142
-679
-1114
-1448
-1632
-1499
-1175
-753
-146
576
1165
1465
1473
1217
878
443
-161
-736
-1058
-1107
-995
-775
-502
-60
513
938
1056
1061
1061
1023
821
407
-84
-455
-727
-1015
-1215
-1186
-923
-588
-314
-177
-42
147
212
42
-252
-584
-932
-1271
-1500
-1588
-1538
-1459
-1456
-1454
-1335
-1138
-1050
-1169
-1414
-1633
-1750
-1794
-1857
-1869
-1761
-1519
-1187
-755
-229
438
1471
2709
3505
3442
2969
2709
2682
2284
1145
-22
-452
-639
-1237
-1895
-1780
-844
194
637
717
1295
2104
2260
1732
1175
883
782
504
2
-125
344
783
933
934
882
863
736
224
-528
-1077
-1437
-1672
-1745
-1655
-1215
-342
618
1300
1822
2338
2619
2438
1855
1142
567
110
-441
-879
-856
-540
-229
81
324
603
1087
1440
1385
1290
1273
1061
728
278
-299
-655
-797
-1161
-1627
-1870
-1993
-2011
-1916
-1929
-1988
-1833
-1631
-1528
-1295
-909
-554
-244
-60
-13
37
95
-30
-390
-756
-1057
-1268
-1451
-1763
-1984
-1880
-1586
-1338
-1114
-844
-490
-49
257
389
590
946
1412
2088
2795
3093
2832
2109
1290
778
199
-895
-1947
-2342
-2439
-2571
-2511
-1985
-835
451
998
1034
1464
2104
2240
1851
1193
651
466
130
-550
-861
-549
-167
183
460
667
1046
1431
1387
1131
962
749
558
439
217
109
306
448
450
541
788
1090
1326
1313
1188
1322
1478
1318
1000
798
709
622
400
-41
-371
-446
-519
-784
-1075
-1267
-1275
-1149
-1121
-1220
-1209
-1082
-1018
-1012
-1062
-1046
-852
-598
-483
-373
-156
118
363
458
362
187
-2
-270
-583
-843
-1024
-1090
-1013
-881
-682
-378
-68
75
56
3
-71
-178
-356
-682
-1066
-1341
-1507
-1632
-1697
-1654
-1319
-739
-170
395
1192
2008
2223
1722
1037
667
350
-478
-1553
-2045
-1949
-1853
-1958
-1825
-1019
237
1049
1190
1414
1966
2353
2290
1905
1510
1436
1417
1131
932
1109
1384
1573
1614
1482
1405
1443
1224
680
121
-248
-367
-343
-447
-550
-296
170
520
648
690
782
918
888
553
118
-185
-416
-680
-908
-1035
-1022
-827
-650
-559
-321
34
207
164
44
-103
-180
-211
-444
-729
-785
-741
-718
-637
-538
-399
-117
110
172
249
396
520
600
575
447
314
211
67
-148
-332
-478
-602
-743
-864
-860
-714
-593
-620
-712
-792
-889
-1055
-1345
-1721
-1979
-2057
-2036
-1931
-1732
-1396
-815
-113
550
1354
2314
2850
2535
1619
752
334
-65
-947
-1823
-1966
-1623
-1330
-1006
-268
974
2167
2568
2393
2459
2723
2588
1958
1143
572
443
380
120
33
281
581
842
994
1005
1052
1071
797
332
-85
-389
-477
-465
-577
-593
-300
95
353
414
344
386
613
644
351
102
81
137
161
85
41
221
423
397
266
202
119
8
-238
-656
-927
-930
-931
-979
-905
-733
-491
-251
-166
-78
164
347
398
457
488
417
263
-24
-414
-701
-932
-1203
-1457
-1619
-1683
-1646
-1522
-1381
-1194
-953
-759
-651
-538
-442
-407
-415
-509
-701
-886
-1045
-1237
-1349
-1349
-1350
-1323
-1284
-1294
-1209
-893
-523
-156
413
1186
1857
2099
1877
1604
1635
1543
928
163
-299
-532
-798
-1084
-1059
-466
368
879
1141
1624
2290
2722
2633
2118
1567
1176
699
30
-456
-548
-319
80
548
1060
1638
2092
2122
1765
1208
588
-13
-594
-1178
-1520
-1437
-1053
-508
163
1030
1948
2614
2855
2714
2300
1612
694
-297
-1058
-1514
-1776
-1829
-1718
-1436
-929
-369
-21
207
378
368
257
160
-3
-146
-215
-375
-560
-601
-560
-528
-451
-439
-548
-607
-589
-623
-663
-652
-680
-767
-814
-812
-779
-717
-691
-734
-796
-833
-862
-856
-883
-995
-1089
-1128
-1147
-1147
-1176
-1256
-1327
-1354
-1347
-1270
-1110
-912
-698
-520
-400
-258
-33
235
489
714
897
1054
1090
830
361
18
-137
-254
-402
-449
-192
317
771
1072
1466
1973
2318
2306
2003
1621
1326
1009
522
58
-120
-21
238
557
899
1345
1856
2211
2330
2268
2073
1754
1300
714
156
-228
-507
-685
-656
-407
-87
119
207
295
423
480
355
127
-80
-207
-337
-504
-633
-623
-463
-307
-250
-229
-148
-10
112
135
68
13
-2
-94
-259
-468
-674
-823
-983
-1191
-1349
-1355
-1285
-1211
-1132
-1005
-777
-512
-362
-324
-311
-298
-306
-343
-399
-423
-396
-416
-489
-529
-508
-493
-533
-667
-866
-1040
-1155
-1248
-1316
-1314
-1215
-1026
-795
-554
-285
20
251
328
294
238
201
152
-43
-338
-488
-442
-264
15
410
830
1169
1355
1468
1611
1703
1675
1564
1400
1228
1090
994
951
950
963
975
1042
1124
1216
1332
1456
1545
1572
1543
1503
1525
1524
1413
1250
1126
1022
844
557
232
-36
-244
-469
-661
-736
-713
-631
-551
-482
-387
-244
-139
-130
-136
-158
-237
-341
-496
-690
-795
-857
-999
-1187
-1299
-1312
-1173
-1002
-957
-912
-767
-612
-560
-614
-726
-807
-835
-940
-1096
-1163
-1097
-1026
-1008
-1002
-934
-758
-606
-598
-661
-614
-462
-322
-224
-138
47
304
482
525
503
447
272
-15
-370
-664
-847
-960
-987
-864
-624
-337
-49
173
326
372
282
87
-146
-364
-499
-531
-536
-417
-92
394
950
1402
1667
1860
2057
2116
1972
1734
1458
1173
892
577
325
244
238
206
212
312
505
752
953
1037
1092
1201
1308
1393
1427
1429
1427
1405
1287
1066
832
577
252
-119
-445
-626
-699
-757
-799
-758
-575
-335
-115
74
226
299
261
134
-59
-288
-538
-767
-942
-1092
-1211
-1275
-1325
-1322
-1239
-1144
-1052
-923
-769
-659
-604
-637
-739
-791
-855
-1010
-1214
-1369
-1427
-1372
-1247
-1165
-1071
-857
-589
-378
-200
-22
107
201
214
123
41
2
-62
-176
-265
-316
-283
-183
-123
-44
110
289
453
555
536
451
362
269
161
52
-11
-1
130
332
531
668
772
837
796
667
424
123
-163
-402
-591
-611
-416
-109
245
618
986
1341
1590
1623
1437
1142
808
486
208
-15
-110
-23
205
488
815
1172
1509
1709
1732
1615
1417
1147
771
330
-39
-268
-405
-470
-416
-201
148
477
673
765
773
724
628
459
178
-162
-458
-688
-846
-946
-1001
-957
-850
-777
-753
-762
-820
-916
-1049
-1259
-1418
-1419
-1352
-1256
-1107
-942
-763
-592
-498
-456
-401
-404
-496
-565
-584
-553
-397
-199
-65
21
82
103
112
114
50
-49
-110
-123
-44
113
238
321
414
490
479
429
342
205
38
-159
-322
-365
-320
-291
-229
-88
99
269
360
367
340
288
156
-36
-239
-391
-449
-416
-337
-242
-116
56
254
414
497
525
536
505
486
490
550
646
719
763
808
830
822
756
609
417
196
19
-88
-125
-94
13
197
438
683
857
920
867
695
457
170
-159
-480
-705
-788
-768
-697
-596
-428
-203
-8
75
69
27
-33
-111
-196
-255
-258
-240
-253
-278
-280
-294
-380
-518
-682
-806
-830
-799
-727
-575
-351
-80
206
462
624
662
583
388
123
-160
-470
-756
-958
-1068
-1046
-881
-648
-420
-206
-46
57
104
66
-55
-192
-290
-351
-355
-310
-252
-138
62
268
419
489
485
433
360
221
45
-53
-87
-89
-82
-62
6
106
181
238
320
449
539
557
531
514
554
595
567
464
409
433
471
447
336
202
88
-16
-158
-314
-450
-553
-608
-604
-516
-324
-101
79
182
276
427
562
594
507
360
200
54
-86
-209
-254
-226
-177
-107
-27
62
132
190
233
265
300
331
380
432
438
395
352
328
310
225
64
-122
-278
-383
-444
-469
-447
-385
-293
-178
-66
23
65
49
-24
-153
-310
-465
-616
-757
-907
-1030
-1082
-1054
-990
-907
-774
-565
-293
-16
218
397
535
600
528
330
88
-104
-217
-315
-386
-391
-284
-117
41
169
308
442
492
441
321
227
196
171
132
120
188
326
478
595
661
716
729
678
598
483
375
327
316
327
415
567
696
760
745
683
622
520
307
34
-195
-375
-472
-508
-523
-481
-335
-145
7
138
237
299
325
285
211
160
85
-28
-152
-260
-348
-445
-595
-792
-942
-1007
-1007
-959
-860
-692
-469
-205
81
352
577
729
810
827
762
615
377
80
-217
-473
-683
-811
-838
-788
-655
-464
-241
-34
133
232
281
332
348
318
272
215
134
24
-121
-288
-445
-574
-718
-860
-933
-912
-805
-641
-512
-400
-258
-114
-22
27
41
20
-8
-60
-122
-140
-96
-31
15
18
11
45
121
196
280
410
598
839
1082
1279
1417
1482
1453
1316
1106
868
626
404
217
48
-93
-160
-161
-93
27
174
305
433
552
631
671
648
565
466
358
213
31
-180
-384
-558
-698
-825
-928
-989
-1005
-985
-928
-833
-724
-602
-481
-345
-183
-24
96
192
231
175
66
-77
-223
-327
-397
-440
-408
-304
-200
-105
-11
76
165
217
169
66
-25
-137
-291
-424
-513
-539
-517
-507
-475
-370
-212
-86
1
41
56
66
-6
-145
-266
-358
-462
-528
-561
-576
-509
-395
-297
-175
-31
93
216
347
441
507
549
553
558
586
598
580
586
599
617
674
744
795
818
826
826
821
783
691
616
586
580
558
546
540
531
513
441
370
332
296
205
81
-33
-126
-198
-272
-306
-276
-200
-101
16
149
253
277
198
50
-109
-268
-440
-614
-763
-850
-850
-788
-672
-519
-334
-156
-20
68
113
107
19
-112
-245
-339
-391
-417
-395
-358
-335
-319
-301
-291
-325
-421
-522
-588
-596
-572
-542
-472
-377
-279
-221
-213
-248
-321
-434
-592
-746
-858
-901
-868
-761
-609
-425
-207
22
232
384
456
459
412
319
199
82
8
-29
-35
-7
57
165
289
408
508
596
653
680
726
782
858
944
1008
1047
1074
1075
1001
852
672
456
245
86
-28
-74
-57
9
122
286
453
595
714
760
742
679
572
421
266
116
-48
-203
-333
-432
-503
-561
-617
-634
-561
-454
-386
-349
-276
-144
5
87
68
3
-85
-209
-365
-509
-617
-672
-700
-675
-551
-341
-145
-39
11
26
29
6
-63
-182
-300
-357
-356
-329
-284
-240
-180
-95
-46
-42
-82
-139
-184
-230
-280
-338
-346
-316
-272
-211
-142
-63
8
37
22
5
-21
-81
-170
-236
-228
-163
-83
-5
92
226
364
459
507
500
453
386
283
184
135
107
85
79
97
129
176
187
155
128
110
92
82
76
65
83
99
119
170
224
272
312
322
313
278
203
92
-20
-130
-250
-325
-367
-386
-381
-370
-340
-305
-272
-277
-298
-320
-345
-344
-321
-312
-318
-302
-248
-157
-63
-6
18
23
13
-15
-42
-56
-88
-154
-217
-214
-129
-26
52
107
181
294
400
463
480
464
426
359
262
160
89
41
-7
-27
3
99
219
292
324
367
414
440
399
311
240
193
140
82
46
49
66
80
90
85
80
67
48
46
52
70
94
132
192
271
362
415
407
361
294
225
142
41
-34
-72
-77
-64
-50
-26
18
58
51
17
-13
-48
-105
-167
-204
-201
-161
-114
-63
-6
7
-48
-158
-302
-464
-624
-754
-846
-868
-785
-610
-379
-140
59
182
214
137
-29
-260
-520
-778
-985
-1127
-1193
-1126
-980
-780
-563
-360
-150
53
186
210
163
75
-26
-122
-237
-313
-287
-214
-152
-120
-81
-24
40
83
70
69
109
179
285
406
534
651
732
744
724
704
659
572
445
306
208
156
121
103
132
191
261
331
396
480
546
552
510
470
461
454
438
420
396
360
295
202
100
-5
-102
-169
-186
-158
-98
3
128
240
314
355
363
340
293
215
127
34
-67
-177
-248
-260
-237
-197
-165
-127
-86
-44
4
56
120
169
225
295
338
319
248
157
48
-85
-243
-375
-456
-510
-538
-528
-468
-368
-241
-141
-86
-52
-73
-149
-264
-396
-501
-587
-644
-673
-647
-563
-464
-357
-276
-244
-240
-263
-313
-368
-400
-425
-451
-461
-431
-348
-254
-194
-166
-126
-70
-8
59
120
193
276
336
390
445
483
468
412
336
271
215
156
94
51
50
58
77
93
151
265
368
428
414
375
321
255
173
69
-32
-135
-236
-309
-364
-400
-419
-424
-423
-407
-346
-270
-196
-136
-74
-2
71
130
169
202
228
241
233
219
194
178
168
137
124
150
228
305
385
471
537
590
605
585
560
530
491
426
349
297
287
313
337
359
387
437
481
482
439
366
274
153
6
-145
-284
-388
-459
-505
-512
-471
-387
-301
-255
-239
-234
-251
-268
-287
-316
-356
-386
-392
-378
-346
-301
-258
-213
-183
-167
-161
-160
-149
-142
-136
-111
-53
27
97
157
209
243
253
224
132
16
-97
-199
-298
-399
-470
-497
-495
-481
-448
-386
-300
-201
-109
-15
71
120
117
63
-17
-123
-233
-362
-500
-609
-677
-687
-664
-603
-505
-394
-267
-137
-20
60
109
144
173
213
258
310
362
429
506
560
607
634
633
597
514
416
314
222
139
83
55
46
89
185
316
470
629
761
840
864
827
720
574
409
239
79
-44
-109
-131
-122
-89
-35
27
71
86
77
48
24
15
14
17
27
58
90
111
120
114
103
92
71
54
32
1
-49
-100
-132
-152
-155
-142
-108
-47
18
65
110
156
182
171
111
27
-82
-221
-365
-513
-635
-719
-768
-755
-684
-559
-414
-268
-155
-84
-36
-33
-81
-172
-285
-403
-501
-578
-638
-654
-630
-556
-449
-317
-173
-40
74
132
158
166
162
126
69
41
72
120
142
146
146
146
124
84
47
25
28
16
4
14
41
80
93
96
106
128
150
146
136
118
92
56
28
6
-18
-40
-51
-21
58
160
243
306
361
426
490
530
532
489
412
314
214
142
108
87
89
87
109
154
194
232
239
227
198
181
183
183
165
134
101
71
34
-12
-61
-105
-139
-167
-195
-234
-265
-268
-249
-235
-212
-191
-165
-146
-150
-170
-205
-257
-334
-406
-452
-453
-421
-365
-311
-247
-148
-43
48
113
151
183
223
243
236
201
145
64
-26
-103
-149
-163
-161
-153
-135
-75
2
71
115
149
178
192
157
86
20
-33
-72
-119
-164
-169
-141
-90
-43
-2
44
53
22
-26
-77
-119
-157
-193
-207
-183
-133
-62
11
69
114
159
200
228
253
267
246
191
130
69
22
-22
-71
-116
-138
-112
-56
10
61
104
142
150
130
100
69
38
-12
-89
-162
-205
-202
-194
-188
-172
-152
-130
-129
-154
-185
-214
-241
-266
-275
-251
-204
-138
-73
-24
31
64
61
38
5
-12
-24
-34
-60
-86
-72
-35
15
67
114
175
249
313
361
387
408
430
441
444
433
417
387
340
280
227
188
153
122
92
69
67
89
106
134
157
179
187
179
164
143
103
46
-4
-55
-95
-133
-152
-160
-159
-140
-136
-134
-135
-141
-145
-144
-140
-114
-88
-77
-70
-65
-71
-103
-165
-227
-268
-304
-339
-355
-329
-266
-192
-135
-85
-28
45
93
100
93
79
68
20
-55
-123
-174
-223
-265
-297
-308
-286
-258
-214
-166
-126
-103
-91
-93
-85
-67
-51
-43
-42
-55
-79
-99
-120
-134
-159
-194
-220
-235
-241
-218
-161
-76
18
114
211
307
397
448
450
433
376
299
215
116
34
-19
-29
-3
63
141
237
330
411
462
483
483
441
363
261
159
71
15
-25
-39
-18
21
83
136
184
231
254
248
228
188
146
110
77
55
36
25
31
43
56
59
41
35
31
33
23
-7
-41
-65
-53
-8
53
117
187
246
285
281
252
199
122
0
-160
-296
-390
-421
-405
-374
-295
-183
-53
73
163
235
266
238
144
12
-119
-249
-372
-473
-528
-523
-482
-431
-378
-323
-258
-201
-168
-141
-121
-98
-83
-81
-68
-42
-19
-33
-71
-119
-168
-207
-241
-261
-252
-209
-151
-76
16
106
196
275
311
303
255
183
99
17
-44
-85
-100
-95
-69
-32
11
57
96
114
109
98
85
79
64
47
29
13
-5
-24
-36
-76
-108
-121
-115
-100
-86
-72
-44
17
92
183
271
343
387
398
384
344
279
205
129
67
21
-15
-33
-35
-2
38
86
143
198
256
307
363
412
457
482
460
411
358
300
224
141
50
-37
-98
-139
-166
-166
-134
-79
-15
61
123
170
187
155
87
10
-76
-169
-272
-361
-400
-399
-364
-309
-228
-139
-49
17
56
89
121
128
100
54
-1
-62
-119
-177
-239
-288
-331
-362
-384
-383
-356
-313
-260
-205
-135
-63
-20
0
-17
-50
-101
-177
-266
-354
-408
-441
-435
-411
-378
-328
-292
-258
-218
-174
-118
-68
-34
4
49
82
97
91
71
40
4
-39
-92
-144
-176
-193
-181
-150
-93
-26
40
109
170
234
285
314
299
262
228
210
205
197
196
187
180
175
170
159
149
145
139
145
165
194
230
252
257
273
285
285
271
238
194
156
115
83
63
64
80
102
137
186
248
297
328
343
328
305
274
224
168
113
61
7
-34
-63
-60
-39
-13
17
42
67
74
73
64
56
43
10
-22
-55
-74
-87
-111
-143
-176
-210
-250
-288
-314
-330
-341
-355
-373
-377
-357
-317
-279
-225
-161
-85
-13
47
87
107
113
86
43
-18
-89
-153
-202
-246
-258
-240
-190
-106
-9
87
165
221
250
258
250
209
146
78
9
-49
-102
-143
-160
-169
-166
-159
-139
-99
-39
26
62
74
80
67
52
35
5
-25
-41
-40
-24
4
25
40
51
56
56
40
13
-18
-50
-79
-99
-94
-77
-57
-33
-12
16
46
70
75
46
8
-24
-39
-48
-59
-68
-77
-73
-62
-49
-33
-14
19
53
74
100
128
145
135
100
43
-13
-63
-102
-119
-137
-139
-117
-93
-70
-49
-28
-12
1
4
-4
-16
-37
-46
-55
-57
-44
-20
8
39
63
83
103
110
97
55
8
-35
-58
-58
-55
-38
-1
65
136
204
254
282
297
280
236
170
89
-2
-83
-155
-191
-189
-171
-139
-111
-81
-53
-19
1
-4
-7
-15
-33
-57
-73
-90
-100
-121
-152
-181
-190
-195
-196
-181
-162
-133
-107
-78
-52
-28
-12
-27
-47
-72
-92
-111
-133
-152
-166
-159
-148
-136
-107
-75
-47
-15
12
34
51
51
36
5
-22
-53
-97
-152
-206
-242
-261
-257
-244
-210
-146
-61
25
91
145
199
233
240
222
191
151
104
56
13
-2
-7
-17
-25
-31
-25
-1
11
20
27
50
88
136
193
256
318
353
357
341
307
246
165
68
-25
-98
-142
-142
-108
-37
55
148
232
300
347
359
335
275
192
105
23
-39
-71
-101
-112
-92
-59
-17
15
28
11
-3
-13
-25
-33
-38
-35
-29
-21
-28
-27
-10
-3
-14
-39
-78
-116
-131
-134
-135
-126
-108
-93
-74
-62
-44
-34
-49
-78
-118
-148
-173
-191
-188
-178
-152
-136
-111
-73
-38
-15
-22
-48
-72
-91
-110
-133
-154
-155
-135
-104
-73
-35
5
45
74
84
83
86
85
81
74
61
61
71
78
83
90
85
79
77
67
57
51
46
33
28
38
64
91
118
138
133
108
72
30
-21
-63
-101
-129
-124
-95
-44
14
65
107
142
162
173
182
172
151
133
113
93
84
82
97
104
94
81
73
66
57
66
81
106
144
183
211
223
223
197
156
92
16
-54
-114
-154
-174
-172
-153
-118
-70
-26
8
20
24
16
-14
-41
-65
-92
-121
-140
-142
-140
-131
-118
-117
-125
-131
-129
-119
-104
-97
-95
-88
-69
-43
-5
21
42
62
60
35
11
-2
2
4
6
24
46
81
116
145
155
150
127
86
47
10
-32
-69
-92
-89
-72
-56
-47
-41
-33
-41
-66
-94
-119
-139
-160
-175
-184
-173
-152
-142
-128
-115
-102
-92
-76
-57
-37
-23
-18
-12
-15
-25
-29
-26
-26
-25
-25
-29
-25
-15
-15
-27
-36
-24
-1
25
55
85
127
170
203
227
242
245
231
204
155
88
10
-69
-134
-178
-210
-222
-212
-175
-113
-39
39
102
144
155
148
126
102
73
31
-8
-29
-33
-21
-3
24
46
57
67
72
72
63
58
51
50
60
75
86
96
113
118
120
126
132
134
133
133
138
158
187
198
207
211
190
157
116
75
39
-3
-46
-86
-115
-139
-168
-184
-186
-180
-175
-162
-146
-112
-65
-40
-35
-28
-20
-37
-76
-129
-174
-221
-275
-318
-332
-317
-288
-255
-215
-159
-94
-32
18
44
59
65
61
54
26
5
-14
-29
-36
-44
-42
-42
-28
-11
-3
6
11
13
17
21
21
23
38
47
59
70
73
62
24
-25
-73
-118
-156
-183
-192
-171
-125
-70
-16
43
94
128
137
128
107
71
20
-35
-81
-105
-104
-73
-25
40
114
185
241
280
296
293
277
243
196
146
105
82
69
62
77
110
141
170
188
186
170
129
68
-6
-72
-125
-168
-190
-180
-147
-102
-52
-7
24
51
62
47
12
-42
-91
-148
-204
-249
-284
-298
-296
-271
-224
-167
-121
-88
-40
0
18
17
6
-6
-20
-20
-19
-8
15
34
43
53
68
85
95
92
81
79
66
44
36
37
60
95
113
134
143
146
127
91
49
-4
-62
-127
-180
-211
-220
-210
-190
-158
-107
-41
22
70
107
116
103
65
18
-38
-94
-138
-173
-195
-193
-166
-126
-67
-4
52
104
146
164
160
157
141
115
81
46
20
6
11
26
55
86
118
144
161
165
155
128
85
52
15
-18
-43
-60
-75
-70
-55
-38
-21
-20
-16
-12
-16
-16
-19
-21
-23
-24
-18
-16
-7
-5
-7
-13
-38
-59
-86
-94
-96
-100
-95
-91
-84
-66
-28
9
53
87
101
116
125
125
125
115
96
70
56
55
55
68
79
93
102
99
83
71
61
49
37
24
9
-5
-14
-28
-35
-40
-54
-79
-97
-99
-95
-75
-46
-16
10
35
48
43
33
16
-20
-71
-124
-169
-202
-219
-226
-221
-186
-141
-97
-57
-31
-15
-8
-5
-20
-43
-66
-89
-115
-124
-121
-111
-94
-90
-96
-98
-92
-93
-89
-84
-85
-82
-72
-56
-37
-16
7
16
6
-7
-21
-45
-76
-93
-100
-96
-82
-64
-30
18
70
112
141
146
130
97
61
24
-7
-41
-69
-85
-86
-62
-33
2
33
65
100
116
124
129
133
135
151
172
186
199
205
203
201
198
181
156
124
96
59
46
49
62
88
112
136
153
183
201
204
203
190
173
141
107
72
51
48
44
41
41
42
29
5
-14
-29
-47
-70
-98
-127
-149
-149
-132
-113
-97
-77
-56
-41
-28
-24
-23
-31
-54
-89
-115
-129
-131
-118
-101
-80
-57
-32
-19
-17
-14
-13
-23
-50
-81
-100
-116
-120
-109
-102
-90
-85
-84
-88
-91
-90
-95
-91
-92
-87
-72
-48
-26
-9
14
30
36
42
37
20
2
-10
-22
-34
-35
-27
-14
2
18
32
44
69
84
95
107
124
135
142
146
143
133
119
94
61
38
22
11
5
18
40
65
99
133
166
200
217
210
187
157
118
67
30
-1
-21
-23
-21
-20
-11
5
16
24
22
9
-9
-24
-33
-47
-44
-35
-26
-6
17
30
34
32
22
-2
-29
-62
-98
-109
-106
-91
-62
-35
-7
15
43
60
54
40
12
-23
-58
-83
-96
-108
-106
-98
-93
-82
-66
-56
-59
-54
-65
-91
-104
-109
-105
-104
-95
-86
-80
-65
-64
-63
-55
-55
-52
-57
-63
-64
-52
-32
-22
-5
9
22
37
44
56
60
64
68
66
60
55
51
49
44
30
18
10
3
2
7
8
17
30
46
65
79
100
111
114
117
111
105
85
60
27
-6
-27
-55
-70
-66
-59
-39
-28
-24
-19
-15
3
14
23
25
24
23
14
13
10
10
-2
-30
-55
-82
-103
-113
-112
-102
-90
-64
-37
-4
43
71
93
102
93
62
14
-20
-58
-80
-88
-87
-66
-44
-8
25
51
74
81
81
65
47
39
34
33
20
14
15
5
-9
-21
-31
-51
-65
-76
-78
-61
-37
-9
23
55
84
102
107
100
74
45
7
-28
-59
-81
-89
-93
-83
-70
-58
-50
-38
-22
-11
2
14
24
29
42
59
73
84
88
80
69
57
39
21
9
-3
-12
-14
-8
5
34
63
75
79
70
50
21
0
-32
-72
-93
-107
-112
-100
-76
-55
-41
-27
-26
-39
-47
-59
-76
-100
-121
-133
-141
-137
-134
-130
-120
-113
-104
-97
-86
-71
-50
-28
-7
16
35
52
60
64
58
44
24
-3
-25
-41
-55
-59
-52
-40
-12
11
28
51
72
86
94
93
77
62
54
43
31
23
13
2
1
-4
-13
-16
-15
-16
-25
-30
-31
-26
-11
8
32
54
72
80
79
73
67
57
41
23
2
-11
-1
16
37
67
99
116
129
136
127
116
99
75
49
20
-2
-24
-41
-41
-32
-17
-7
-1
14
26
38
44
43
36
27
18
4
-9
-13
-15
-30
-40
-49
-55
-55
-61
-64
-72
-74
-73
-72
-63
-49
-35
-21
-11
-6
-4
-6
-5
-11
-23
-31
-41
-43
-39
-29
-17
1
20
32
31
25
10
-9
-25
-41
-47
-50
-49
-38
-31
-18
-6
6
8
-1
-9
-26
-54
-72
-75
-68
-46
-18
7
33
57
70
70
60
25
-14
-56
-92
-117
-125
-112
-88
-45
6
54
89
115
125
115
96
69
32
3
-15
-22
-22
-8
15
39
63
86
94
90
76
52
23
4
-5
-13
-12
-1
17
46
77
104
120
125
128
121
106
86
60
28
-4
-25
-43
-55
-62
-64
-60
-51
-32
-16
-1
18
31
37
43
47
40
30
22
12
2
-11
-21
-30
-36
-31
-28
-21
-11
-4
-2
-6
-12
-23
-35
-48
-61
-74
-80
-81
-74
-60
-47
-32
-18
-9
-7
-4
-7
-24
-37
-54
-73
-82
-83
-82
-74
-62
-65
-65
-69
-79
-94
-102
-104
-114
-116
-116
-110
-93
-64
-37
-13
1
6
-2
-7
-1
-5
-7
-6
-8
-7
2
14
27
38
52
56
54
56
52
56
67
80
92
102
111
114
117
122
120
112
105
95
86
85
93
106
124
135
145
147
148
149
143
131
113
93
71
53
37
30
30
34
42
49
56
58
67
72
71
69
60
48
33
17
0
-13
-26
-42
-52
-62
-67
-63
-59
-51
-47
-42
-42
-41
-40
-39
-42
-46
-55
-65
-70
-83
-94
-102
-111
-121
-123
-128
-128
-122
-115
-109
-100
-96
-96
-94
-91
-89
-85
-81
-78
-70
-68
-68
-68
-61
-54
-56
-61
-69
-76
-72
-66
-56
-38
-16
4
22
33
43
53
59
58
53
48
45
45
45
45
54
63
74
86
92
97
100
104
104
101
98
97
96
99
99
98
98
94
90
83
77
65
55
44
30
26
26
26
30
40
51
56
65
67
62
57
45
27
8
-11
-25
-36
-41
-43
-35
-24
-13
0
4
7
-1
-18
-36
-53
-72
-82
-85
-83
-77
-57
-31
-13
8
25
33
28
12
-14
-40
-65
-79
-87
-81
-73
-60
-41
-23
-9
3
6
-7
-23
-44
-63
-75
-83
-83
-74
-54
-34
-10
12
27
30
22
-2
-27
-47
-64
-72
-75
-67
-54
-38
-16
11
32
56
74
76
68
57
48
33
21
5
-11
-23
-32
-35
-38
-32
-26
-20
-8
-2
11
31
43
49
52
54
55
60
64
68
67
66
66
63
62
51
40
24
10
2
-12
-25
-33
-39
-41
-37
-27
-19
-8
9
24
36
47
48
39
23
-2
-33
-56
-74
-85
-93
-91
-81
-59
-33
-13
3
11
16
2
-21
-43
-61
-72
-82
-88
-79
-69
-55
-39
-20
-7
0
-2
-8
-10
-12
-12
-9
0
7
22
39
50
61
67
66
62
48
29
16
3
-10
-15
-13
-13
-4
13
25
42
59
72
77
74
72
72
70
64
59
55
50
43
45
41
33
31
27
18
13
10
12
18
32
42
58
74
85
91
91
86
72
56
24
-5
-27
-43
-54
-53
-46
-33
-15
7
30
43
50
50
38
19
-2
-26
-50
-72
-86
-93
-97
-96
-90
-84
-81
-79
-79
-80
-75
-70
-62
-51
-41
-38
-25
-18
-25
-35
-51
-70
-86
-107
-124
-127
-121
-111
-91
-66
-39
-8
23
49
63
68
62
47
18
-8
-32
-51
-66
-71
-70
-62
-46
-25
1
22
47
67
79
83
88
92
90
88
85
80
67
50
37
25
15
8
6
8
17
30
47
64
86
107
116
113
106
102
93
82
72
55
36
21
9
-1
-5
-2
0
10
20
31
46
61
75
83
84
78
58
38
15
-8
-27
-46
-59
-68
-67
-67
-61
-48
-32
-21
-10
3
6
4
3
-3
-20
-39
-67
-95
-119
-135
-144
-147
-138
-127
-110
-87
-68
-49
-35
-30
-31
-38
-49
-64
-77
-87
-90
-89
-88
-82
-80
-72
-69
-71
-66
-67
-70
-72
-66
-58
-50
-30
-11
7
24
37
42
45
44
34
19
4
-7
-15
-18
-20
-16
-11
-1
5
12
20
23
22
20
19
14
12
12
14
22
32
40
46
54
60
63
71
79
83
89
88
83
77
73
62
47
31
9
-7
-17
-21
-21
-8
8
32
54
75
95
107
119
118
109
92
63
39
14
-5
-19
-29
-32
-35
-25
-15
-4
8
15
22
21
21
21
15
11
6
-1
-6
-12
-22
-35
-44
-50
-53
-50
-47
-46
-38
-24
-7
9
16
16
12
9
-3
-16
-29
-42
-50
-60
-65
-62
-55
-41
-28
-12
1
11
11
14
13
10
2
-8
-19
-29
-31
-30
-26
-14
-4
2
9
16
22
20
18
6
-3
-12
-13
-11
-9
-4
2
8
10
8
-2
-20
-37
-53
-69
-78
-78
-68
-49
-22
7
36
62
77
81
75
62
46
22
-3
-24
-39
-46
-47
-42
-30
-13
4
23
42
55
61
65
63
58
53
46
38
38
44
48
54
61
61
62
61
55
41
26
9
-6
-19
-24
-23
-12
2
20
39
57
77
84
85
77
66
48
27
8
-10
-19
-23
-18
-1
20
44
66
85
97
99
94
80
60
41
23
5
-6
-10
-4
3
15
26
36
45
47
47
38
27
17
0
-12
-21
-23
-22
-17
-10
-4
5
4
-1
-8
-20
-30
-45
-56
-66
-72
-72
-68
-55
-44
-29
-16
-10
-8
-11
-20
-28
-38
-46
-47
-45
-40
-37
-30
-19
-9
0
2
-2
-5
-12
-24
-32
-37
-39
-41
-36
-34
-28
-19
-13
-7
1
6
9
9
9
8
4
0
-4
-12
-21
-28
-38
-48
-50
-54
-55
-52
-47
-38
-27
-15
-6
4
15
21
26
23
15
6
-5
-14
-23
-27
-29
-27
-22
-21
-17
-11
-8
-3
0
4
12
18
26
35
46
55
60
59
50
42
26
9
-6
-20
-26
-33
-29
-23
-11
6
17
28
35
34
28
20
8
-4
-11
-14
-16
-16
-12
-9
-2
2
8
15
19
24
23
24
22
19
15
9
3
-3
-11
-20
-29
-33
-33
-30
-20
-9
4
18
34
45
56
61
57
47
31
14
-6
-25
-44
-58
-66
-67
-67
-65
-60
-54
-46
-43
-39
-39
-38
-40
-44
-44
-43
-41
-39
-36
-37
-41
-45
-50
-57
-64
-67
-72
-76
-74
-72
-65
-55
-46
-39
-31
-27
-26
-26
-27
-30
-34
-39
-39
-37
-31
-21
-9
7
23
40
53
60
63
58
48
36
21
6
-4
-11
-16
-13
-4
4
17
26
38
47
56
60
60
63
62
62
60
59
60
59
59
56
56
54
52
48
43
35
33
30
27
26
28
32
36
42
45
49
52
53
52
49
45
40
34
31
30
31
36
41
46
50
53
51
45
34
18
1
-17
-33
-43
-48
-48
-44
-34
-23
-6
6
16
23
25
22
15
0
-16
-30
-47
-59
-67
-68
-66
-59
-53
-45
-40
-35
-31
-31
-32
-35
-36
-39
-38
-37
-33
-29
-26
-23
-22
-23
-26
-31
-38
-41
-43
-40
-34
-25
-12
3
16
26
35
36
34
26
14
2
-8
-16
-22
-22
-19
-11
-3
7
14
23
26
28
27
24
19
16
14
13
17
24
31
37
41
44
44
40
32
22
8
-5
-18
-27
-32
-32
-27
-20
-7
9
25
37
47
52
53
49
41
28
16
5
-7
-16
-21
-18
-14
-8
-1
5
11
14
13
7
1
-7
-16
-23
-27
-27
-23
-16
-8
1
9
15
17
14
6
-4
-16
-27
-36
-43
-44
-44
-38
-33
-24
-17
-14
-13
-15
-18
-24
-31
-40
-49
-54
-55
-53
-45
-33
-23
-12
-1
5
8
8
-1
-11
-25
-37
-47
-54
-57
-53
-44
-30
-12
3
18
27
30
26
18
6
-8
-23
-35
-43
-43
-36
-25
-12
3
16
27
31
33
28
22
13
6
2
2
6
11
18
27
34
39
38
30
17
2
-15
-29
-37
-41
-37
-27
-10
12
36
57
71
78
76
69
56
35
12
-11
-30
-44
-51
-49
-42
-30
-17
0
16
30
35
36
30
21
10
-3
-14
-23
-29
-29
-25
-15
-3
7
17
23
27
27
26
22
14
6
-1
-4
-6
-5
-4
-2
1
4
7
10
10
10
10
12
15
21
25
30
34
36
37
37
33
25
17
8
1
-5
-6
-5
-3
-1
2
9
13
14
13
10
8
4
4
6
8
11
15
20
25
26
24
16
5
-7
-15
-21
-22
-19
-11
3
20
37
51
62
64
57
44
28
8
-10
-29
-39
-41
-37
-24
-7
11
27
40
50
54
52
43
32
18
6
-3
-9
-12
-13
-15
-16
-16
-14
-16
-20
-24
-29
-34
-35
-35
-32
-30
-23
-16
-7
0
7
10
11
11
8
5
-1
-11
-20
-25
-31
-34
-34
-33
-29
-25
-14
-3
12
23
34
42
50
56
58
59
54
47
38
30
21
11
3
-4
-8
-10
-9
-5
0
7
11
16
23
27
28
28
26
20
13
5
-4
-14
-23
-32
-39
-44
-46
-48
-46
-43
-36
-27
-15
-6
1
6
9
12
11
7
1
-5
-13
-19
-22
-20
-19
-17
-11
-5
2
7
12
17
20
22
22
24
24
24
21
18
15
10
5
-1
-8
-15
-21
-24
-26
-27
-27
-26
-23
-24
-22
-22
-24
-28
-34
-38
-43
-46
-46
-45
-41
-35
-28
-20
-12
-6
-4
-4
-6
-11
-15
-21
-24
-27
-26
-23
-16
-7
4
14
25
33
41
46
50
50
47
46
43
38
32
28
20
16
12
7
3
0
-4
-5
-6
-5
-5
-4
-4
-4
-4
-4
-2
-3
-3
-6
-7
-10
-14
-20
-27
-35
-42
-48
-49
-49
-45
-38
-27
-15
-3
8
17
21
23
20
16
11
8
4
3
3
6
11
14
18
19
17
13
9
5
-1
-3
-4
0
4
12
19
25
28
28
26
19
9
-3
-16
-27
-37
-45
-48
-47
-45
-41
-35
-29
-23
-19
-16
-14
-11
-10
-9
-6
-3
1
7
14
19
22
23
22
17
10
3
-5
-12
-15
-17
-13
-3
9
24
38
51
59
63
60
52
42
28
13
1
-7
-14
-14
-11
-7
-2
2
4
3
-1
-6
-14
-21
-27
-29
-30
-30
-27
-25
-22
-22
-22
-24
-25
-29
-30
-29
-27
-19
-11
-2
6
15
21
23
21
17
10
1
-6
-12
-16
-16
-11
-4
6
17
27
35
41
43
43
41
36
28
23
15
12
10
9
9
6
4
2
-4
-10
-17
-23
-27
-29
-28
-24
-17
-11
-3
2
6
8
7
3
-2
-6
-13
-16
-17
-17
-17
-16
-14
-11
-9
-7
-5
-3
0
3
9
14
18
20
21
20
18
13
8
1
-5
-11
-13
-13
-11
-9
-5
-2
2
5
4
2
-1
-6
-11
-17
-20
-25
-26
-26
-24
-23
-18
-15
-11
-9
-6
-5
-7
-7
-12
-14
-17
-19
-16
-13
-8
-2
3
9
13
16
18
18
18
15
13
13
13
18
21
25
29
30
29
24
19
11
2
-5
-9
-13
-12
-7
1
7
16
23
27
27
23
19
11
4
-4
-9
-12
-12
-12
-9
-6
-4
-4
-7
-9
-15
-19
-21
-23
-22
-20
-14
-7
0
8
13
17
18
15
12
4
-3
-11
-17
-21
-25
-24
-22
-19
-13
-9
-3
2
4
6
4
4
3
1
-1
-1
-2
0
1
4
4
4
4
2
2
0
-2
-2
-3
-1
1
4
6
7
10
10
9
7
6
5
1
1
0
-1
1
2
4
5
6
6
4
4
2
0
-1
-2
-2
-2
-1
0
1
2
1
1
1
1
-1
-3
-5
-6
-6
-6
-4
-4
0
2
3
4
2
1
-1
-2
-3
-6
-6
-6
-4
-1
2
6
7
10
11
7
5
2
-2
-5
-9
-12
-15
-14
-12
-13
-12
-10
-9
-9
-8
-7
-7
-6
-4
-2
1
4
5
5
6
7
6
5
5
2
1
-1
-3
-4
-6
-6
-6
-5
-3
-1
3
7
11
15
18
20
20
18
15
12
10
8
7
6
7
9
12
14
15
17
15
12
8
1
-2
-7
-10
-12
-11
-9
-7
-3
1
2
4
6
4
4
2
-1
-3
-4
-4
-3
-2
1
4
5
6
7
9
8
8
7
3
0
0
0
0
1
2
2
4
6
6
8
8
8
10
9
9
8
6
4
3
2
-1
-5
-10
-13
-15
-17
-18
-18
-17
-17
-17
-16
-14
-14
-13
-13
-14
-15
-16
-15
-15
-13
-11
-9
-7
-4
-2
1
4
6
9
12
14
14
16
15
14
13
10
8
6
3
2
3
4
6
10
14
16
17
18
17
17
15
12
9
4
1
-3
-5
-7
-9
-10
-12
-13
-15
-16
-17
-19
-19
-18
-19
-19
-18
-17
-16
-14
-12
-9
-7
-6
-5
-3
-1
2
4
4
7
6
7
9
11
12
12
13
14
14
16
16
14
13
13
13
12
12
11
11
10
9
8
6
3
-1
-4
-5
-7
-9
-10
-11
-12
-13
-12
-13
-14
-16
-18
-22
-25
-26
-26
-25
-23
-21
-19
-17
-14
-11
-9
-9
-8
-8
-6
-3
0
4
8
13
15
19
21
22
22
21
20
17
16
15
12
12
12
14
14
16
18
18
18
18
18
16
11
8
3
0
-4
-8
-12
-15
-18
-19
-19
-19
-18
-16
-15
-15
-13
-13
-13
-14
-15
-18
-19
-20
-22
-21
-18
-15
-12
-7
-2
2
6
10
13
14
14
12
11
8
6
5
4
4
4
5
5
7
8
10
11
11
13
12
12
10
9
8
4
1
-2
-6
-10
-14
-15
-17
-15
-12
-10
-7
-3
0
3
5
8
7
4
0
-4
-8
-11
-12
-13
-12
-10
-6
0
6
13
19
25
28
31
30
29
26
21
18
14
11
9
7
6
6
6
9
9
9
9
8
8
8
8
7
5
4
2
1
-1
-4
-8
-11
-14
-16
-18
-19
-20
-18
-16
-11
-7
-3
1
2
2
3
1
-3
-5
-10
-14
-18
-18
-19
-18
-16
-12
-7
-3
3
8
11
15
16
16
16
13
11
5
2
-2
-5
-8
-10
-12
-12
-11
-9
-5
-2
2
6
8
9
9
8
6
3
-2
-6
-9
-13
-15
-16
-15
-12
-8
-3
2
8
14
17
19
19
20
16
12
6
2
-2
-6
-8
-8
-9
-6
-3
2
7
13
16
18
19
18
14
10
6
0
-5
-7
-10
-12
-13
-12
-11
-8
-7
-4
-3
-1
-1
-2
-3
-4
-7
-10
-12
-14
-15
-14
-14
-14
-9
-8
-6
-3
0
2
3
3
5
5
4
3
1
-1
-3
-5
-5
-5
-5
-5
-4
-4
-2
0
3
4
4
3
3
2
-2
-4
-6
-8
-9
-10
-10
-8
-6
-5
0
2
5
6
7
7
6
5
3
1
0
-3
-4
-4
-3
-1
2
5
7
11
13
15
17
20
22
23
24
22
21
20
17
14
11
8
3
0
-3
-4
-6
-5
-3
-2
0
2
4
6
7
7
6
3
1
-4
-9
-12
-18
-21
-24
-26
-27
-25
-24
-21
-17
-13
-10
-5
-3
-1
-1
0
0
-1
-3
-6
-8
-8
-8
-7
-6
-2
0
4
7
9
13
15
16
17
16
14
11
9
7
4
4
3
2
1
1
2
3
4
4
5
5
3
2
0
-1
-1
-2
-1
-3
-4
-4
-6
-5
-4
-4
-3
-5
-5
-6
-8
-6
-5
-6
-4
-4
-3
-2
0
3
7
10
14
16
17
18
17
16
14
11
8
4
0
-2
-3
-2
1
4
5
8
10
13
17
18
18
17
12
6
2
-3
-7
-10
-12
-14
-15
-16
-14
-12
-7
-5
-3
-1
-1
-1
-1
-3
-4
-6
-8
-12
-13
-15
-15
-14
-12
-9
-5
-2
2
6
9
12
13
15
15
14
12
8
6
4
2
0
2
2
1
1
2
4
7
8
9
9
9
10
9
9
8
6
1
-2
-5
-7
-10
-12
-12
-12
-11
-10
-6
-2
2
4
5
5
3
1
-2
-5
-7
-10
-13
-15
-16
-16
-14
-11
-10
-6
-4
0
2
4
7
9
11
11
11
9
5
0
-4
-10
-13
-16
-17
-18
-17
-14
-10
-4
1
7
11
12
13
12
10
5
-1
-6
-10
-14
-15
-16
-14
-12
-11
-9
-6
-2
1
4
5
6
7
8
7
6
6
5
3
1
-2
-5
-7
-9
-9
-8
-7
-4
-2
1
5
8
9
10
9
10
7
4
2
-1
-2
-3
-4
-4
-5
-5
-4
-3
-3
-3
-2
0
0
2
4
6
6
6
6
5
3
1
-2
-3
-4
-7
-5
-3
-2
0
2
3
5
4
3
2
2
2
1
0
-2
-1
0
2
2
2
0
-1
-1
-2
-3
-4
-3
-3
-2
2
4
7
9
9
10
9
6
5
3
1
0
0
0
0
0
1
2
3
5
4
3
2
3
2
1
1
3
6
6
7
5
4
3
1
-2
-3
-6
-6
-6
-5
-3
0
2
3
5
6
5
4
3
3
2
0
-2
-4
-4
-3
-4
-4
-3
-3
-5
-5
-5
-3
-1
0
3
6
7
8
7
7
7
5
2
-3
-5
-7
-7
-7
-5
-3
-1
1
3
4
5
5
5
3
4
4
3
4
4
2
2
1
-1
-1
-1
-3
-4
-3
-2
-1
0
2
5
7
8
9
8
8
5
4
1
-1
-3
-6
-8
-10
-11
-9
-8
-8
-7
-6
-3
0
2
3
5
6
5
5
4
1
-3
-6
-10
-13
-13
-13
-11
-10
-9
-5
-3
0
3
6
7
7
6
3
2
1
0
-1
-1
-2
-2
-4
-4
-5
-4
-6
-6
-5
-4
-2
1
4
6
9
11
11
9
7
2
-2
-4
-7
-7
-7
-7
-5
-3
0
2
3
4
2
0
-2
-3
-5
-5
-4
-3
-4
-3
-2
-2
0
0
-1
-2
-2
-3
-3
-3
-3
-3
-2
-2
-1
-1
-1
-3
-4
-5
-6
-7
-6
-5
-3
-1
1
3
4
5
5
4
5
3
2
1
0
-2
-2
-2
-2
-2
-1
1
2
5
7
9
10
9
8
6
4
4
4
3
1
2
1
-2
-3
-1
-1
0
1
2
2
3
5
5
6
6
5
4
3
2
1
2
1
0
-1
-1
-2
-3
-3
-3
-1
3
5
6
7
7
6
5
3
0
-5
-7
-9
-11
-12
-10
-7
-4
0
4
5
8
8
7
6
4
2
-1
-4
-4
-6
-4
-3
-3
-3
-3
-4
-4
-3
-5
-6
-4
-2
1
6
7
10
11
10
8
5
0
-4
-8
-10
-13
-12
-9
-8
-4
-1
3
7
9
11
11
8
7
5
2
0
-2
-5
-6
-6
-6
-5
-2
-2
-1
0
1
2
4
7
7
7
9
7
7
5
1
-1
-3
-6
-7
-8
-7
-7
-5
-3
0
4
8
10
9
10
10
7
6
5
3
-1
-2
-5
-8
-8
-7
-8
-7
-5
-1
1
4
7
9
10
10
9
7
5
1
-2
-6
-7
-6
-7
-7
-6
-5
-2
-2
0
2
0
1
2
2
3
5
6
3
3
1
0
-3
-5
-7
-10
-10
-11
-10
-6
-3
1
6
8
9
12
12
9
5
-1
-4
-6
-6
-6
-6
-4
-1
1
4
6
5
4
3
1
1
0
0
0
1
3
2
2
3
2
1
0
-2
-3
-5
-4
-3
-2
0
2
5
5
5
5
3
1
0
-1
-2
-2
-3
-3
-1
1
3
6
6
5
4
1
1
0
-1
-2
-2
0
1
1
2
1
2
1
1
0
0
-1
-1
-1
0
1
0
3
1
0
0
-1
-3
-5
-5
-5
-5
-4
-3
-3
-2
-1
-1
-2
-2
-1
0
-1
-3
-4
-5
-5
-6
-6
-7
-7
-7
-5
-2
1
3
3
6
7
6
5
3
2
-1
-4
-5
-6
-6
-5
-3
0
2
4
7
8
9
6
4
3
0
0
-2
-3
-3
-3
-3
-1
-1
1
-1
-1
-3
-3
-4
-4
-4
-2
1
2
5
6
7
6
3
0
-4
-7
-10
-12
-14
-12
-9
-5
0
6
9
10
11
10
7
4
1
-1
-4
-5
-4
-3
-1
-1
-1
-1
-2
-3
-4
-5
-5
-5
-3
-2
2
6
9
10
12
12
10
7
2
-4
-10
-14
-18
-20
-18
-13
-7
1
8
15
19
23
20
16
