0
0
-1
0
3
6
4
0
-2
-1
0
0
2
4
6
5
0
-3
-2
-2
-1
1
5
6
6
3
-1
0
2
3
4
7
8
7
2
-1
-1
0
2
4
5
6
4
0
-2
-2
2
4
5
6
4
3
-2
-4
-4
-1
1
2
2
3
1
1
-2
-1
0
3
3
1
1
0
-1
0
0
2
3
2
0
-1
-2
-3
-2
-2
0
1
1
-1
-2
-3
-3
-3
-2
-2
-1
0
-1
-1
0
1
2
1
0
-1
-3
-4
-6
-2
1
4
6
4
2
-3
-4
-5
-3
1
3
3
1
-1
-3
-4
-4
-2
0
1
1
-1
-3
-3
-4
-2
-1
2
4
2
-1
-3
-4
-4
-3
-1
1
2
4
1
-2
-4
-4
-2
-1
-1
2
3
2
0
-1
0
1
1
3
4
5
3
3
2
2
4
6
6
7
6
6
4
4
5
7
7
7
7
6
5
4
4
5
7
6
5
6
7
7
6
6
6
5
4
3
2
3
5
5
6
5
4
2
0
-2
-1
2
3
4
4
4
1
-1
-2
-1
1
3
3
5
5
2
-1
-2
-1
0
2
3
2
3
2
0
-2
-1
1
3
2
3
3
1
-2
-3
-3
-1
1
2
2
3
0
-3
-5
-4
-1
1
2
2
1
0
-3
-6
-5
-4
-3
-1
-1
0
-1
-2
-3
-4
-3
-2
-2
-2
-2
-1
-2
-2
-1
0
0
0
1
0
0
-1
-2
-1
-1
1
2
3
2
2
1
0
-1
-1
1
1
2
3
5
3
2
1
-1
-2
-2
-1
0
1
3
2
0
-2
-2
-2
-1
0
2
4
1
0
-2
-1
-1
-1
2
4
5
2
1
-1
1
1
2
5
6
5
3
1
0
0
1
1
3
4
3
1
2
1
0
2
2
2
3
3
3
2
2
1
2
1
1
0
1
0
0
1
2
1
1
1
2
3
2
1
1
1
0
0
0
0
1
1
-1
0
0
0
-1
-2
-2
-2
0
-1
-1
0
-1
-3
-4
-4
-4
-3
-1
-1
-1
-2
-4
-5
-5
-4
-2
-2
0
1
-1
-3
-3
-4
-4
-2
-1
0
-2
-2
-3
-4
-3
-4
-3
-3
-2
-3
-3
-3
-4
-3
-2
-2
-1
-1
-2
-2
-3
-2
-2
-2
-2
-1
-2
-2
-2
-3
-2
-2
-3
-3
-2
-2
-1
-1
-2
-2
-4
-4
-3
-2
-3
-2
-3
-2
-3
-1
-1
-1
0
0
-2
-2
-1
0
0
1
1
0
-1
-2
-1
1
1
1
1
1
0
0
0
0
2
3
3
2
2
0
1
2
3
3
3
4
3
2
2
3
2
3
3
2
1
1
1
1
1
2
2
2
3
2
2
2
1
1
2
1
1
2
3
3
4
3
3
3
3
4
4
5
5
4
4
4
4
3
4
5
4
5
5
5
5
6
4
3
3
1
3
3
3
3
2
1
0
-2
-2
0
0
0
-1
-1
-2
-2
-2
-2
-2
-1
-1
-2
-2
-2
-2
-2
-1
-2
-3
-1
-2
-3
-3
-2
-3
-3
-4
-3
-3
-2
-3
-2
-3
-3
-5
-5
-5
-5
-4
-5
-5
-5
-4
-5
-5
-4
-5
-4
-4
-2
-1
-2
-2
-3
-2
-1
0
1
1
1
1
0
0
1
0
0
1
1
3
3
2
3
2
2
1
3
4
3
3
3
2
1
2
1
1
3
3
3
3
4
4
4
4
4
4
4
2
3
3
1
1
2
1
2
3
3
1
2
1
0
1
0
1
0
0
-1
-2
-1
-3
-3
-2
-2
-2
-3
-3
-5
-5
-4
-5
-5
-4
-5
-5
-5
-4
-5
-5
-4
-4
-3
-3
-3
-2
-2
-2
-3
-3
-1
-2
-1
-1
0
0
1
0
1
1
0
1
1
0
0
2
3
1
2
3
3
3
4
4
5
5
5
4
5
4
5
4
2
3
3
4
4
5
5
3
4
3
1
1
2
1
2
2
1
0
3
1
-2
1
1
0
1
-1
-2
-2
0
-3
-4
-3
-2
-4
-3
-2
-5
-5
-4
-4
-1
-1
-3
-5
-3
-5
-6
-3
-1
-2
-3
-3
-2
-2
-1
-2
-1
0
-1
-4
-5
-4
-4
-4
0
-1
1
-1
-1
-1
-2
-2
-2
0
1
-1
1
0
-1
2
0
2
1
0
-2
-1
3
6
5
4
3
1
3
7
6
6
7
3
6
11
10
7
8
10
4
3
6
6
6
5
9
13
11
11
6
5
11
9
10
10
15
13
7
5
8
10
10
7
7
8
6
3
4
7
4
1
3
9
10
4
-6
-4
1
3
8
3
-2
1
4
1
-8
-4
-7
-10
-5
0
-2
-11
-9
-11
-11
-4
-4
-8
-8
-11
-13
-9
-10
-10
-12
-16
-13
-4
-15
-17
-18
-17
-11
-10
-7
-19
-25
-13
-4
-13
-16
-17
-11
-12
-9
-9
-11
-12
-19
-14
-7
-1
-7
-7
-10
-12
-11
-13
-3
4
1
-6
-4
3
5
2
-7
1
9
6
9
1
1
3
5
1
6
15
12
9
6
3
5
6
9
19
11
5
6
10
11
17
19
12
7
12
10
4
9
17
16
3
3
10
16
11
-1
-3
3
11
9
13
20
17
6
-10
-5
6
8
17
12
5
-1
-3
-2
-5
2
3
5
4
-5
-16
-19
4
3
0
8
1
-12
-15
-10
-12
-4
8
-6
-13
29
16
-36
-71
-9
39
13
27
-11
-40
-44
-1
-8
-10
57
31
-59
-59
3
10
-21
-44
-2
4
36
-12
-64
-15
-4
-13
-31
-9
33
6
-65
-15
-7
15
14
-26
15
-13
-5
12
-20
-18
9
51
34
-52
-13
30
9
0
-27
38
47
-18
-1
8
15
25
-20
-1
26
-12
5
20
16
17
-32
-20
-4
14
48
-15
-12
-16
-8
18
-25
-9
18
9
7
-7
-4
7
-6
-11
-19
6
43
28
-8
-15
-7
-1
12
11
24
14
4
8
-6
6
6
7
21
20
5
-6
-19
3
8
8
1
-16
22
0
-34
-21
-9
1
-14
-26
3
-4
-21
-14
-21
-18
-3
-12
-11
18
-3
-19
-12
14
25
2
-3
2
18
21
20
18
22
18
30
7
-1
21
31
29
-5
14
3
1
13
1
-3
-8
2
-5
-13
-17
-17
-9
-11
-18
-19
-27
-16
-17
-16
-30
-26
-3
-10
-14
-15
-9
-15
2
9
14
-4
-9
8
12
2
8
14
18
21
17
6
-7
11
6
12
4
8
9
9
10
-5
-6
-7
-6
-11
-7
-15
-2
-8
-18
-14
-23
-22
-27
-23
-14
-14
-18
-18
-20
-18
-9
-15
-10
2
-5
-6
-2
0
7
14
9
5
20
31
18
20
14
6
24
27
24
23
20
22
13
14
21
14
10
3
-1
5
2
3
-5
-5
-2
-11
-27
-19
-9
-15
-18
-22
-16
-12
-9
-17
-10
-9
-18
-14
-9
2
10
-1
12
5
9
6
4
19
14
24
20
15
25
20
10
15
19
28
15
10
13
7
-1
-1
-1
1
-2
-2
-3
-9
-20
-26
-21
-17
-8
-15
-17
-13
-13
-20
-12
-20
-17
-9
-20
-3
-4
-3
7
-3
-3
3
4
13
6
7
13
19
20
19
22
16
25
26
22
19
14
19
34
31
17
13
27
21
7
11
9
16
-5
-16
5
6
3
-13
-27
-10
-12
-25
-12
-19
-16
-30
-32
-6
-17
-30
-19
-5
-8
-25
-33
-18
-6
-5
-10
-3
4
-10
3
3
-14
-5
-1
10
31
14
-5
2
4
31
21
-4
6
4
26
23
3
-7
6
32
14
-2
6
-2
11
-3
-6
17
-7
-1
-5
7
14
-15
-2
4
-7
-11
-14
11
24
-2
-8
-10
5
18
-2
-5
2
7
10
7
-3
11
14
9
7
2
4
7
14
9
-4
-3
38
25
-2
11
0
-1
10
4
18
6
-5
23
8
0
-8
-18
2
5
4
-14
-17
-11
-10
-13
-15
-17
-2
-6
-20
-14
-21
-15
-15
-3
-4
0
-2
-7
-5
-9
-13
-4
9
5
-2
-6
9
-2
-8
8
8
-3
-9
-5
0
-6
1
-6
6
6
-6
-8
-15
-6
-4
-11
-6
-4
8
10
-10
-6
-10
8
-2
1
3
-12
9
16
6
-1
3
19
20
1
7
10
11
13
13
22
21
17
15
16
18
14
4
12
20
16
10
1
19
23
5
-5
-2
12
6
2
-1
-10
4
6
-6
-10
-12
-4
-7
-12
-12
-24
-15
-12
-4
-5
-22
-10
-7
-19
-30
-22
-1
-3
-14
-12
-1
-1
-13
-11
-7
0
10
-1
-5
3
12
8
-1
12
28
11
5
5
7
14
3
20
21
14
10
0
3
9
7
1
-3
0
15
9
-11
-5
12
3
-4
-4
-1
5
-8
-6
-3
0
8
5
4
-6
0
1
-3
3
-9
-3
11
7
5
-3
-5
4
4
0
-3
2
1
5
6
5
1
-8
-2
6
-2
0
-3
-8
7
-3
-8
-7
3
7
-2
-11
-2
-6
-15
2
-5
-2
-4
-5
7
-4
-13
-8
-3
1
1
-6
-1
3
4
-8
-2
6
1
-2
-9
5
-1
-14
1
10
7
-8
-11
3
-4
-6
-7
-7
-2
-4
5
-4
-9
2
-9
-7
3
-2
-1
-1
-4
4
3
-5
3
6
-5
-3
3
5
6
3
-3
-2
12
15
9
-2
3
13
8
5
9
9
3
9
20
13
2
6
-1
6
7
1
6
3
4
0
3
-2
-9
-4
-11
2
2
-8
-7
-4
-7
-9
-9
-1
-4
-12
-7
-10
-8
-16
-4
1
-14
-3
-7
-11
0
-7
-8
1
-4
0
-1
7
13
-4
-3
5
13
12
-8
5
11
2
4
1
4
9
-4
-3
2
-7
-1
-7
-10
-1
3
0
-8
-3
-3
-15
-5
7
2
1
-3
0
4
-7
-5
-5
-5
7
6
-2
-8
-5
-8
-5
-3
5
4
-6
-1
1
3
-8
-3
9
6
1
5
7
8
-1
-4
4
13
7
-1
-5
1
4
-13
-4
5
-8
-7
-6
-5
-4
-8
-7
-4
2
-1
1
4
-1
3
7
11
17
10
5
9
18
15
2
3
12
16
6
-3
11
-1
-9
-1
3
-2
-7
3
-1
-5
-5
-7
-6
-1
-2
-1
0
-4
5
-2
-8
0
3
2
4
4
-1
-4
-4
-1
4
-6
-3
9
-2
-5
-2
-8
1
8
5
2
2
6
2
4
0
4
9
0
14
5
-5
-1
-2
3
1
-8
-2
-5
-12
-6
-14
-7
-7
-10
-3
-11
-9
-5
-14
-5
6
-5
-8
-5
7
-3
-13
-1
6
7
-3
1
4
4
1
1
5
7
4
4
3
0
1
0
2
-1
3
0
2
3
0
4
-3
5
5
-1
3
3
-4
-5
-6
-6
-6
-15
-12
-10
-7
-4
-8
-4
-2
-4
5
1
-3
0
0
8
3
4
5
-2
6
1
2
2
-3
5
-3
-3
2
-9
-4
0
-6
-5
-2
1
0
-6
-2
3
6
8
9
9
8
5
9
9
2
3
10
9
7
8
4
5
5
12
9
0
11
16
4
0
6
6
3
2
4
7
10
1
12
17
10
26
25
28
29
14
13
7
2
-1
-22
-23
-27
-36
-52
-57
-46
-49
-51
-40
-33
-37
-32
-27
-22
-11
-3
-2
9
12
12
23
28
33
44
49
56
62
56
53
50
45
40
33
30
32
28
19
22
30
33
35
44
46
50
52
45
32
28
15
-7
-10
-33
-55
-75
-99
-116
-134
-149
-156
-164
-166
-169
-173
-166
-163
-146
-135
-118
-94
-78
-54
-39
-24
2
22
43
74
87
100
116
134
149
156
174
186
195
201
202
199
193
190
189
186
180
180
173
166
158
144
136
136
118
99
81
50
26
-6
-39
-72
-99
-130
-165
-187
-220
-253
-271
-292
-305
-312
-323
-323
-321
-316
-304
-287
-264
-231
-198
-168
-128
-91
-61
-27
8
36
63
91
109
130
147
158
181
195
214
232
243
262
261
263
268
258
261
253
237
234
229
214
196
183
173
163
148
131
107
78
47
11
-24
-59
-96
-132
-162
-195
-226
-250
-264
-272
-286
-296
-297
-291
-292
-299
-299
-281
-268
-260
-244
-223
-207
-191
-167
-143
-122
-101
-83
-58
-37
-23
-11
5
40
73
102
138
167
205
240
257
273
296
314
320
323
319
315
310
300
291
281
274
271
262
250
230
197
174
146
103
56
9
-26
-70
-112
-147
-182
-207
-233
-259
-281
-308
-334
-361
-385
-418
-452
-472
-487
-492
-493
-492
-477
-444
-408
-369
-332
-274
-228
-188
-148
-117
-79
-44
-6
44
99
146
194
251
302
352
406
448
474
482
487
481
448
429
409
378
352
334
319
312
314
302
286
281
268
253
241
226
193
174
152
128
121
105
89
85
92
72
48
20
-35
-92
-153
-225
-305
-397
-486
-581
-663
-736
-790
-827
-854
-861
-857
-837
-808
-759
-708
-659
-604
-550
-502
-457
-401
-351
-303
-248
-180
-90
23
137
242
357
476
577
672
737
787
828
842
832
798
746
705
658
600
554
507
475
449
423
396
356
337
316
284
242
189
138
96
70
24
-1
-18
-17
-4
7
19
27
50
47
17
-28
-64
-117
-172
-229
-313
-378
-432
-481
-537
-585
-636
-673
-700
-741
-781
-817
-839
-852
-861
-866
-857
-847
-814
-775
-718
-653
-592
-510
-434
-343
-238
-142
-38
67
183
340
502
638
751
870
1011
1113
1158
1172
1184
1182
1144
1079
1007
939
865
782
685
600
528
462
380
269
151
55
-21
-96
-176
-267
-328
-344
-350
-348
-328
-290
-216
-134
-52
4
47
80
113
135
96
57
17
-32
-82
-118
-142
-155
-159
-178
-191
-201
-216
-227
-274
-366
-454
-525
-609
-692
-751
-822
-868
-897
-903
-884
-854
-812
-805
-790
-767
-760
-740
-714
-660
-611
-503
-349
-178
26
258
524
769
978
1163
1349
1497
1535
1507
1504
1471
1364
1230
1100
975
855
729
612
490
361
237
105
-23
-196
-380
-518
-631
-758
-893
-955
-950
-930
-873
-749
-590
-388
-185
16
232
424
578
697
771
779
768
750
706
614
508
444
383
324
281
252
230
204
174
134
72
17
-66
-184
-309
-467
-603
-720
-837
-969
-1067
-1108
-1170
-1205
-1204
-1245
-1257
-1238
-1242
-1243
-1232
-1231
-1230
-1185
-1144
-1108
-939
-701
-468
-219
44
380
751
1112
1380
1591
1808
1968
2029
1984
1912
1804
1643
1442
1185
953
770
568
345
165
-17
-194
-286
-364
-481
-619
-722
-768
-801
-845
-891
-871
-800
-706
-590
-460
-293
-139
57
326
557
729
896
1068
1202
1293
1332
1302
1275
1204
1064
932
797
632
475
361
220
83
6
-39
-103
-177
-225
-278
-295
-312
-367
-437
-493
-541
-614
-672
-762
-898
-977
-1064
-1184
-1294
-1383
-1483
-1582
-1647
-1712
-1736
-1699
-1659
-1604
-1519
-1405
-1241
-992
-700
-408
-138
180
538
876
1194
1430
1637
1817
1947
1985
1944
1932
1873
1749
1568
1359
1194
1027
841
619
386
174
-49
-229
-405
-613
-811
-961
-1044
-1113
-1155
-1163
-1106
-1003
-861
-702
-528
-325
-134
91
350
589
768
903
1054
1175
1262
1307
1298
1273
1253
1209
1112
1017
922
815
724
598
452
349
288
189
58
-54
-157
-243
-289
-342
-448
-537
-599
-669
-744
-846
-992
-1134
-1228
-1347
-1508
-1641
-1765
-1861
-1911
-1950
-1973
-1931
-1840
-1758
-1653
-1518
-1356
-1108
-826
-543
-250
68
422
781
1154
1450
1723
1972
2159
2301
2368
2390
2346
2255
2110
1912
1704
1445
1190
907
583
263
-58
-331
-585
-831
-1054
-1227
-1348
-1434
-1464
-1447
-1384
-1284
-1151
-981
-800
-601
-395
-189
1
188
392
584
821
1071
1254
1407
1530
1626
1726
1812
1721
1548
1450
1320
1099
869
630
393
261
152
-36
-126
-128
-164
-170
-144
-176
-232
-186
-217
-380
-528
-669
-841
-1013
-1190
-1457
-1658
-1735
-1849
-1970
-2007
-2047
-2112
-2063
-1996
-2014
-1976
-1870
-1823
-1719
-1482
-1226
-927
-522
-139
231
694
1160
1561
1955
2284
2426
2547
2676
2662
2515
2339
2128
1831
1541
1219
886
619
342
-13
-323
-496
-677
-877
-1012
-1151
-1311
-1375
-1369
-1380
-1364
-1309
-1235
-1078
-868
-688
-490
-238
12
232
482
721
930
1160
1386
1587
1751
1880
1943
1978
1957
1825
1705
1563
1324
1091
882
642
458
338
181
85
78
7
-37
0
-39
-128
-170
-289
-475
-624
-804
-1026
-1236
-1414
-1618
-1778
-1837
-1919
-1986
-1988
-1993
-2048
-2064
-2052
-2130
-2168
-2154
-2198
-2234
-2150
-1974
-1721
-1331
-894
-453
99
667
1179
1673
2173
2556
2766
2938
3022
2977
2847
2670
2443
2184
1930
1604
1331
1159
919
622
383
166
-91
-310
-539
-826
-1100
-1354
-1566
-1701
-1769
-1818
-1826
-1710
-1522
-1287
-983
-644
-318
0
332
679
1058
1365
1559
1727
1841
1926
1974
1913
1723
1597
1470
1208
1049
905
697
594
538
373
296
386
311
204
179
38
-120
-167
-314
-588
-783
-947
-1161
-1299
-1411
-1597
-1756
-1774
-1795
-1882
-1919
-1995
-2150
-2231
-2273
-2429
-2529
-2497
-2553
-2595
-2485
-2326
-2061
-1616
-1140
-664
-40
639
1236
1834
2410
2887
3253
3488
3609
3619
3561
3396
3133
2863
2578
2194
1766
1448
1161
815
464
69
-313
-594
-898
-1258
-1567
-1842
-2142
-2327
-2402
-2433
-2380
-2258
-2056
-1759
-1402
-1012
-571
-116
293
707
1185
1682
2072
2304
2456
2574
2671
2683
2515
2298
2109
1869
1587
1361
1133
940
838
674
484
438
427
322
201
22
-198
-321
-439
-668
-929
-1159
-1364
-1514
-1602
-1717
-1862
-1973
-2021
-2061
-2154
-2235
-2351
-2483
-2589
-2723
-2859
-2906
-2905
-2936
-2893
-2761
-2530
-2132
-1644
-1112
-518
139
787
1435
2105
2660
3133
3446
3629
3773
3778
3626
3370
3093
2807
2467
2069
1659
1349
1053
714
358
4
-282
-567
-880
-1193
-1497
-1797
-2057
-2237
-2369
-2412
-2385
-2284
-2041
-1736
-1393
-979
-482
41
616
1221
1728
2140
2475
2718
2916
2990
2853
2630
2481
2260
1911
1590
1300
1074
942
789
555
462
468
365
244
107
-120
-339
-470
-692
-1026
-1258
-1454
-1655
-1774
-1887
-2046
-2126
-2100
-2150
-2235
-2283
-2390
-2499
-2564
-2652
-2800
-2872
-2834
-2844
-2830
-2721
-2559
-2290
-1892
-1430
-906
-254
440
1068
1703
2351
2911
3409
3775
3949
4036
4042
3898
3629
3358
3060
2650
2201
1792
1470
1183
849
440
81
-163
-424
-742
-1044
-1345
-1680
-1992
-2225
-2386
-2454
-2469
-2426
-2253
-1972
-1638
-1230
-675
-18
652
1212
1688
2131
2481
2785
2940
2815
2578
2428
2203
1835
1506
1166
863
762
645
397
329
434
396
324
278
101
-63
-121
-297
-618
-870
-1077
-1327
-1490
-1599
-1793
-1936
-1927
-1982
-2119
-2161
-2246
-2402
-2464
-2521
-2735
-2882
-2899
-2992
-3048
-3010
-2970
-2834
-2481
-2101
-1699
-1048
-321
353
1034
1766
2448
3096
3665
3991
4230
4412
4396
4167
3922
3689
3284
2797
2284
1834
1496
1140
682
232
-41
-313
-640
-894
-1158
-1494
-1818
-2081
-2300
-2422
-2489
-2574
-2522
-2315
-2052
-1715
-1227
-597
121
803
1357
1878
2343
2752
3075
3092
2838
2671
2524
2122
1712
1328
907
705
617
346
149
271
337
295
344
279
134
146
118
-176
-485
-677
-948
-1200
-1350
-1602
-1893
-1967
-2007
-2209
-2313
-2351
-2518
-2629
-2630
-2776
-2956
-2922
-2960
-3077
-3046
-3000
-2933
-2672
-2274
-1878
-1311
-583
81
749
1557
2388
3090
3663
4095
4414
4655
4742
4554
4277
4043
3649
3084
2547
2111
1718
1317
848
376
82
-156
-456
-730
-981
-1307
-1650
-1928
-2151
-2337
-2494
-2636
-2670
-2555
-2357
-2113
-1730
-1194
-551
131
748
1345
1857
2283
2647
2826
2743
2576
2428
2092
1670
1276
853
541
417
228
-14
32
173
216
309
374
308
318
395
222
-70
-273
-540
-852
-1072
-1325
-1650
-1835
-1926
-2137
-2285
-2323
-2458
-2603
-2653
-2740
-2922
-2975
-3010
-3131
-3178
-3170
-3176
-3019
-2657
-2266
-1752
-1078
-377
303
1125
2024
2814
3507
4023
4453
4781
4947
4905
4691
4508
4188
3656
3072
2579
2195
1745
1235
716
331
73
-246
-570
-865
-1183
-1541
-1877
-2178
-2455
-2675
-2895
-3013
-2995
-2895
-2729
-2420
-1931
-1260
-564
25
691
1337
1875
2383
2694
2630
2593
2642
2305
1890
1572
1115
803
745
489
165
285
462
459
616
722
661
764
922
758
474
349
87
-279
-515
-831
-1296
-1546
-1672
-2057
-2354
-2443
-2695
-2940
-2956
-3131
-3405
-3384
-3414
-3586
-3571
-3503
-3518
-3301
-2878
-2500
-1963
-1237
-534
154
1038
1975
2743
3417
4003
4466
4789
4982
4911
4707
4601
4270
3647
3058
2621
2185
1678
1146
580
222
2
-333
-636
-864
-1143
-1479
-1741
-1940
-2172
-2383
-2560
-2674
-2704
-2631
-2503
-2243
-1777
-1198
-572
34
717
1328
1876
2429
2796
2868
2798
2810
2571
2145
1790
1311
899
732
495
92
38
224
191
233
337
291
341
529
421
100
-34
-244
-594
-838
-1115
-1541
-1825
-1922
-2201
-2472
-2570
-2744
-2923
-2944
-2993
-3195
-3191
-3103
-3208
-3237
-3171
-3129
-2925
-2521
-2081
-1614
-968
-283
406
1298
2223
2984
3571
4167
4708
4979
5089
5015
4839
4663
4280
3598
2943
2566
2112
1502
923
387
53
-137
-390
-694
-939
-1185
-1496
-1717
-1918
-2188
-2471
-2676
-2776
-2853
-2851
-2725
-2452
-1987
-1332
-749
-158
607
1252
1826
2404
2738
2715
2799
2832
2431
2052
1651
1105
770
624
217
-178
-77
-4
-57
56
103
69
250
441
247
27
-9
-241
-538
-702
-994
-1426
-1571
-1671
-2027
-2213
-2295
-2547
-2703
-2697
-2890
-3115
-3037
-3055
-3178
-3128
-3093
-3040
-2749
-2255
-1826
-1369
-690
-26
720
1664
2527
3155
3735
4441
4857
5031
5156
5056
4901
4705
4191
3421
2876
2496
1883
1231
603
31
-322
-547
-844
-1182
-1434
-1712
-1992
-2159
-2312
-2550
-2767
-2828
-2913
-2984
-2865
-2642
-2241
-1651
-1067
-556
150
958
1561
2159
2661
2873
2992
3093
2952
2585
2257
1846
1389
1111
828
424
214
265
248
213
260
248
260
405
414
181
45
-88
-373
-617
-837
-1179
-1501
-1673
-1913
-2198
-2349
-2526
-2740
-2869
-2978
-3165
-3248
-3205
-3240
-3288
-3227
-3076
-2856
-2439
-1878
-1391
-822
-164
554
1401
2302
3015
3471
4077
4663
4919
5007
4986
4894
4721
4351
3704
3039
2670
2201
1498
819
247
-211
-541
-785
-1084
-1400
-1642
-1883
-2072
-2161
-2323
-2589
-2710
-2725
-2792
-2817
-2664
-2385
-1938
-1318
-847
-319
413
1050
1607
2190
2529
2568
2785
2884
2564
2263
1951
1516
1261
1086
585
231
340
346
252
292
284
222
364
479
262
104
45
-213
-489
-652
-968
-1410
-1590
-1798
-2221
-2463
-2646
-2944
-3118
-3200
-3458
-3616
-3504
-3505
-3564
-3480
-3341
-3114
-2657
-1997
-1506
-1013
-323
438
1284
2191
2935
3379
4004
4719
5004
5143
5271
5228
5056
4776
4220
3581
3222
2734
1980
1298
714
163
-285
-608
-980
-1335
-1601
-1891
-2130
-2269
-2423
-2689
-2815
-2820
-2951
-2995
-2806
-2519
-2171
-1619
-1143
-675
55
673
1144
1685
2128
2227
2389
2620
2445
2224
2040
1695
1425
1306
1010
654
700
725
581
625
702
653
648
727
581
401
364
120
-222
-439
-710
-1169
-1481
-1715
-2183
-2579
-2841
-3196
-3509
-3631
-3835
-4091
-4067
-4032
-4056
-3902
-3615
-3319
-2801
-2031
-1434
-850
-101
706
1557
2476
3204
3643
4259
4866
5133
5304
5461
5421
5178
4862
4339
3801
3444
2849
2033
1317
744
151
-383
-754
-1183
-1576
-1848
-2101
-2315
-2392
-2507
-2754
-2842
-2837
-2958
-2964
-2769
-2495
-2098
-1641
-1213
-716
-32
577
1095
1550
1816
2097
2324
2388
2275
2067
1851
1637
1469
1151
846
745
696
619
515
472
465
529
581
471
337
270
157
-61
-261
-527
-904
-1187
-1481
-1884
-2260
-2603
-2990
-3327
-3556
-3848
-4047
-4083
-4126
-4118
-4024
-3826
-3532
-3031
-2372
-1795
-1188
-516
238
1046
1890
2629
3174
3851
4463
4796
5062
5338
5506
5452
5220
4741
4304
4028
3513
2754
1988
1325
761
253
-205
-672
-1079
-1380
-1604
-1731
-1850
-1988
-2166
-2260
-2294
-2402
-2484
-2414
-2274
-2081
-1780
-1520
-1100
-501
-6
431
905
1241
1432
1745
1864
1723
1639
1468
1220
1080
899
544
358
383
285
216
245
255
296
424
480
381
372
340
143
-14
-155
-435
-799
-1065
-1437
-1923
-2226
-2561
-2962
-3223
-3460
-3745
-3867
-3812
-3855
-3859
-3675
-3491
-3150
-2598
-2063
-1591
-1053
-349
355
1118
1867
2406
3027
3722
4227
4557
4883
5198
5264
5174
4924
4512
4214
3811
3128
2367
1723
1127
538
107
-317
-760
-1083
-1289
-1421
-1473
-1522
-1686
-1775
-1767
-1842
-1999
-2035
-1937
-1834
-1661
-1498
-1254
-829
-355
56
424
744
988
1271
1431
1392
1302
1156
989
848
650
333
143
116
53
12
22
33
106
260
349
347
378
401
324
243
146
-102
-384
-598
-932
-1370
-1747
-2108
-2473
-2738
-2986
-3305
-3439
-3458
-3491
-3421
-3251
-3067
-2781
-2295
-1855
-1477
-999
-427
194
846
1445
1891
2476
3147
3603
3948
4322
4687
4862
4866
4671
4390
4234
3884
3229
2539
1925
1330
765
304
-143
-568
-895
-1123
-1224
-1225
-1250
-1345
-1378
-1332
-1386
-1503
-1519
-1440
-1338
-1256
-1207
-1050
-701
-354
-71
222
458
696
934
1015
981
906
742
570
449
235
-74
-221
-306
-418
-454
-451
-394
-261
-125
-68
-7
148
239
223
200
147
-3
-184
-373
-684
-1033
-1345
-1724
-2091
-2354
-2627
-2895
-3005
-3054
-3123
-3084
-2899
-2670
-2331
-1921
-1603
-1266
-873
-420
20
523
983
1284
1755
2253
2627
2989
3352
3713
3939
4077
4004
3862
3850
3597
3073
2499
1957
1438
925
459
-15
-402
-669
-880
-965
-916
-860
-878
-813
-681
-624
-608
-591
-514
-401
-377
-462
-449
-248
-98
12
102
108
291
484
462
400
341
217
96
27
-184
-417
-471
-576
-695
-738
-764
-720
-570
-391
-312
-230
-51
118
223
298
294
155
39
-99
-435
-786
-1104
-1479
-1850
-2129
-2441
-2740
-2811
-2859
-2888
-2778
-2585
-2307
-1876
-1405
-1057
-773
-410
37
461
879
1129
1330
1704
2072
2344
2600
2944
3255
3427
3549
3525
3528
3548
3279
2786
2305
1861
1353
872
456
18
-381
-683
-862
-901
-841
-804
-778
-679
-554
-455
-373
-223
-89
15
5
-40
79
190
230
266
269
192
233
279
105
-34
-120
-335
-497
-566
-798
-1042
-1028
-1078
-1225
-1188
-1151
-1136
-955
-727
-615
-441
-158
-25
72
269
344
251
181
61
-263
-560
-869
-1310
-1686
-1948
-2291
-2617
-2703
-2750
-2802
-2660
-2411
-2130
-1664
-1166
-817
-512
-110
298
651
1046
1255
1406
1709
1970
2133
2342
2680
2936
3084
3190
3167
3212
3262
3013
2542
2107
1689
1201
749
333
-97
-459
-687
-868
-940
-843
-782
-722
-554
-403
-325
-204
17
169
314
405
396
534
676
682
693
736
646
575
569
333
71
-71
-324
-586
-724
-965
-1275
-1313
-1323
-1481
-1496
-1430
-1385
-1235
-974
-828
-685
-380
-171
-71
117
262
209
162
126
-157
-477
-721
-1074
-1441
-1696
-2009
-2374
-2480
-2501
-2597
-2519
-2318
-2113
-1732
-1212
-835
-574
-190
243
603
1000
1226
1342
1617
1930
2066
2158
2443
2696
2807
2867
2829
2819
2864
2684
2240
1805
1429
981
545
182
-216
-602
-850
-993
-1036
-960
-901
-847
-667
-468
-358
-237
16
284
493
640
717
907
1163
1282
1325
1334
1273
1244
1192
968
682
433
129
-195
-429
-748
-1115
-1277
-1387
-1585
-1711
-1753
-1774
-1682
-1495
-1380
-1262
-998
-765
-622
-414
-244
-207
-180
-178
-331
-555
-761
-1059
-1363
-1579
-1831
-2091
-2214
-2252
-2280
-2236
-2072
-1853
-1520
-1035
-627
-324
11
420
809
1215
1555
1689
1889
2181
2321
2414
2600
2789
2884
2918
2839
2714
2712
2576
2187
1733
1301
887
474
97
-271
-649
-920
-1063
-1125
-1083
-958
-866
-722
-498
-331
-195
56
350
557
702
802
952
1221
1409
1468
1504
1493
1480
1435
1267
1029
771
446
74
-256
-592
-961
-1257
-1526
-1786
-1971
-2075
-2134
-2145
-2083
-1984
-1836
-1619
-1377
-1196
-995
-761
-613
-531
-463
-497
-621
-769
-946
-1193
-1406
-1587
-1811
-1939
-1973
-1987
-1960
-1855
-1671
-1466
-1098
-624
-266
43
344
657
1013
1435
1697
1810
2068
2287
2383
2518
2675
2816
2876
2820
2625
2495
2471
2233
1805
1336
886
478
93
-227
-567
-879
-1086
-1214
-1222
-1114
-999
-921
-731
-497
-382
-250
2
272
450
627
773
968
1289
1487
1575
1725
1883
1819
1686
1643
1398
1078
788
340
-78
-344
-718
-1197
-1435
-1585
-1864
-2002
-2030
-2112
-2074
-1922
-1843
-1754
-1539
-1369
-1241
-1001
-805
-795
-766
-685
-789
-953
-1052
-1250
-1492
-1628
-1776
-1934
-1890
-1823
-1862
-1763
-1523
-1327
-1001
-511
-155
115
408
727
1072
1501
1825
1922
2157
2478
2630
2727
2909
3089
3100
3021
2824
2583
2513
2311
1787
1221
792
367
-47
-343
-671
-1014
-1219
-1352
-1415
-1312
-1160
-1103
-950
-710
-563
-448
-207
115
378
596
755
940
1274
1562
1698
1768
1829
1857
1819
1697
1455
1155
828
487
140
-238
-630
-957
-1208
-1446
-1684
-1861
-1925
-1927
-1930
-1940
-1914
-1796
-1649
-1554
-1459
-1318
-1201
-1129
-1100
-1135
-1186
-1255
-1372
-1512
-1656
-1769
-1871
-1906
-1885
-1850
-1758
-1644
-1466
-1220
-919
-505
-131
191
488
788
1170
1567
1923
2114
2362
2665
2828
2987
3128
3251
3315
3227
2984
2672
2486
2237
1806
1283
743
310
-81
-377
-632
-879
-1079
-1223
-1251
-1170
-996
-889
-802
-633
-506
-383
-189
71
300
486
633
795
1122
1427
1561
1628
1709
1767
1774
1680
1439
1172
898
546
150
-210
-564
-925
-1224
-1479
-1719
-1859
-1914
-1940
-1963
-1939
-1874
-1783
-1633
-1526
-1462
-1363
-1236
-1177
-1167
-1164
-1226
-1308
-1381
-1504
-1639
-1723
-1775
-1841
-1840
-1779
-1714
-1608
-1484
-1329
-1161
-842
-421
-121
145
423
758
1196
1671
1988
2196
2585
2931
3098
3273
3416
3516
3522
3337
2941
2607
2433
2076
1528
965
489
134
-157
-379
-608
-792
-872
-922
-889
-764
-666
-672
-609
-527
-539
-504
-398
-242
-84
41
118
337
739
990
1130
1279
1423
1555
1597
1469
1226
1012
755
384
13
-339
-699
-1041
-1279
-1473
-1650
-1701
-1688
-1658
-1592
-1483
-1388
-1259
-1090
-1061
-1058
-971
-928
-960
-1038
-1142
-1272
-1369
-1479
-1638
-1731
-1776
-1838
-1876
-1825
-1740
-1684
-1615
-1555
-1472
-1316
-1059
-730
-457
-201
59
419
951
1510
1921
2207
2632
3069
3357
3555
3652
3719
3687
3443
3001
2588
2318
1938
1412
864
405
102
-122
-283
-408
-497
-580
-627
-577
-485
-428
-485
-547
-583
-642
-699
-712
-590
-441
-324
-209
46
474
819
1050
1232
1402
1576
1643
1534
1293
1030
705
308
-67
-469
-843
-1138
-1357
-1508
-1582
-1556
-1465
-1313
-1160
-1032
-896
-738
-610
-615
-663
-698
-760
-843
-970
-1141
-1319
-1419
-1531
-1653
-1680
-1709
-1730
-1710
-1667
-1630
-1619
-1606
-1632
-1645
-1600
-1529
-1341
-1088
-832
-563
-205
326
922
1539
2024
2436
2978
3438
3691
3792
3846
3845
3673
3311
2795
2397
2146
1750
1217
757
492
359
260
146
36
-7
-38
-80
-124
-188
-328
-551
-754
-918
-1085
-1224
-1235
-1092
-920
-763
-550
-174
310
682
917
1112
1299
1434
1398
1179
877
548
170
-234
-605
-943
-1200
-1343
-1410
-1405
-1299
-1121
-877
-606
-415
-300
-193
-77
-43
-144
-297
-449
-588
-753
-960
-1169
-1330
-1406
-1487
-1559
-1555
-1552
-1538
-1519
-1555
-1614
-1660
-1720
-1827
-1946
-2026
-2026
-1885
-1601
-1282
-919
-447
158
858
1573
2230
2729
3224
3709
3940
3979
3969
3889
3695
3362
2873
2379
2118
1896
1518
1138
895
798
769
706
580
447
312
135
-105
-382
-674
-1028
-1371
-1623
-1848
-2009
-2007
-1823
-1561
-1258
-959
-609
-84
399
707
889
1028
1089
1030
832
450
72
-242
-557
-853
-1071
-1192
-1222
-1116
-941
-751
-478
-175
78
241
331
381
394
348
124
-186
-415
-575
-752
-952
-1119
-1258
-1287
-1250
-1231
-1220
-1224
-1265
-1347
-1435
-1565
-1743
-1914
-2081
-2267
-2463
-2535
-2435
-2209
-1804
-1343
-859
-249
478
1248
1976
2641
3092
3462
3848
4028
4030
3926
3770
3554
3257
2871
2472
2292
2171
1917
1615
1412
1322
1212
1043
782
474
155
-241
-691
-1131
-1525
-1914
-2256
-2458
-2575
-2596
-2470
-2183
-1788
-1379
-1012
-629
-154
276
508
608
657
645
552
348
94
-117
-291
-464
-575
-560
-452
-265
-42
184
436
696
925
1080
1139
1095
969
799
597
331
9
-272
-498
-709
-881
-998
-1054
-1080
-1109
-1193
-1269
-1326
-1424
-1576
-1793
-2023
-2253
-2443
-2609
-2759
-2836
-2816
-2655
-2372
-1975
-1425
-801
-147
522
1199
1867
2503
3054
3402
3691
3936
3991
3948
3854
3722
3556
3335
3014
2733
2602
2399
2091
1745
1434
1142
800
400
-40
-485
-982
-1505
-1978
-2347
-2597
-2841
-3028
-3072
-3025
-2856
-2565
-2178
-1776
-1395
-1053
-705
-263
70
244
390
467
524
584
575
519
529
549
526
624
792
936
1089
1244
1364
1458
1556
1571
1478
1324
1103
848
586
317
-23
-377
-592
-754
-920
-1063
-1176
-1293
-1363
-1405
-1539
-1684
-1792
-1973
-2199
-2374
-2522
-2667
-2739
-2756
-2765
-2676
-2469
-2173
-1781
-1313
-769
-177
430
1049
1645
2230
2780
3250
3554
3795
4051
4151
4127
4042
3911
3766
3580
3251
2817
2512
2231
1800
1311
800
326
-110
-573
-1095
-1583
-1967
-2351
-2710
-2983
-3175
-3299
-3362
-3303
-3174
-3015
-2763
-2429
-2027
-1594
-1217
-884
-451
25
364
630
900
1138
1377
1552
1600
1645
1772
1849
1850
1887
1919
1903
1918
1930
1860
1765
1648
1459
1209
962
654
286
-15
-316
-674
-994
-1215
-1397
-1573
-1690
-1828
-1974
-2037
-2122
-2253
-2346
-2420
-2545
-2632
-2643
-2658
-2584
-2429
-2289
-2115
-1870
-1579
-1255
-878
-486
-86
431
983
1467
1909
2348
2784
3201
3555
3719
3823
3949
3916
3721
3487
3241
2949
2565
2062
1507
1106
751
262
-276
-744
-1128
-1516
-1896
-2250
-2565
-2818
-3065
-3296
-3413
-3395
-3347
-3279
-3107
-2872
-2565
-2162
-1661
-1125
-586
-85
377
930
1477
1880
2197
2490
2711
2837
2911
2884
2830
2823
2712
2547
2422
2288
2142
2011
1874
1637
1368
1132
860
531
172
-233
-634
-979
-1312
-1671
-1939
-2091
-2231
-2351
-2391
-2390
-2346
-2243
-2165
-2102
-1990
-1869
-1790
-1683
-1535
-1436
-1353
-1221
-1087
-924
-720
-530
-336
-95
167
425
741
1122
1466
1754
2014
2219
2409
2604
2716
2668
2586
2505
2287
1998
1737
1448
1157
849
431
-2
-293
-527
-880
-1280
-1651
-1985
-2242
-2486
-2760
-2992
-3124
-3198
-3224
-3145
-2951
-2669
-2297
-1864
-1418
-944
-386
225
818
1347
1753
2070
2425
2754
2921
3003
3070
3057
3008
2968
2860
2719
2639
2514
2296
2113
1939
1693
1449
1198
794
332
-57
-451
-871
-1265
-1658
-2039
-2256
-2342
-2428
-2425
-2291
-2125
-1951
-1690
-1414
-1191
-950
-756
-666
-600
-534
-543
-572
-549
-561
-572
-473
-324
-194
-48
108
239
366
465
479
492
520
526
532
520
493
459
457
506
590
648
651
695
735
718
649
525
390
213
-73
-465
-821
-1098
-1402
-1733
-2050
-2290
-2383
-2387
-2332
-2175
-1921
-1623
-1281
-867
-435
-3
388
744
1049
1281
1452
1617
1825
1971
2037
2088
2186
2377
2546
2615
2649
2759
2838
2771
2645
2469
2252
1970
1556
1047
585
194
-267
-744
-1136
-1451
-1659
-1754
-1798
-1835
-1766
-1584
-1385
-1167
-969
-804
-650
-462
-339
-329
-302
-254
-234
-249
-275
-303
-279
-185
-153
-166
-121
-69
-45
-48
-96
-218
-348
-456
-643
-871
-1092
-1305
-1493
-1611
-1651
-1683
-1613
-1424
-1244
-1063
-828
-583
-378
-180
-54
-41
-25
-51
-177
-333
-464
-577
-673
-692
-679
-606
-436
-231
-15
202
445
658
813
934
982
963
918
853
758
684
666
658
700
800
935
1118
1353
1586
1780
1984
2128
2202
2217
2156
2001
1782
1503
1145
832
571
265
-43
-266
-398
-439
-415
-411
-415
-296
-137
-70
-43
-18
-29
-47
-51
-133
-222
-224
-219
-238
-219
-170
-118
-28
79
117
127
144
121
21
-118
-300
-525
-734
-951
-1224
-1463
-1626
-1779
-1915
-2008
-2053
-2078
-2047
-2042
-2077
-2080
-2085
-2101
-2076
-2019
-1973
-1881
-1689
-1466
-1215
-908
-557
-144
305
706
1017
1345
1678
1898
2009
2054
2048
2004
1895
1678
1440
1295
1147
928
742
645
594
587
593
568
577
645
702
739
788
810
774
761
761
733
687
655
636
615
599
547
504
540
578
561
545
558
589
628
662
639
605
610
599
565
526
451
332
241
167
63
-50
-146
-241
-322
-376
-425
-441
-406
-373
-368
-349
-323
-307
-316
-361
-468
-615
-780
-988
-1230
-1470
-1725
-1983
-2205
-2397
-2563
-2670
-2717
-2735
-2702
-2609
-2468
-2292
-2070
-1841
-1621
-1374
-1124
-897
-688
-486
-295
-111
68
245
455
687
896
1061
1218
1414
1609
1734
1805
1887
1946
1903
1792
1661
1563
1479
1311
1071
877
778
694
600
509
478
518
562
586
626
685
743
770
756
738
722
693
660
642
619
583
577
604
643
683
720
772
842
893
894
895
912
892
809
679
539
402
244
65
-113
-267
-422
-558
-665
-728
-763
-778
-764
-738
-697
-644
-577
-528
-512
-540
-625
-723
-837
-1009
-1214
-1415
-1595
-1774
-1942
-2070
-2118
-2098
-2046
-1951
-1804
-1607
-1388
-1189
-1002
-819
-646
-501
-405
-343
-303
-292
-290
-273
-256
-262
-251
-210
-145
-41
92
215
355
519
686
846
1000
1120
1196
1272
1337
1332
1276
1252
1236
1183
1119
1072
1047
1071
1097
1064
1065
1138
1192
1183
1157
1131
1094
1048
955
826
712
606
479
356
269
220
179
161
164
182
208
236
260
252
230
192
153
111
20
-115
-249
-358
-458
-579
-706
-821
-884
-932
-979
-984
-942
-872
-806
-735
-660
-586
-488
-407
-358
-309
-273
-263
-253
-254
-290
-336
-367
-412
-477
-547
-618
-681
-726
-760
-794
-805
-793
-786
-793
-780
-760
-736
-705
-674
-651
-607
-546
-489
-410
-310
-214
-121
-18
76
166
257
353
418
446
455
465
497
537
578
627
697
765
840
925
1029
1158
1267
1341
1399
1451
1469
1425
1353
1259
1144
1012
849
676
529
401
274
165
95
54
42
51
61
83
112
136
138
94
24
-60
-149
-244
-371
-516
-642
-718
-787
-832
-826
-780
-689
-561
-433
-293
-117
52
169
278
364
411
423
391
316
244
198
145
81
34
21
8
21
54
71
89
110
105
61
-5
-97
-229
-374
-539
-722
-886
-1035
-1177
-1297
-1383
-1438
-1439
-1394
-1340
-1246
-1129
-1001
-848
-694
-555
-427
-281
-129
-8
97
193
289
374
462
542
601
676
741
782
812
849
874
887
891
845
779
721
649
576
508
425
348
301
264
219
200
183
165
146
107
50
-18
-77
-148
-222
-295
-345
-392
-421
-418
-408
-379
-319
-249
-165
-59
60
179
302
434
548
653
729
795
853
902
944
974
992
1001
1014
1016
1003
986
959
918
873
814
731
642
546
447
346
237
109
-22
-141
-264
-388
-506
-635
-766
-892
-1022
-1167
-1312
-1443
-1547
-1636
-1712
-1767
-1794
-1769
-1707
-1624
-1512
-1365
-1212
-1068
-906
-724
-540
-339
-155
-2
162
337
486
608
728
820
892
947
969
959
944
918
858
773
671
540
382
221
43
-163
-364
-569
-780
-973
-1158
-1301
-1398
-1450
-1495
-1494
-1430
-1345
-1221
-1088
-935
-746
-548
-368
-187
9
189
360
541
695
849
1013
1190
1343
1491
1631
1758
1883
2002
2078
2128
2180
2214
2213
2187
2141
2064
1973
1859
1716
1551
1372
1172
952
733
514
289
50
-200
-448
-679
-881
-1073
-1258
-1434
-1592
-1714
-1803
-1877
-1927
-1945
-1933
-1895
-1821
-1720
-1580
-1385
-1184
-988
-781
-560
-333
-116
72
211
328
436
515
557
591
609
610
605
592
576
564
560
527
454
377
294
185
55
-106
-293
-486
-676
-875
-1062
-1230
-1388
-1528
-1636
-1712
-1749
-1756
-1747
-1704
-1609
-1486
-1363
-1227
-1069
-906
-741
-586
-467
-324
-162
-20
112
247
381
540
744
942
1139
1370
1606
1840
2060
2242
2401
2529
2625
2657
2641
2575
2468
2334
2158
1942
1701
1468
1226
984
736
479
240
30
-178
-400
-619
-822
-1015
-1192
-1365
-1529
-1644
-1712
-1741
-1747
-1711
-1626
-1484
-1293
-1081
-842
-570
-286
-4
256
497
722
923
1089
1198
1261
1289
1305
1286
1228
1140
1021
873
709
530
334
126
-88
-305
-533
-742
-939
-1129
-1311
-1473
-1613
-1734
-1807
-1849
-1881
-1881
-1854
-1801
-1715
-1605
-1498
-1394
-1271
-1132
-988
-841
-689
-538
-386
-243
-113
42
195
323
454
572
679
783
883
955
1024
1084
1103
1134
1177
1189
1197
1203
1182
1166
1159
1121
1084
1064
1015
941
863
768
660
551
400
215
26
-156
-330
-508
-669
-822
-946
-1012
-1050
-1055
-1014
-929
-824
-687
-521
-356
-171
17
182
333
483
613
735
852
944
1036
1125
1202
1253
1284
1305
1318
1323
1300
1238
1153
1048
930
788
602
384
150
-87
-334
-588
-833
-1045
-1224
-1372
-1480
-1562
-1599
-1592
-1563
-1503
-1428
-1337
-1228
-1121
-1029
-930
-819
-718
-618
-512
-396
-260
-101
52
187
325
461
591
703
795
858
880
881
835
749
645
526
388
233
81
-57
-183
-284
-365
-417
-451
-474
-465
-451
-449
-449
-458
-452
-441
-460
-480
-480
-471
-452
-434
-414
-371
-284
-182
-74
42
160
290
436
560
676
788
873
935
978
999
990
962
914
836
753
681
604
536
474
402
350
333
317
301
284
262
223
188
143
93
57
1
-88
-164
-221
-270
-300
-328
-369
-394
-390
-381
-349
-312
-274
-228
-185
-136
-75
-3
63
113
152
170
180
191
206
211
206
198
186
188
207
222
210
207
208
195
180
148
87
9
-77
-175
-284
-402
-524
-626
-732
-829
-889
-937
-969
-983
-982
-975
-958
-926
-907
-874
-833
-798
-749
-684
-596
-511
-414
-292
-153
-4
155
315
471
623
752
856
915
943
952
937
902
838
746
641
542
441
332
236
158
83
16
-56
-119
-158
-193
-235
-282
-316
-334
-334
-330
-309
-268
-216
-142
-45
73
198
327
458
587
709
823
916
992
1036
1037
1012
961
894
808
710
598
485
385
280
178
87
5
-84
-165
-221
-278
-331
-385
-453
-505
-539
-574
-617
-640
-637
-634
-627
-612
-585
-550
-518
-493
-469
-456
-461
-489
-524
-556
-590
-620
-648
-664
-686
-693
-663
-612
-551
-488
-416
-323
-238
-168
-120
-84
-58
-51
-52
-50
-38
-33
-25
-7
34
94
161
244
329
413
488
540
574
578
562
503
423
334
230
114
-4
-106
-189
-240
-256
-239
-187
-108
-2
130
271
422
574
711
822
907
964
994
1003
985
947
901
845
792
736
695
657
608
558
500
450
390
301
189
72
-49
-176
-302
-412
-501
-557
-592
-609
-591
-544
-472
-394
-319
-255
-189
-138
-114
-104
-108
-119
-157
-208
-253
-290
-306
-324
-344
-365
-375
-381
-393
-408
-441
-484
-545
-625
-706
-789
-870
-937
-982
-1014
-1026
-998
-945
-873
-779
-679
-576
-466
-352
-259
-190
-139
-102
-78
-70
-73
-86
-96
-106
-125
-128
-118
-91
-58
-10
62
140
226
322
429
539
639
735
826
904
976
1024
1050
1074
1085
1074
1037
989
924
850
768
674
569
468
372
265
170
83
14
-42
-76
-84
-76
-46
-11
36
87
128
164
187
197
193
175
140
106
78
41
16
1
4
20
62
113
160
222
267
301
326
330
315
261
177
64
-61
-190
-332
-462
-581
-677
-750
-803
-829
-819
-782
-729
-651
-567
-486
-409
-348
-304
-274
-260
-263
-281
-317
-372
-409
-432
-458
-472
-475
-456
-417
-363
-303
-237
-165
-92
-25
39
89
128
150
166
172
172
182
205
230
252
284
327
370
409
435
451
449
427
386
325
257
180
106
24
-50
-107
-167
-197
-205
-201
-190
-174
-153
-133
-101
-75
-54
-22
-1
8
7
9
32
69
102
135
175
220
265
306
337
363
399
422
414
388
342
286
221
140
64
-9
-69
-112
-142
-154
-151
-125
-80
-36
18
65
106
141
169
186
179
163
131
84
34
-18
-70
-128
-171
-206
-232
-241
-246
-248
-241
-213
-181
-140
-109
-92
-81
-81
-66
-47
-52
-63
-67
-70
-70
-49
-34
-12
18
41
59
76
96
108
110
112
115
128
151
169
183
212
249
279
297
303
309
302
270
232
191
140
82
20
-50
-112
-162
-210
-238
-252
-259
-251
-241
-224
-213
-213
-208
-204
-199
-203
-215
-235
-273
-303
-320
-327
-322
-307
-273
-220
-154
-72
20
110
192
259
316
364
391
402
399
380
347
300
263
226
187
150
114
89
79
80
72
60
56
58
56
43
20
-15
-54
-91
-127
-163
-200
-234
-260
-286
-296
-296
-295
-286
-263
-248
-228
-197
-177
-159
-146
-127
-100
-58
-19
20
63
107
167
221
266
297
332
363
375
378
378
369
359
337
301
268
242
218
188
159
135
102
68
32
-14
-61
-119
-179
-240
-304
-362
-420
-475
-522
-565
-597
-614
-608
-584
-552
-494
-423
-324
-214
-100
25
155
291
413
520
601
660
698
720
719
697
664
616
566
513
459
411
367
327
293
257
221
183
140
95
47
-9
-71
-128
-188
-233
-280
-310
-327
-339
-338
-328
-301
-274
-233
-196
-169
-136
-104
-69
-36
-16
-7
-2
3
5
10
10
7
5
6
7
3
0
-6
-7
3
8
13
21
31
36
39
36
28
29
17
-6
-34
-77
-117
-159
-214
-269
-325
-390
-460
-531
-601
-653
-687
-712
-714
-704
-680
-636
-574
-490
-397
-301
-205
-107
-7
81
162
241
314
370
420
467
511
554
595
643
669
699
729
754
766
754
732
684
621
553
470
374
262
141
26
-81
-174
-247
-312
-365
-393
-405
-408
-385
-356
-331
-300
-254
-200
-139
-68
-8
55
119
200
289
367
446
508
567
605
625
629
606
571
517
446
358
268
183
95
22
-44
-95
-128
-149
-159
-163
-160
-159
-166
-183
-210
-260
-331
-416
-509
-605
-686
-760
-823
-877
-900
-888
-844
-775
-700
-599
-494
-386
-289
-209
-143
-98
-76
-71
-71
-74
-80
-77
-74
-59
-19
50
134
223
319
416
505
573
625
641
629
589
527
441
327
206
81
-38
-141
-241
-317
-369
-395
-410
-414
-403
-393
-379
-352
-329
-316
-301
-282
-262
-250
-224
-172
-112
-37
45
146
260
373
493
599
688
772
835
873
892
891
875
831
786
735
677
625
572
530
493
452
408
371
333
297
243
173
96
6
-86
-190
-297
-404
-509
-600
-675
-728
-759
-770
-747
-698
-633
-566
-492
-420
-346
-269
-214
-179
-158
-148
-148
-159
-169
-176
-180
-175
-162
-143
-126
-94
-49
-7
34
76
109
134
146
145
131
105
69
26
-24
-84
-150
-206
-251
-292
-318
-340
-348
-345
-332
-323
-316
-303
-287
-269
-257
-240
-223
-211
-202
-184
-162
-142
-110
-69
-27
22
77
130
194
263
330
390
447
506
558
602
646
686
709
719
724
727
722
711
679
631
578
522
457
388
315
251
172
102
39
-21
-67
-102
-124
-150
-166
-180
-190
-200
-199
-208
-212
-213
-219
-230
-238
-237
-229
-213
-187
-160
-130
-97
-62
-36
-5
30
48
63
59
40
9
-25
-62
-117
-173
-225
-271
-307
-343
-368
-376
-375
-359
-325
-296
-260
-226
-198
-184
-186
-190
-197
-213
-233
-259
-274
-283
-284
-274
-260
-235
-194
-154
-108
-68
-30
6
30
39
44
51
48
44
44
53
72
93
119
159
205
253
302
351
393
433
454
461
454
441
418
385
352
307
260
224
193
180
168
167
176
184
204
215
219
216
222
218
199
172
148
122
94
57
12
-27
-48
-52
-41
-31
-12
5
24
36
57
73
92
89
72
50
24
-1
-34
-70
-113
-145
-169
-188
-201
-215
-228
-231
-232
-234
-235
-242
-247
-254
-271
-296
-322
-335
-353
-359
-371
-373
-369
-357
-340
-321
-301
-265
-225
-186
-138
-89
-47
-19
19
51
84
124
149
162
179
193
208
220
231
235
239
241
243
249
262
263
266
268
276
281
286
292
293
292
281
270
263
266
267
261
257
254
244
232
224
222
210
189
165
154
143
124
100
61
28
4
-24
-42
-63
-83
-93
-100
-103
-104
-104
-104
-104
-86
-69
-56
-55
-60
-56
-62
-72
-87
-113
-143
-175
-215
-256
-283
-306
-345
-379
-399
-414
-426
-434
-443
-447
-436
-420
-399
-380
-367
-351
-342
-322
-299
-270
-241
-216
-188
-159
-124
-93
-46
-1
30
61
95
129
155
174
184
192
195
201
210
205
195
188
187
198
208
221
225
224
233
257
274
286
292
291
277
272
268
256
244
226
201
171
164
157
143
140
138
144
155
168
180
184
195
199
197
190
183
177
164
149
137
117
106
98
97
106
119
124
127
126
116
104
87
57
4
-61
-126
-203
-278
-352
-416
-459
-503
-539
-559
-568
-559
-541
-510
-470
-429
-382
-338
-302
-273
-251
-236
-214
-205
-201
-197
-186
-164
-142
-117
-84
-46
-4
36
76
122
156
192
217
221
218
204
187
163
128
93
59
31
9
-4
-8
-8
4
23
40
56
73
96
109
115
120
117
103
76
53
26
-3
-18
-26
-27
-26
-11
10
42
80
113
142
175
202
229
259
294
314
325
334
343
346
348
351
333
315
295
263
222
180
136
84
25
-23
-84
-151
-213
-272
-325
-381
-421
-454
-500
-532
-557
-568
-550
-523
-500
-465
-426
-380
-328
-273
-211
-156
-108
-67
-30
7
47
91
133
166
195
221
250
289
326
362
386
401
408
406
399
391
374
348
305
252
206
163
129
90
45
-11
-61
-101
-130
-156
-171
-166
-161
-161
-155
-147
-133
-112
-99
-88
-81
-78
-67
-62
-49
-40
-23
-7
16
39
56
84
109
132
155
172
194
219
233
234
232
235
221
203
182
137
87
39
2
-52
-99
-142
-186
-222
-260
-281
-309
-341
-354
-374
-390
-402
-419
-434
-459
-475
-486
-488
-484
-483
-475
-458
-431
-390
-329
-264
-195
-116
-41
36
110
179
240
286
328
359
383
409
421
430
436
435
429
419
413
399
385
370
350
325
283
244
206
167
122
79
34
-22
-70
-102
-133
-152
-153
-142
-131
-109
-82
-54
-17
26
74
115
146
165
164
168
174
177
173
168
173
173
174
187
206
215
228
238
240
219
194
158
113
65
17
-40
-97
-151
-202
-231
-252
-258
-262
-266
-256
-243
-231
-227
-219
-222
-235
-247
-272
-306
-344
-381
-407
-427
-431
-430
-425
-402
-370
-328
-273
-209
-154
-103
-56
-19
16
39
48
43
34
22
10
12
28
32
31
42
55
75
95
108
125
132
136
138
133
132
124
112
105
97
91
86
87
86
83
92
116
145
166
188
202
215
225
231
235
235
229
216
210
199
179
164
141
122
106
86
69
39
11
-17
-45
-58
-64
-65
-57
-46
-35
-20
-1
21
51
76
99
117
124
127
128
124
120
105
83
55
28
2
-21
-36
-38
-48
-56
-46
-36
-23
-1
7
12
9
8
5
-14
-19
-34
-59
-79
-101
-122
-137
-141
-140
-149
-146
-144
-141
-139
-135
-143
-150
-150
-159
-170
-178
-191
-202
-211
-203
-179
-164
-132
-96
-62
-12
55
114
167
213
251
278
306
329
336
339
331
312
289
268
240
207
179
150
116
84
44
2
-42
-87
-133
-181
-229
-271
-312
-358
-391
-419
-428
-425
-404
-371
-331
-272
-216
-156
-94
-31
23
74
119
147
168
184
183
176
161
157
147
140
132
124
122
124
135
148
156
157
156
151
131
116
102
66
37
0
-29
-71
-106
-131
-149
-171
-188
-208
-224
-235
-222
-210
-204
-199
-194
-202
-199
-193
-192
-189
-176
-162
-157
-133
-108
-80
-40
4
47
95
137
177
204
244
272
292
316
330
340
346
355
357
357
358
346
335
318
303
285
253
214
167
103
52
2
-51
-107
-146
-186
-224
-243
-258
-267
-272
-252
-247
-227
-210
-190
-176
-154
-133
-108
-92
-65
-45
-16
19
58
103
130
169
197
219
237
250
257
248
224
202
160
126
82
52
22
-5
-36
-64
-86
-109
-131
-144
-158
-173
-193
-210
-232
-243
-264
-280
-285
-291
-286
-279
-262
-249
-222
-186
-148
-109
-70
-40
-16
3
20
29
31
24
19
6
-1
-2
1
1
10
25
34
51
80
106
120
140
149
150
149
140
123
102
84
52
30
11
-3
-9
-17
-20
-23
-12
-7
1
7
9
7
7
-7
-18
-31
-51
-57
-64
-60
-53
-35
-13
11
41
77
115
166
197
219
234
239
250
240
238
215
183
149
115
89
69
49
33
7
-9
-18
-25
-32
-36
-37
-45
-63
-62
-67
-77
-92
-97
-102
-107
-98
-89
-83
-72
-49
-35
-18
2
21
33
39
51
55
45
36
30
21
7
5
-8
-14
-19
-23
-40
-44
-57
-71
-87
-95
-117
-140
-159
-174
-190
-199
-208
-208
-208
-202
-178
-162
-138
-115
-92
-70
-43
-16
0
26
43
62
72
81
87
104
122
140
155
164
162
170
184
194
188
172
153
131
103
81
53
26
-3
-33
-65
-99
-116
-133
-135
-147
-153
-166
-176
-188
-170
-161
-152
-154
-144
-133
-109
-93
-60
-40
-16
4
29
54
77
103
121
139
156
151
150
140
128
119
99
87
57
42
23
15
6
9
-6
-15
-21
-17
-18
-19
-31
-41
-53
-77
-97
-121
-141
-163
-172
-179
-191
-189
-185
-171
-156
-129
-103
-81
-54
-39
-17
-16
0
4
4
6
12
15
14
31
50
73
99
134
165
194
214
237
247
260
261
244
224
192
159
114
73
36
8
-19
-43
-67
-101
-104
-120
-115
-137
-142
-162
-179
-197
-213
-221
-239
-238
-238
-233
-222
-209
-185
-147
-98
-41
-1
41
82
122
149
176
191
204
198
188
169
147
130
117
100
87
77
67
61
50
54
49
40
18
0
-34
-55
-80
-94
-118
-132
-152
-155
-159
-158
-146
-143
-119
-113
-102
-89
-78
-63
-51
-46
-44
-41
-36
-37
-12
-5
13
29
38
57
80
102
121
145
165
172
169
161
149
136
122
108
87
61
37
28
14
0
-11
-18
-33
-30
-34
-41
-47
-57
-68
-74
-84
-90
-97
-108
-118
-117
-127
-126
-131
-117
-104
-94
-73
-52
-28
-10
12
22
43
44
48
34
41
35
43
36
41
27
19
13
3
2
0
-1
-10
-13
-22
-17
-18
-8
-7
-3
1
14
30
38
48
56
69
73
75
79
79
82
68
66
53
36
17
2
-5
-22
-25
-39
-43
-40
-37
-41
-41
-33
-33
-30
-35
-38
-42
-46
-48
-45
-46
-46
-45
-49
-39
-22
-14
4
14
20
26
39
46
36
41
28
17
-4
-29
-48
-69
-86
-105
-110
-115
-98
-85
-69
-54
-35
-18
-4
3
19
9
8
0
-16
-24
-40
-43
-59
-63
-68
-64
-57
-41
-30
-24
-6
4
21
33
26
18
0
-15
-18
-22
-32
-28
-37
-29
-9
17
44
83
115
144
169
188
208
211
217
213
197
184
156
133
109
99
89
74
57
52
55
49
54
47
29
12
5
-17
-29
-61
-85
-110
-143
-155
-164
-151
-139
-114
-82
-60
-26
9
57
82
111
124
125
122
124
107
93
69
46
27
1
3
-5
4
2
12
20
23
33
38
34
26
18
1
-11
-29
-43
-67
-82
-102
-113
-117
-113
-105
-95
-84
-68
-46
-33
-15
-13
-12
-16
-16
-23
-20
-19
-20
-27
-14
-6
4
20
48
67
87
111
136
165
185
208
211
219
219
222
216
212
200
202
183
179
173
155
140
124
114
102
75
52
19
-3
-31
-53
-76
-101
-118
-130
-129
-129
-123
-118
-104
-84
-64
-43
-24
-10
9
8
14
11
30
31
40
40
45
36
41
50
58
69
64
68
54
40
28
4
-12
-31
-63
-91
-120
-143
-163
-182
-192
-194
-187
-170
-154
-121
-110
-77
-75
-48
-42
-34
-28
-30
-31
-45
-44
-54
-49
-54
-39
-42
-26
-9
17
49
73
95
117
134
150
162
158
153
142
139
121
114
107
98
94
83
82
77
85
86
92
93
91
87
77
79
52
37
14
2
-18
-34
-48
-60
-74
-82
-87
-86
-86
-79
-71
-66
-59
-57
-56
-52
-47
-48
-51
-52
-47
-54
-54
-53
-42
-36
-26
-15
-14
-8
-2
3
-14
-10
-19
-26
-37
-49
-55
-79
-86
-93
-85
-81
-67
-50
-39
-26
-13
-4
0
6
7
6
-4
-19
-29
-45
-59
-72
-83
-88
-84
-72
-68
-48
-35
-12
-3
16
26
36
42
46
36
21
13
3
-10
-24
-30
-35
-48
-47
-41
-31
-23
-7
9
17
30
39
57
64
73
75
78
79
86
88
93
90
92
93
102
102
108
101
99
91
82
71
54
46
29
16
-9
-20
-40
-56
-79
-91
-111
-130
-144
-160
-169
-175
-177
-184
-188
-180
-176
-171
-159
-139
-124
-100
-71
-49
-21
3
32
52
66
87
92
103
98
106
107
108
109
105
98
95
105
98
105
98
101
97
104
101
104
96
89
71
51
33
15
-4
-21
-41
-61
-73
-86
-93
-108
-103
-108
-108
-105
-103
-93
-84
-68
-57
-40
-24
0
7
29
34
49
59
81
90
96
108
101
101
89
90
80
77
78
64
59
48
54
42
39
35
26
15
-1
-13
-44
-60
-100
-118
-147
-174
-196
-225
-233
-249
-251
-258
-240
-231
-212
-191
-158
-132
-112
-90
-78
-62
-51
-39
-40
-29
-29
-32
-29
-25
-11
1
21
38
59
72
95
108
117
128
130
125
112
100
78
59
36
16
-12
-23
-42
-49
-56
-59
-65
-76
-64
-66
-53
-53
-48
-56
-50
-47
-42
-31
-17
-11
2
7
27
43
55
71
85
96
104
109
113
112
108
105
85
81
63
61
55
60
55
58
61
63
70
65
78
77
73
62
52
41
33
18
9
-6
-19
-27
-40
-42
-45
-43
-35
-24
-15
-19
-14
-13
-16
-26
-34
-48
-52
-67
-73
-86
-77
-78
-76
-68
-50
-29
-26
-10
-3
11
19
19
21
11
-4
-18
-45
-59
-78
-95
-105
-111
-116
-124
-124
-110
-95
-81
-73
-53
-38
-24
-17
-6
8
24
28
36
53
61
71
83
102
120
135
142
159
166
160
156
152
143
126
101
72
45
20
-4
-22
-39
-50
-68
-69
-74
-72
-64
-61
-45
-43
-34
-34
-20
-17
-5
-2
0
9
4
10
13
26
33
40
43
50
57
57
54
41
39
31
13
-2
-25
-37
-49
-49
-54
-55
-47
-46
-34
-26
-15
-15
-7
-6
-16
-13
-33
-35
-63
-71
-91
-102
-119
-125
-131
-135
-123
-129
-109
-94
-77
-67
-50
-33
-16
-5
13
30
47
66
80
92
107
124
142
161
174
192
199
209
213
216
217
214
208
188
178
165
158
144
133
112
98
88
71
57
41
23
8
-5
-23
-35
-41
-37
-45
-44
-39
-35
-30
-23
-18
-9
0
14
21
34
35
33
33
28
20
13
1
-6
-15
-19
-19
-20
-11
-1
16
19
30
33
38
47
41
42
27
9
-13
-43
-62
-83
-105
-130
-150
-167
-164
-162
-160
-153
-150
-142
-135
-118
-106
-99
-84
-88
-80
-87
-78
-75
-64
-48
-43
-24
-22
9
5
41
55
75
84
86
84
75
83
71
68
56
42
34
22
28
27
34
36
52
60
68
84
89
102
103
104
90
96
86
81
70
64
60
50
60
63
69
74
87
93
90
93
79
72
61
47
24
5
2
-17
-13
-17
-13
0
7
34
42
74
81
93
87
85
77
63
48
26
-7
-42
-72
-92
-102
-125
-119
-124
-124
-121
-113
-108
-95
-97
-81
-89
-90
-98
-100
-112
-112
-114
-121
-111
-105
-96
-90
-65
-48
-32
-16
-8
6
12
8
-3
-19
-36
-46
-68
-84
-101
-114
-124
-119
-113
-108
-95
-83
-58
-42
-28
-8
9
21
31
36
38
45
47
51
54
66
63
76
70
76
79
84
86
88
81
74
68
63
64
55
55
41
36
28
32
35
45
49
61
62
66
74
74
78
80
68
63
42
41
17
9
-8
-20
-19
-29
-18
-15
-4
-1
4
10
10
12
14
10
2
-10
-18
-28
-35
-34
-36
-30
-25
-17
-13
-2
12
28
30
41
38
37
28
25
11
-5
-23
-46
-64
-82
-88
-94
-94
-97
-87
-87
-79
-67
-55
-43
-30
-26
-18
-16
-10
-6
-2
-2
6
7
12
13
20
26
32
40
42
40
38
42
43
38
27
18
-1
-3
-8
-9
-9
-11
-8
-4
4
9
18
21
23
23
14
22
22
24
11
7
-4
-17
-25
-23
-19
-21
-11
-13
2
0
11
19
25
30
27
19
17
19
11
12
1
-3
-14
-9
-9
-4
-4
-7
-3
-11
-11
-9
-8
-10
-19
-20
-37
-41
-48
-49
-59
-64
-68
-72
-79
-84
-77
-79
-73
-73
-64
-57
-45
-37
-30
-18
-11
-4
-5
5
8
3
3
7
3
2
1
-5
3
3
13
9
22
23
29
38
39
41
35
44
38
43
39
31
24
17
7
0
-7
-13
-14
-19
-8
-13
0
1
16
18
24
35
41
50
47
49
49
49
52
48
53
46
43
39
33
19
18
16
24
27
25
26
20
29
25
36
33
37
27
24
12
4
-1
-6
-6
-19
-21
-30
-29
-29
-25
-19
-20
-12
-14
-6
-2
5
3
7
-2
2
-7
-8
-8
-19
-22
-39
-40
-53
-54
-64
-67
-79
-78
-80
-74
-62
-54
-48
-42
-32
-25
-12
-1
5
14
11
15
13
19
20
18
16
12
12
9
13
10
13
9
4
4
3
8
3
11
5
6
1
4
4
4
6
1
-5
-8
-7
-10
-5
-8
-7
-15
-17
-19
-21
-15
-9
-4
-7
-4
-2
-4
-3
-6
4
6
14
18
25
30
31
47
53
66
71
82
88
98
104
113
116
122
121
118
107
97
90
74
65
46
32
7
-15
-35
-51
-63
-76
-82
-87
-89
-88
-85
-82
-77
-68
-60
-54
-43
-33
-25
-18
-9
-3
2
5
8
9
16
17
17
14
18
14
17
15
21
17
14
16
14
19
18
21
17
16
12
6
1
-3
-2
-10
-18
-27
-37
-45
-58
-67
-82
-85
-95
-97
-102
-99
-94
-99
-86
-91
-78
-81
-69
-58
-53
-45
-50
-40
-36
-20
-8
2
11
20
33
46
62
79
91
103
112
123
131
132
128
123
111
101
83
69
54
40
25
8
-2
-17
-27
-38
-42
-45
-46
-44
-41
-35
-27
-23
-13
-6
2
7
12
17
22
20
23
21
23
24
29
32
33
30
28
22
24
25
24
25
16
15
5
7
5
6
3
1
1
-4
-7
-14
-19
-27
-31
-41
-42
-52
-54
-61
-63
-69
-73
-76
-77
-75
-73
-74
-74
-77
-78
-80
-79
-76
-74
-68
-64
-53
-45
-31
-18
-3
5
22
31
51
63
79
86
93
96
98
96
90
84
71
55
38
26
10
-7
-21
-32
-41
-42
-45
-47
-46
-42
-41
-37
-29
-18
-8
3
16
25
32
42
53
62
71
79
77
77
75
75
70
66
64
59
58
47
45
36
34
28
24
25
21
25
19
26
17
16
4
-1
-4
-17
-20
-36
-40
-49
-51
-55
-54
-55
-54
-53
-48
-41
-41
-32
-37
-29
-40
-41
-53
-57
-62
-67
-64
-68
-62
-63
-50
-38
-20
-2
12
21
34
44
47
52
49
46
34
26
6
-8
-23
-39
-48
-62
-64
-74
-75
-79
-77
-78
-76
-70
-61
-53
-47
-42
-35
-32
-25
-21
-10
1
15
28
45
60
78
90
102
116
127
131
133
134
131
130
119
110
97
88
74
68
58
53
44
37
34
31
25
19
13
10
3
-1
-7
-13
-18
-28
-31
-41
-36
-40
-33
-34
-25
-29
-23
-23
-9
-5
-1
1
-2
2
-2
-2
-10
-7
-10
-8
-9
-3
-6
-4
-4
2
1
3
-2
0
-8
-12
-27
-39
-56
-65
-77
-88
-95
-103
-100
-101
-95
-94
-83
-85
-74
-72
-65
-61
-54
-52
-43
-41
-37
-35
-30
-24
-14
-6
3
9
17
28
39
49
50
57
57
63
56
61
53
52
45
42
41
40
39
35
32
26
29
23
23
16
10
1
-7
-14
-16
-20
-21
-24
-22
-23
-19
-14
-4
0
6
10
14
19
20
14
12
8
3
3
-1
0
-1
4
6
16
23
27
31
35
39
42
42
40
31
23
15
2
-10
-16
-26
-34
-39
-41
-45
-45
-41
-38
-35
-35
-30
-34
-33
-41
-45
-54
-58
-61
-67
-71
-74
-74
-74
-65
-62
-52
-50
-40
-27
-19
-11
-10
-8
-4
0
8
9
19
22
28
31
39
43
47
46
55
55
55
53
46
44
34
29
16
13
5
9
8
11
11
17
18
26
30
36
40
48
51
52
45
42
41
34
32
27
33
31
41
36
44
44
49
49
51
49
46
42
31
23
10
-3
-12
-20
-29
-34
-45
-45
-46
-41
-40
-37
-32
-26
-20
-20
-16
-16
-13
-17
-20
-27
-25
-33
-36
-43
-46
-49
-54
-56
-61
-63
-65
-66
-69
-71
-72
-70
-72
-68
-67
-62
-60
-53
-48
-43
-34
-23
-16
-13
-5
-3
3
3
7
10
14
17
16
21
22
25
25
33
39
40
46
51
59
60
63
64
70
71
72
71
72
72
70
69
68
68
66
65
64
66
68
67
66
61
60
53
49
39
37
32
28
26
21
25
21
29
21
25
23
29
33
38
47
50
54
51
54
48
45
39
40
37
34
30
29
21
13
4
-4
-14
-27
-34
-41
-41
-49
-55
-60
-63
-66
-69
-68
-63
-58
-51
-45
-36
-34
-35
-39
-41
-44
-46
-48
-49
-45
-42
-41
-40
-40
-37
-39
-32
-26
-16
-12
-3
1
3
5
4
6
7
8
6
10
11
16
16
22
22
25
25
27
25
18
17
17
19
12
7
0
-3
-9
-14
-17
-16
-12
-8
-3
2
8
12
15
16
20
25
29
32
35
37
39
40
42
45
49
51
53
54
58
58
61
60
54
47
38
26
11
-3
-10
-18
-22
-26
-30
-33
-35
-37
-40
-41
-42
-43
-43
-41
-46
-48
-56
-61
-68
-73
-76
-74
-66
-57
-48
-40
-30
-21
-12
-2
13
25
41
51
60
65
66
64
61
55
47
44
41
42
41
40
36
32
25
18
9
2
-6
-8
-7
-8
-9
-13
-18
-22
-26
-31
-32
-29
-23
-12
-6
1
7
12
15
19
26
36
46
53
57
61
63
62
60
58
61
62
64
65
64
55
45
33
23
11
3
-7
-12
-17
-23
-28
-34
-43
-48
-50
-51
-50
-51
-48
-51
-53
-57
-62
-66
-73
-76
-82
-77
-77
-70
-65
-60
-54
-50
-41
-35
-24
-12
-1
11
20
27
27
26
25
25
25
27
27
25
27
24
20
15
13
10
9
5
3
1
-4
-10
-16
-22
-26
-28
-35
-36
-38
-39
-38
-36
-30
-24
-10
-5
5
11
20
24
34
42
53
61
66
70
72
79
80
83
81
84
80
80
75
72
63
56
46
36
29
22
16
7
1
-4
-7
-12
-15
-22
-26
-33
-34
-36
-33
-28
-23
-22
-21
-23
-28
-32
-35
-33
-31
-23
-22
-18
-22
-20
-24
-22
-22
-17
-12
-5
1
3
4
3
2
-1
2
0
0
0
0
0
-4
-10
-15
-23
-28
-36
-37
-40
-38
-42
-43
-45
-47
-52
-61
-67
-74
-74
-78
-77
-76
-70
-69
-65
-62
-54
-47
-37
-26
-13
-1
5
11
9
14
14
20
18
20
16
15
12
10
10
11
9
5
4
2
3
-1
-1
-4
-3
-8
-11
-15
-19
-23
-29
-30
-33
-28
-25
-20
-14
-8
-5
1
4
7
11
14
16
15
16
13
14
12
12
10
13
13
15
16
23
28
33
38
40
40
38
34
30
26
24
20
22
21
18
14
9
6
3
0
1
3
5
8
6
5
0
-1
-5
-5
-8
-8
-8
-6
-4
-2
2
2
4
3
8
9
13
15
18
18
17
13
4
-4
-11
-19
-24
-25
-25
-21
-20
-17
-20
-20
-26
-29
-33
-33
-34
-37
-39
-43
-47
-53
-58
-61
-61
-59
-53
-45
-35
-26
-20
-12
-10
-8
-8
-9
-8
-7
-7
-3
-1
-2
-5
-12
-16
-19
-18
-13
-2
9
16
20
19
14
7
0
-6
-7
-11
-10
-13
-14
-20
-26
-31
-32
-28
-21
-11
-3
6
10
14
11
12
11
14
13
14
14
15
17
21
26
31
38
44
52
57
59
57
56
52
50
44
38
28
18
6
-2
-9
-10
-10
-8
-6
-6
-4
-5
-7
-12
-16
-20
-24
-29
-30
-34
-37
-38
-39
-38
-36
-31
-26
-17
-8
3
15
24
31
34
33
30
22
17
10
8
4
4
3
3
1
-1
-3
-2
0
5
9
11
13
8
3
-6
-13
-21
-27
-32
-33
-36
-35
-34
-31
-28
-27
-24
-24
-19
-14
-6
0
4
8
9
9
8
8
12
16
23
31
39
42
44
44
42
39
36
36
34
31
27
26
18
13
6
0
-9
-13
-18
-20
-22
-24
-28
-31
-33
-33
-33
-33
-34
-36
-38
-42
-42
-43
-39
-34
-30
-23
-16
-9
-5
0
2
4
8
11
15
17
18
17
14
9
4
1
-3
-2
1
2
4
5
2
-2
-6
-9
-11
-10
-9
-10
-12
-18
-23
-27
-31
-32
-32
-32
-30
-29
-28
-29
-30
-29
-28
-21
-17
-9
-4
5
10
17
23
30
36
43
48
50
50
52
53
54
56
59
62
63
61
53
47
38
32
25
21
16
15
12
9
5
0
-6
-12
-19
-24
-28
-32
-33
-32
-33
-33
-30
-29
-25
-19
-10
-1
8
15
22
25
27
26
27
25
24
22
20
19
17
16
13
9
4
2
-3
-4
-5
-3
-3
-1
-4
-5
-11
-17
-26
-35
-40
-42
-40
-37
-33
-32
-33
-39
-43
-48
-51
-48
-43
-36
-29
-23
-21
-19
-20
-19
-17
-15
-11
-4
2
8
17
23
31
37
40
41
43
42
41
39
33
28
22
18
15
15
13
12
11
8
4
-2
-7
-14
-17
-21
-22
-22
-22
-20
-21
-21
-22
-19
-18
-11
-5
3
11
21
28
35
41
46
51
54
55
49
44
35
30
25
26
26
30
29
28
22
16
8
0
-6
-10
-10
-9
-7
-6
-6
-9
-14
-22
-29
-38
-41
-44
-40
-33
-25
-16
-7
-3
-3
-4
-8
-10
-11
-12
-9
-6
0
3
5
5
7
6
8
9
9
10
6
5
1
1
0
4
6
11
11
10
5
-3
-12
-20
-22
-25
-21
-17
-14
-12
-12
-17
-22
-29
-33
-36
-31
-27
-17
-8
1
5
8
9
9
10
11
14
18
21
24
22
23
21
21
21
21
21
19
15
10
5
1
0
1
7
13
20
22
19
12
3
-8
-15
-22
-22
-19
-16
-11
-10
-10
-15
-19
-24
-25
-24
-19
-12
-5
3
10
13
15
16
19
19
19
19
19
17
15
10
8
4
3
3
5
5
7
7
2
-3
-7
-9
-11
-8
-6
-1
1
2
-1
-4
-11
-14
-16
-15
-13
-8
-4
0
2
4
4
1
-1
-2
-3
-3
-4
-5
-5
-4
-3
1
3
7
11
13
13
11
9
6
6
5
6
9
14
13
13
7
2
-5
-11
-16
-16
-11
-4
4
12
16
18
18
14
9
6
5
4
5
5
5
1
-3
-7
-11
-13
-15
-15
-13
-11
-10
-9
-10
-8
-7
-3
1
6
8
9
7
3
-1
-4
-7
-5
0
7
13
17
16
15
8
3
-4
-6
-7
-3
1
4
8
8
10
5
2
-3
-6
-6
-5
-2
1
3
5
2
-1
-4
-4
-5
-7
-9
-13
-16
-19
-19
-20
-16
-13
-8
-4
-1
-1
-1
-3
-4
-4
-3
0
5
8
12
12
10
8
5
2
-2
-5
-6
-6
-5
-2
0
3
4
3
3
3
2
0
-2
-3
-3
-3
-5
-4
-5
-6
-8
-9
-9
-11
-11
-12
-11
-11
-6
0
7
13
16
16
17
11
8
4
3
4
6
9
12
13
15
15
12
9
5
3
0
-1
-3
-3
-3
-1
2
3
3
2
0
-3
-5
-6
-5
-4
-1
2
6
9
10
10
5
1
-2
-5
-7
-7
-8
-4
-1
4
10
15
15
13
9
4
-1
-4
-4
-4
-4
-3
-1
-3
-3
-7
-10
-13
-14
-14
-11
-8
-2
2
8
10
10
9
6
2
-3
-6
-8
-7
-4
1
5
8
10
9
6
3
-1
-3
-6
-7
-9
-9
-11
-12
-13
-16
-14
-14
-13
-15
-15
-17
-15
-13
-6
0
6
10
12
11
9
5
0
-5
-8
-8
-5
0
7
13
18
19
18
16
12
9
6
4
4
6
8
8
6
2
-2
-8
-13
-15
-16
-14
-10
-6
-2
1
1
1
0
-2
-2
-4
-6
-8
-8
-8
-7
-5
0
4
9
13
14
14
10
7
6
7
8
9
11
11
11
10
7
5
1
-2
-3
-1
2
6
8
10
10
9
9
7
1
-5
-9
-13
-15
-15
-13
-13
-11
-9
-6
-3
1
3
5
7
9
11
13
15
15
16
19
20
20
20
16
13
11
9
12
13
17
21
21
18
13
7
1
-3
-6
-9
-9
-10
-10
-10
-9
-9
-9
-10
-10
-8
-8
-5
-6
-5
-4
-2
0
3
4
3
2
2
4
3
6
8
10
10
10
12
14
12
11
8
6
2
-3
-7
-12
-18
-21
-20
-17
-15
-13
-14
-14
-15
-16
-14
-11
-9
-7
-7
-7
-10
-11
-11
-10
-8
-8
-7
-8
-6
-5
-1
2
5
9
11
12
11
8
7
6
5
5
6
6
5
3
3
4
5
7
8
9
7
6
4
4
3
1
2
2
0
-1
-2
-5
-10
-10
-8
-5
-2
2
4
6
9
10
10
11
12
11
9
8
8
8
9
11
13
15
17
15
15
13
12
11
11
12
12
9
7
2
-2
-7
-9
-9
-9
-11
-14
-15
-15
-15
-12
-10
-6
-5
-6
-7
-9
-9
-10
-9
-8
-5
-4
-3
-3
-3
-3
-3
-3
-2
0
0
-2
-3
-4
-5
-5
-5
-5
-6
-9
-13
-14
-16
-17
-18
-16
-14
-12
-12
-10
-10
-11
-12
-11
-9
-10
-10
-12
-15
-16
-14
-11
-7
-4
-3
-4
-7
-9
-10
-8
-5
-3
0
1
0
-2
-1
-2
-3
-2
-1
0
-1
-1
-1
1
2
3
4
5
3
1
-2
-3
-3
-3
1
4
3
1
0
-1
-1
-1
1
2
5
9
8
8
8
8
8
12
14
15
17
15
13
11
11
12
13
14
15
12
10
8
5
4
3
3
3
0
-1
-3
-5
-7
-6
-3
-1
-2
-2
-4
-6
-6
-5
-1
1
4
5
7
6
5
4
6
7
7
6
3
-1
-4
-5
-3
-2
-1
-2
-4
-6
-9
-12
-13
-15
-14
-13
-14
-14
-17
-19
-21
-21
-21
-21
-20
-19
-19
-17
-15
-13
-9
-9
-7
-7
-9
-9
-9
-9
-9
-7
-4
-1
0
1
1
0
0
2
5
7
9
11
11
9
9
8
9
7
8
8
7
5
2
2
2
3
4
5
4
2
1
0
-2
-4
-4
-3
-4
-6
-7
-8
-9
-8
-4
0
3
5
5
5
4
3
4
5
6
6
6
5
4
2
1
1
1
-1
-1
-2
-3
-5
-4
-3
-3
-4
-5
-8
-12
-15
-17
-18
-18
-17
-15
-14
-13
-13
-10
-9
-9
-5
-2
-1
-1
1
3
3
4
5
5
5
4
4
4
4
5
7
9
13
15
15
15
15
13
11
9
9
8
10
9
8
8
7
7
6
7
8
9
8
8
7
7
5
4
4
2
1
-3
-4
-7
-9
-11
-9
-8
-6
-5
-4
-6
-7
-5
-3
-1
-1
0
-2
-4
-6
-6
-6
-5
-3
-2
0
0
0
1
0
1
-1
1
0
-1
-3
-5
-6
-8
-8
-9
-13
-14
-15
-16
-16
-15
-11
-8
-5
-2
0
0
0
1
0
0
1
1
2
4
5
6
5
6
5
6
7
7
8
8
7
8
8
8
8
7
3
1
0
-3
-5
-4
-2
1
2
4
5
4
3
2
3
4
4
4
3
2
0
1
1
1
1
0
-1
-3
-2
-3
-1
0
1
2
2
1
0
-2
-3
-4
-2
-2
-1
0
-2
-2
-1
1
2
4
7
9
9
8
7
6
6
6
5
4
2
0
-1
-2
-1
0
1
1
1
1
3
4
3
4
4
4
6
7
7
5
2
1
1
2
5
6
6
6
5
4
2
3
3
4
3
1
-2
-4
-6
-6
-6
-7
-7
-6
-8
-9
-9
-8
-7
-6
-2
1
2
1
2
0
1
1
3
2
3
2
2
2
2
4
5
6
6
5
2
1
-1
-1
-3
-2
-2
-3
-4
-5
-8
-8
-8
-7
-4
-2
-1
-2
-2
-2
-2
0
3
3
4
4
3
0
-1
-1
0
2
4
4
3
3
4
3
3
3
5
5
4
2
1
0
0
2
5
4
4
3
0
-2
-1
0
2
4
4
3
3
2
-1
-2
-2
-1
-1
-2
-4
-5
-6
-6
-4
-3
-1
-1
-2
-2
-2
-1
0
3
5
5
6
5
3
4
3
4
5
6
7
6
5
4
2
1
1
2
1
1
0
-2
-3
-5
-6
-7
-6
-5
-5
-6
-7
-8
-9
-6
-2
-1
1
1
1
1
0
1
3
5
5
6
4
3
3
4
4
5
8
8
7
6
4
4
5
6
4
5
4
1
-1
-4
-4
-4
-2
0
0
0
-2
-4
-4
-4
-3
-2
1
-1
-1
-2
-3
-4
-5
-4
-3
-3
-2
-3
-3
-3
-1
-1
0
2
1
1
1
-1
-2
-1
1
1
1
1
0
-1
-2
-3
-1
0
3
3
3
2
1
0
-2
0
1
2
2
1
-1
-3
-3
-2
0
4
5
5
5
4
2
2
3
4
5
6
5
4
3
0
1
1
2
2
1
1
0
0
-2
-2
0
0
2
0
-2
-3
-5
-4
-4
-3
-3
-4
-3
-4
-6
-4
-3
-2
1
1
1
-1
-1
-2
-2
-2
0
1
2
2
0
-1
-2
-3
-2
0
1
2
1
1
0
0
-2
-1
-2
-1
0
0
-2
-3
-4
-3
-1
0
1
1
0
0
0
-1
1
2
5
4
2
1
0
1
1
3
5
7
9
8
8
6
8
10
11
12
13
12
11
9
8
8
8
9
9
8
7
6
5
4
3
3
4
3
1
0
0
-2
-3
-3
-3
-4
-5
-5
-6
-6
-7
-5
-5
-4
-3
-3
-5
-6
-7
-7
-6
-6
-5
-5
-6
-7
-9
-8
-9
-8
-6
-4
-3
-4
-6
-7
-9
-10
-9
-7
-7
-5
-6
-6
-8
-8
-8
-8
-5
-5
-4
-5
-5
-5
-5
-7
-5
-4
-1
-1
0
0
1
2
3
6
8
9
11
12
12
13
14
15
16
16
16
16
15
16
17
18
17
18
16
16
15
14
14
14
14
12
11
10
8
7
6
5
5
5
6
5
4
3
0
0
0
-1
-1
-2
-2
-3
-6
-8
-9
-10
-10
-10
-10
-9
-10
-12
-12
-13
-14
-13
-12
-12
-13
-13
-15
-15
-17
-17
-16
-15
-15
-15
-16
-16
-16
-17
-15
-16
-16
-16
-15
-15
-13
-14
-13
-12
-11
-9
-9
-7
-6
-4
-3
0
2
5
7
8
10
11
12
13
16
16
16
17
17
18
17
18
19
20
20
21
21
20
21
22
24
24
23
23
23
22
21
20
20
19
21
19
18
16
15
14
11
10
8
7
7
5
3
3
0
-2
-4
-4
-6
-6
-6
-7
-9
-12
-13
-15
-16
-17
-17
-18
-19
-20
-21
-23
-26
-28
-29
-29
-31
-30
-30
-30
-30
-31
-31
-30
-30
-29
-27
-26
-24
-23
-22
-21
-19
-18
-15
-11
-8
-6
-3
-1
1
3
6
8
10
11
14
16
17
19
19
19
20
22
23
24
26
26
27
26
27
27
26
27
29
28
28
28
27
26
24
25
24
23
21
21
21
19
17
16
14
11
9
8
9
8
7
6
4
1
-1
-1
-3
-5
-7
-9
-10
-13
-14
-15
-17
-20
-23
-23
-25
-26
-28
-28
-31
-34
-35
-37
-38
-37
-35
-35
-33
-34
-33
-34
-32
-30
-29
-27
-26
-24
-21
-19
-17
-15
-13
-12
-9
-6
-2
1
4
6
7
9
11
12
13
15
16
18
19
21
23
23
25
24
24
23
23
23
23
25
26
27
26
25
24
24
24
23
23
21
22
22
22
21
19
18
16
15
13
14
14
13
11
10
9
8
7
4
3
1
0
-1
-4
-4
-6
-8
-11
-12
-15
-17
-19
-20
-21
-22
-23
-26
-28
-29
-30
-29
-29
-29
-30
-29
-29
-29
-29
-30
-29
-28
-27
-25
-21
-19
-17
-16
-15
-15
-14
-12
-10
-7
-5
-3
-1
-1
0
0
1
1
4
4
7
8
9
9
9
10
9
8
8
9
9
12
12
13
12
10
11
11
12
11
12
13
12
13
13
13
12
12
11
11
12
13
14
12
12
9
9
8
7
7
7
6
5
5
3
1
0
-2
-3
-4
-7
-7
-8
-8
-9
-10
-11
-12
-14
-14
-15
-13
-12
-13
-14
-14
-13
-13
-12
-12
-11
-10
-8
-5
-3
-1
-1
0
-1
1
0
1
5
5
7
9
9
9
9
9
10
10
12
11
12
12
12
12
12
10
9
8
7
7
8
7
7
6
4
3
1
1
1
1
2
3
3
3
3
1
1
1
1
0
0
0
1
0
-1
-1
-2
-3
-4
-3
-3
-2
-3
-3
-7
-7
-8
-8
-9
-10
-10
-10
-12
-11
-10
-12
-13
-12
-12
-13
-13
-12
-13
-12
-11
-10
-10
-9
-7
-7
-6
-5
-3
0
0
1
3
4
4
7
10
10
11
11
13
14
16
16
16
16
17
17
17
17
17
17
17
16
14
13
13
11
11
12
10
9
8
7
6
6
4
4
1
1
0
-1
-2
-4
-4
-5
-7
-7
-9
-10
-11
-12
-12
-11
-12
-13
-14
-16
-16
-16
-16
-16
-17
-19
-19
-20
-19
-19
-19
-19
-19
-19
-18
-18
-17
-16
-15
-14
-13
-12
-11
-9
-6
-3
-3
1
1
2
3
7
9
12
15
17
19
20
22
24
25
27
28
27
28
29
30
29
29
29
28
27
26
25
24
23
21
19
17
15
13
10
8
6
4
1
-1
-3
-5
-7
-8
-10
-11
-13
-15
-15
-16
-15
-17
-18
-18
-21
-21
-20
-20
-18
-18
-18
-17
-17
-17
-17
-17
-16
-15
-15
-14
-13
-12
-10
-9
-8
-8
-8
-7
-7
-5
-3
-2
-1
0
0
1
2
3
4
6
8
8
10
10
11
12
13
15
15
16
17
15
16
17
17
17
17
16
16
16
17
17
16
16
15
16
15
13
11
9
7
6
4
2
2
0
-3
-4
-5
-7
-9
-9
-10
-11
-11
-13
-14
-15
-13
-15
-15
-15
-15
-15
-15
-15
-14
-14
-14
-12
-13
-11
-11
-10
-9
-8
-6
-5
-4
-3
-3
-2
-1
0
0
1
1
2
3
3
4
5
7
8
6
7
7
9
