-57
-61
-62
-64
-64
-66
-65
-64
-64
-63
-63
-63
-61
-59
-59
-57
-54
-51
-49
-45
-42
-39
-33
-31
-27
-23
-19
-15
-12
-8
-3
0
5
9
14
16
19
21
26
30
32
36
40
42
44
47
48
50
51
53
53
54
55
56
55
56
54
53
51
50
49
47
45
43
39
37
34
31
27
25
21
18
15
11
8
4
1
-4
-8
-13
-16
-18
-22
-26
-28
-32
-34
-36
-40
-43
-43
-44
-46
-48
-48
-49
-50
-50
-51
-51
-51
-50
-50
-49
-47
-46
-44
-41
-40
-39
-37
-36
-33
-30
-28
-25
-22
-18
-15
-12
-10
-6
-2
0
2
7
9
12
15
18
22
25
27
30
33
34
38
40
43
45
46
48
49
50
49
50
50
50
49
48
48
47
46
44
44
42
39
37
34
32
30
27
23
20
18
16
12
10
7
4
0
-3
-7
-11
-15
-18
-19
-22
-24
-26
-29
-31
-32
-34
-37
-38
-40
-41
-41
-41
-40
-39
-40
-37
-38
-38
-38
-37
-37
-36
-36
-34
-32
-29
-27
-25
-22
-21
-18
-16
-14
-13
-11
-9
-7
-4
0
3
5
8
10
13
15
16
18
19
22
23
25
28
30
30
30
31
30
32
32
33
33
33
33
33
33
32
32
30
29
28
26
26
25
24
24
23
21
18
17
15
13
10
9
7
6
7
5
3
2
0
-2
-5
-7
-9
-11
-12
-13
-13
-15
-16
-16
-18
-20
-22
-24
-25
-25
-25
-25
-25
-27
-28
-29
-28
-28
-29
-31
-31
-31
-31
-28
-30
-28
-28
-26
-26
-25
-25
-24
-24
-23
-22
-20
-18
-16
-14
-12
-11
-9
-8
-7
-6
-5
-2
1
3
6
9
11
13
14
17
18
19
22
24
25
26
29
31
30
31
32
33
33
32
34
35
34
33
33
33
34
33
34
31
30
29
27
25
22
22
20
19
17
15
14
10
8
5
3
0
-3
-4
-7
-10
-12
-14
-16
-19
-22
-23
-25
-26
-28
-29
-29
-30
-30
-32
-31
-32
-33
-34
-34
-35
-35
-35
-34
-33
-31
-30
-30
-30
-28
-27
-26
-24
-21
-20
-17
-16
-14
-11
-9
-7
-3
-2
0
1
4
6
8
11
11
13
14
15
17
17
19
19
21
22
21
23
23
23
23
23
23
22
21
20
18
17
17
17
15
14
13
9
9
7
5
5
3
1
0
-2
-4
-6
-7
-8
-9
-11
-12
-12
-14
-13
-15
-16
-15
-15
-15
-15
-15
-14
-14
-14
-13
-13
-11
-10
-9
-8
-9
-8
-7
-7
-6
-4
-2
0
0
4
6
7
8
9
10
10
11
11
13
15
15
17
17
18
18
17
18
20
21
21
20
21
22
22
22
22
21
20
20
20
19
18
18
17
16
17
16
16
15
13
12
11
8
8
6
4
3
1
1
-1
-3
-4
-5
-6
-8
-9
-10
-13
-13
-14
-16
-16
-18
-19
-21
-22
-23
-23
-23
-25
-24
-24
-23
-22
-23
-22
-21
-21
-19
-18
-18
-16
-15
-16
-14
-13
-12
-12
-10
-9
-8
-7
-5
-2
1
2
5
7
10
11
13
14
14
16
16
19
18
19
20
22
22
24
26
25
25
25
25
25
24
24
22
21
21
20
18
15
15
13
10
8
6
4
3
0
-1
-3
-4
-7
-10
-12
-14
-15
-18
-20
-22
-24
-26
-27
-28
-29
-31
-32
-33
-33
-34
-34
-34
-33
-33
-33
-34
-32
-32
-33
-31
-31
-27
-27
-25
-23
-20
-19
-17
-16
-13
-11
-8
-5
-2
2
4
6
8
11
12
13
17
19
22
23
24
27
29
32
34
36
37
39
40
41
42
42
43
43
44
41
41
40
38
38
38
38
37
36
35
33
30
29
28
24
21
17
15
12
10
6
3
0
-3
-5
-7
-9
-13
-14
-16
-17
-19
-21
-24
-27
-29
-29
-32
-33
-37
-39
-41
-41
-42
-42
-42
-42
-43
-42
-42
-41
-40
-40
-39
-39
-38
-39
-38
-37
-35
-34
-31
-30
-29
-28
-27
-25
-22
-19
-17
-14
-12
-10
-6
-2
0
2
4
7
8
12
14
18
20
23
27
30
33
35
38
40
43
45
46
47
47
47
48
50
51
50
48
45
45
47
47
47
44
43
43
43
41
37
36
32
29
26
22
18
14
12
12
9
6
1
-4
-6
-8
-11
-13
-17
-20
-24
-27
-28
-31
-34
-38
-40
-41
-44
-44
-46
-48
-50
-49
-49
-49
-51
-52
-52
-51
-49
-49
-49
-49
-49
-47
-45
-42
-40
-37
-35
-33
-30
-25
-21
-19
-16
-14
-11
-8
-3
2
4
7
10
14
18
22
24
26
30
33
36
40
42
43
45
48
51
54
55
55
55
57
59
60
59
56
56
55
55
52
51
48
45
46
44
41
37
33
29
28
25
22
19
13
10
6
5
2
-4
-8
-13
-14
-19
-22
-24
-28
-31
-34
-36
-39
-41
-43
-45
-46
-47
-48
-50
-50
-52
-51
-51
-51
-50
-50
-50
-49
-48
-46
-47
-46
-45
-43
-40
-36
-33
-31
-27
-25
-21
-19
-16
-14
-11
-8
-4
0
2
4
6
9
9
12
15
18
20
21
24
24
28
30
31
30
32
33
35
37
38
38
37
36
36
35
35
34
34
34
32
31
28
28
26
25
25
23
21
17
17
14
14
12
9
7
4
2
0
-2
-6
-8
-11
-14
-15
-17
-20
-22
-22
-23
-25
-25
-27
-29
-29
-30
-31
-32
-32
-33
-30
-30
-29
-29
-28
-29
-27
-26
-24
-22
-20
-18
-16
-16
-16
-17
-15
-12
-8
-3
-1
1
0
2
2
4
8
10
12
14
16
18
20
21
21
22
23
25
26
27
28
28
29
28
28
27
28
29
29
29
27
25
23
24
21
20
18
17
16
15
14
12
9
6
4
2
0
-2
-2
-3
-5
-7
-9
-11
-13
-14
-15
-18
-17
-19
-18
-18
-17
-17
-20
-22
-23
-22
-22
-21
-20
-20
-19
-20
-20
-19
-18
-18
-17
-15
-13
-11
-11
-11
-10
-9
-8
-6
-4
-1
0
2
2
3
4
5
8
10
12
13
14
16
16
16
17
16
17
18
18
19
19
18
17
17
16
15
16
16
16
15
15
12
13
11
10
9
7
7
5
4
3
2
0
-2
-4
-6
-7
-7
-8
-8
-10
-10
-11
-12
-12
-15
-16
-17
-17
-16
-14
-14
-14
-14
-15
-16
-16
-15
-13
-12
-10
-9
-9
-9
-9
-8
-6
-5
-3
-2
0
3
4
5
6
5
6
9
10
13
15
15
17
16
16
16
17
17
20
21
22
23
22
22
21
21
20
20
19
20
20
21
19
17
15
14
14
13
14
12
10
10
8
8
6
5
4
3
0
-1
-2
-4
-5
-6
-9
-11
-13
-13
-14
-15
-16
-17
-18
-20
-20
-22
-22
-24
-25
-25
-25
-24
-25
-27
-29
-30
-31
-30
-29
-27
-27
-26
-25
-24
-23
-23
-24
-23
-22
-21
-18
-16
-14
-11
-10
-9
-10
-8
-5
-3
-1
1
2
2
5
7
9
12
12
15
16
18
18
19
21
22
24
24
24
26
26
27
26
27
25
25
25
23
23
23
23
21
20
19
19
18
16
12
10
8
6
4
3
0
-2
-4
-4
-7
-9
-10
-12
-14
-16
-17
-19
-22
-23
-23
-25
-25
-24
-23
-25
-26
-27
-28
-28
-28
-28
-25
-25
-25
-24
-22
-22
-21
-20
-19
-18
-16
-14
-12
-10
-8
-6
-4
-3
-2
0
3
4
7
9
11
11
15
16
17
18
21
22
23
25
26
28
29
29
29
28
30
30
31
29
30
30
28
27
26
25
25
23
23
23
21
19
18
14
14
11
10
7
7
4
4
1
-1
-3
-5
-5
-9
-11
-13
-14
-15
-17
-19
-21
-22
-23
-24
-24
-26
-25
-27
-30
-30
-32
-32
-32
-30
-31
-30
-30
-31
-31
-30
-29
-29
-29
-28
-28
-27
-26
-23
-20
-18
-19
-18
-17
-15
-13
-11
-9
-7
-6
-5
-3
-2
1
3
4
6
8
9
12
14
17
18
19
20
21
22
25
26
26
26
27
28
28
29
30
30
30
29
29
28
26
27
24
25
23
24
24
22
22
21
19
17
15
13
12
10
9
8
7
5
2
-1
-4
-6
-7
-8
-10
-12
-14
-15
-17
-17
-19
-20
-22
-23
-24
-26
-26
-27
-26
-27
-26
-27
-27
-29
-28
-27
-28
-28
-28
-29
-28
-27
-24
-22
-20
-19
-18
-17
-16
-14
-15
-13
-13
-9
-6
-4
-1
1
2
3
4
8
10
11
14
16
18
19
20
22
23
24
25
25
25
27
28
29
29
30
30
30
30
30
29
27
26
27
25
25
24
23
21
21
20
20
17
15
14
12
10
8
6
5
4
1
-1
-3
-4
-7
-9
-12
-13
-14
-16
-18
-17
-17
-19
-20
-22
-23
-24
-24
-25
-25
-25
-24
-25
-24
-23
-23
-24
-23
-23
-23
-20
-19
-18
-16
-13
-12
-10
-11
-10
-8
-6
-5
-3
1
1
3
5
6
8
9
10
10
11
12
11
11
12
14
16
15
16
16
16
15
15
16
17
16
16
14
12
15
15
12
12
12
12
12
10
10
10
10
8
7
7
6
6
3
1
0
0
-2
-3
-4
-4
-4
-5
-8
-9
-11
-12
-14
-13
-14
-15
-16
-17
-18
-16
-17
-19
-19
-19
-20
-20
-20
-20
-17
-17
-17
-18
-17
-18
-17
-16
-17
-14
-14
-14
-12
-11
-8
-6
-4
-5
-2
-2
-2
-3
-1
1
3
3
2
3
6
8
9
12
14
15
15
16
16
18
19
18
18
20
20
19
19
19
20
22
21
19
21
21
21
21
19
17
19
17
14
15
15
14
13
14
11
12
12
8
9
10
7
6
5
2
1
1
-2
-3
-3
-4
-5
-3
-4
-4
-1
-4
-6
-5
-7
-10
-11
-14
-15
-15
-16
-17
-14
-14
-14
-12
-10
-10
-8
-7
-10
-9
-9
-10
-11
-11
-11
-10
-8
-8
-8
-5
0
-1
0
3
3
4
4
3
4
5
3
3
5
6
5
7
6
6
11
11
9
9
9
8
10
9
5
7
6
2
4
4
2
3
3
0
5
6
2
1
0
-6
-6
-9
-15
-15
-13
-17
-15
-10
-12
-8
-5
-10
-11
-8
-14
-18
-18
-21
-23
-21
-21
-19
-12
-11
-13
-5
-1
-1
4
4
3
10
14
14
19
23
22
23
28
27
30
32
25
23
30
32
33
37
33
28
25
21
14
15
13
9
10
8
7
15
19
12
11
11
4
1
1
-8
-10
-9
-16
-19
-12
-13
-12
-3
-5
-4
8
3
-5
2
-1
-7
1
-3
-11
-1
-1
-8
3
7
-1
6
6
-6
-1
4
-4
-3
-1
-14
-12
-4
-9
-7
1
-7
-2
12
7
6
9
0
-8
-10
-24
-35
-34
-41
-48
-45
-44
-39
-33
-40
-46
-42
-48
-55
-58
-66
-67
-69
-77
-82
-75
-71
-75
-78
-81
-77
-71
-76
-83
-79
-67
-57
-49
-40
-20
-7
1
9
9
12
18
14
6
18
35
54
74
88
99
120
135
146
169
183
180
176
173
169
173
169
154
142
139
136
134
134
133
138
138
128
117
123
126
127
124
116
101
86
57
25
3
-25
-63
-95
-124
-148
-144
-145
-158
-156
-156
-173
-184
-211
-247
-257
-263
-286
-296
-296
-299
-275
-247
-244
-235
-218
-223
-215
-200
-194
-176
-161
-155
-134
-96
-60
-15
15
23
33
39
22
1
-29
-57
-45
-24
-9
36
110
178
249
298
325
361
403
403
387
380
373
367
364
360
357
369
363
344
333
323
302
268
218
176
157
148
128
109
106
111
118
115
98
85
76
51
12
-32
-75
-116
-161
-213
-266
-304
-346
-398
-441
-466
-484
-487
-488
-492
-476
-447
-422
-409
-411
-431
-440
-435
-448
-458
-450
-435
-395
-344
-315
-270
-188
-120
-72
-38
-61
-87
-87
-139
-218
-246
-267
-264
-171
-49
107
327
496
572
654
703
674
628
548
421
347
308
240
228
279
325
391
447
441
438
454
427
395
371
317
288
296
298
313
337
330
319
312
277
236
184
102
25
-40
-123
-189
-244
-293
-313
-311
-315
-312
-303
-305
-305
-313
-332
-348
-363
-394
-411
-421
-437
-460
-515
-577
-591
-593
-606
-607
-592
-528
-410
-332
-285
-156
-31
15
24
-26
-125
-187
-301
-469
-519
-483
-423
-256
3
275
593
825
889
921
941
849
684
503
338
231
146
58
57
142
238
322
354
352
377
402
388
355
331
333
349
366
393
439
462
463
450
434
437
397
313
223
133
44
-24
-125
-228
-244
-231
-244
-225
-178
-138
-45
51
88
115
125
76
-8
-116
-259
-387
-494
-604
-674
-706
-696
-674
-652
-615
-573
-503
-462
-457
-445
-387
-323
-322
-350
-424
-480
-505
-566
-637
-650
-679
-743
-702
-550
-279
130
588
1003
1331
1432
1336
1266
1156
825
406
57
-220
-420
-557
-593
-410
-101
96
218
390
565
684
717
641
555
540
508
456
466
516
579
664
697
658
628
580
448
248
44
-128
-242
-342
-433
-435
-326
-194
-54
80
171
283
416
471
453
420
351
242
104
-70
-250
-381
-498
-596
-641
-637
-581
-492
-411
-349
-279
-242
-276
-347
-452
-596
-756
-884
-1006
-1121
-1140
-1070
-1000
-919
-820
-691
-486
-289
-196
-164
-184
-183
-15
255
661
1286
1718
1648
1405
1309
1254
953
201
-525
-667
-754
-1175
-1419
-1102
-466
158
389
420
897
1419
1424
1198
1011
804
680
500
168
103
268
315
380
482
526
699
789
496
136
-9
-145
-313
-472
-601
-491
-198
-1
164
392
602
781
850
735
592
487
235
-75
-265
-338
-374
-426
-475
-437
-268
-120
-111
-192
-232
-218
-272
-425
-619
-764
-837
-952
-1157
-1314
-1377
-1430
-1428
-1344
-1227
-1019
-761
-579
-391
-159
17
98
83
-44
-116
-86
-72
-99
-56
351
1171
1718
1508
1027
902
1092
853
-129
-984
-780
-457
-789
-1133
-762
203
1029
1046
690
1084
1577
1287
649
229
68
119
-52
-412
-261
222
460
613
720
698
909
1041
668
184
-16
-106
-151
-316
-529
-392
-66
67
132
278
469
725
783
684
696
762
684
509
310
195
230
104
-149
-260
-275
-296
-324
-470
-637
-606
-539
-667
-789
-822
-844
-867
-950
-1118
-1254
-1279
-1351
-1414
-1382
-1296
-1198
-1038
-875
-784
-638
-539
-559
-558
-503
-565
-619
-460
-140
212
507
956
1732
2233
1869
1147
914
1057
673
-383
-1104
-806
-423
-633
-938
-525
506
1187
918
534
949
1380
1106
537
308
480
697
519
319
573
872
843
770
614
379
348
341
120
-132
-274
-254
-13
88
34
218
525
622
633
680
730
819
825
720
742
768
618
420
283
286
361
222
-96
-157
-53
-85
-186
-340
-499
-484
-451
-612
-730
-733
-758
-769
-807
-926
-963
-962
-1149
-1334
-1360
-1391
-1475
-1517
-1533
-1437
-1162
-962
-937
-880
-717
-529
-440
-527
-584
-520
-457
-445
-248
-23
241
864
1517
1628
1241
895
899
1081
713
-157
-437
-78
-60
-423
-599
-232
523
831
322
158
782
1062
687
287
231
537
741
445
327
756
1057
1026
1028
1005
1024
1097
837
326
4
-193
-322
-311
-395
-457
-189
193
437
664
851
1056
1345
1404
1206
1117
1060
783
419
83
-218
-421
-635
-890
-949
-816
-713
-619
-474
-342
-183
-87
-199
-381
-522
-747
-1067
-1399
-1714
-1937
-2049
-2136
-2196
-2161
-2048
-1944
-1803
-1589
-1338
-1141
-1020
-916
-701
-401
-275
-313
-320
-247
-210
-134
60
329
643
1050
1528
1831
1649
1112
860
1029
890
180
-319
-108
249
195
-58
78
756
1202
811
253
385
714
530
48
-110
292
801
845
797
1233
1768
1859
1660
1420
1201
1053
727
203
-213
-452
-581
-569
-514
-417
-93
330
688
1063
1387
1624
1802
1834
1722
1572
1306
926
526
117
-176
-357
-648
-919
-920
-847
-789
-674
-607
-575
-458
-416
-539
-662
-787
-957
-1102
-1330
-1620
-1780
-1876
-2048
-2212
-2233
-2165
-2025
-1826
-1575
-1294
-1013
-774
-612
-470
-331
-295
-407
-552
-746
-918
-938
-831
-574
-41
533
997
1599
2131
2170
1817
1377
1139
1034
561
-221
-494
-307
-319
-446
-463
-203
338
578
230
167
592
766
619
493
468
714
957
839
815
1112
1261
1228
1214
1014
843
809
596
243
96
62
48
125
154
258
595
859
939
1112
1306
1378
1403
1242
940
820
687
282
-125
-351
-522
-633
-749
-931
-916
-753
-694
-673
-593
-536
-474
-465
-661
-891
-1020
-1234
-1582
-1924
-2193
-2392
-2570
-2735
-2710
-2419
-2058
-1656
-1205
-803
-442
-201
-124
-47
-20
-211
-476
-657
-840
-798
-453
-2
590
1335
1964
2377
2484
2088
1550
1364
1103
345
-398
-611
-448
-311
-312
-245
313
995
1091
745
655
801
769
486
135
99
438
681
697
901
1294
1594
1717
1645
1416
1274
1074
638
144
-192
-378
-410
-371
-340
-125
308
667
899
1143
1330
1422
1479
1420
1264
1130
883
522
211
-30
-281
-505
-710
-884
-908
-866
-890
-875
-792
-721
-681
-679
-754
-860
-981
-1187
-1434
-1672
-1902
-2133
-2354
-2480
-2428
-2234
-2050
-1813
-1488
-1087
-661
-382
-290
-220
-143
-165
-281
-442
-608
-585
-277
136
645
1270
1957
2372
2243
1606
998
791
509
-242
-915
-897
-581
-418
-374
-142
487
1091
1018
502
366
471
290
-113
-443
-374
84
416
500
826
1369
1687
1750
1622
1340
1163
938
406
-109
-284
-280
-234
-202
-193
73
504
731
850
1128
1446
1648
1690
1558
1473
1466
1222
753
332
40
-181
-424
-777
-1016
-969
-886
-885
-849
-739
-571
-416
-414
-515
-535
-600
-897
-1308
-1691
-1994
-2275
-2581
-2855
-2888
-2602
-2264
-1925
-1452
-900
-428
-61
91
135
228
201
-67
-343
-458
-282
236
716
1097
1729
2416
2454
1938
1240
842
693
102
-884
-1162
-718
-441
-340
-171
298
1053
1350
752
352
434
262
-198
-575
-771
-454
73
247
538
1179
1614
1783
1860
1582
1297
1135
647
-40
-357
-411
-407
-403
-498
-379
123
505
650
942
1421
1818
2022
2030
1920
1861
1669
1208
605
118
-240
-619
-1027
-1287
-1292
-1167
-1041
-922
-756
-492
-230
-185
-293
-381
-479
-717
-1161
-1710
-2139
-2432
-2791
-3166
-3279
-3078
-2750
-2356
-1855
-1276
-598
1
376
630
794
743
450
54
-344
-432
-145
209
625
1229
1850
2128
1959
1433
1039
949
440
-498
-1034
-946
-715
-488
-271
133
875
1314
987
646
606
369
-147
-704
-1086
-993
-583
-357
-2
725
1422
1883
2160
2083
1849
1602
1072
330
-253
-645
-885
-952
-994
-864
-408
77
473
941
1506
2050
2471
2654
2700
2735
2580
2116
1481
838
309
-179
-782
-1296
-1512
-1503
-1440
-1314
-1123
-762
-322
-26
93
198
259
96
-347
-974
-1592
-2123
-2629
-3144
-3467
-3515
-3381
-3130
-2711
-2165
-1514
-804
-209
156
387
549
575
410
154
210
701
1147
1359
1722
2126
2115
1553
754
297
92
-583
-1587
-1882
-1498
-1095
-748
-334
416
1449
1894
1471
1214
1245
793
-18
-765
-1266
-1266
-1075
-998
-534
366
1071
1599
2052
2073
1904
1661
1017
213
-385
-886
-1170
-1171
-1164
-990
-451
87
570
1157
1666
2073
2442
2563
2516
2530
2344
1870
1387
927
472
59
-409
-848
-1060
-1156
-1267
-1278
-1200
-1032
-731
-460
-335
-215
-94
-140
-400
-842
-1373
-1824
-2233
-2734
-3120
-3272
-3288
-3131
-2810
-2439
-1909
-1212
-582
-25
471
735
841
871
801
939
1325
1553
1721
2037
2133
1773
1158
493
138
-118
-864
-1582
-1584
-1251
-931
-475
81
915
1867
2089
1728
1651
1533
909
108
-684
-1237
-1300
-1295
-1318
-815
-48
575
1200
1616
1628
1636
1469
849
206
-247
-604
-764
-840
-914
-604
-8
399
758
1215
1692
2163
2487
2526
2542
2663
2565
2190
1747
1356
1005
594
73
-350
-579
-694
-793
-870
-888
-779
-590
-476
-417
-347
-318
-457
-807
-1287
-1748
-2111
-2493
-2937
-3256
-3356
-3264
-3049
-2773
-2468
-2004
-1437
-1008
-699
-419
-167
17
179
388
746
1160
1513
1955
2332
2243
1625
932
535
248
-436
-1348
-1636
-1334
-1148
-1104
-829
-48
976
1542
1386
1301
1563
1442
825
134
-362
-548
-615
-839
-790
-223
367
788
1187
1391
1497
1547
1226
598
130
-236
-620
-911
-1094
-983
-535
-77
307
945
1667
2181
2508
2688
2796
2900
2777
2315
1813
1491
1183
745
228
-160
-306
-416
-619
-782
-773
-661
-588
-614
-634
-556
-518
-686
-1045
-1481
-1870
-2241
-2704
-3123
-3316
-3368
-3339
-3244
-3069
-2702
-2167
-1752
-1437
-1073
-734
-420
-226
-152
227
1011
1570
1934
2444
2816
2709
2128
1156
475
217
-563
-1664
-1969
-1664
-1376
-940
-474
260
1423
2137
1921
1887
2116
1870
1307
595
-114
-337
-377
-720
-699
-165
270
654
1100
1207
1261
1323
958
378
20
-356
-783
-1127
-1446
-1427
-935
-486
-162
488
1281
1866
2287
2466
2495
2666
2712
2256
1651
1297
1056
759
355
-65
-278
-305
-478
-759
-869
-858
-882
-904
-926
-862
-666
-598
-834
-1170
-1438
-1760
-2165
-2621
-3018
-3206
-3229
-3233
-3141
-2861
-2454
-1887
-1386
-1135
-897
-572
-366
-127
411
1028
1615
2243
2776
3062
2883
2124
1357
978
332
-818
-1692
-1897
-1715
-1370
-1019
-417
741
1782
2066
2065
2274
2310
1903
1131
352
22
-73
-360
-505
-130
417
847
1175
1310
1337
1345
1029
549
236
-158
-798
-1325
-1580
-1556
-1286
-1035
-713
70
909
1366
1788
2187
2507
2844
2895
2473
2099
1917
1522
1034
585
83
-228
-397
-683
-869
-789
-731
-744
-694
-698
-695
-633
-689
-916
-1131
-1336
-1678
-2079
-2404
-2657
-2908
-3150
-3317
-3314
-3132
-2886
-2625
-2253
-1758
-1307
-952
-656
-369
184
931
1547
2082
2679
3016
2824
2310
1674
1109
575
-379
-1390
-1744
-1693
-1639
-1371
-729
232
1434
2195
2332
2596
2904
2572
1833
1085
379
-124
-527
-960
-867
-210
314
730
1185
1405
1489
1438
871
102
-421
-890
-1338
-1536
-1604
-1418
-859
-376
13
583
1103
1410
1702
1892
1917
2059
2123
1937
1867
1888
1686
1353
974
531
196
-94
-531
-860
-928
-946
-844
-637
-533
-449
-253
-188
-372
-659
-1053
-1464
-1814
-2211
-2581
-2802
-2907
-2922
-2812
-2708
-2614
-2318
-1947
-1648
-1414
-1165
-811
-281
447
1186
1965
2738
3249
3206
2646
1958
1349
769
-146
-1208
-1749
-1753
-1714
-1556
-967
-37
1047
1892
2153
2288
2592
2490
1826
1015
258
-313
-664
-1014
-1107
-627
-11
445
972
1389
1526
1553
1282
669
65
-396
-790
-1047
-1237
-1384
-1212
-840
-546
-203
224
625
1035
1388
1550
1673
1896
2042
2055
2019
1867
1601
1228
771
319
-128
-597
-974
-1145
-1174
-1109
-938
-720
-507
-310
-224
-341
-627
-1005
-1491
-2006
-2441
-2781
-2982
-3058
-3088
-3016
-2797
-2576
-2372
-2087
-1860
-1700
-1401
-973
-323
698
1725
2492
3193
3622
3383
2680
1820
994
236
-863
-2104
-2638
-2526
-2351
-1974
-1194
-81
1197
2064
2315
2655
3041
2774
2051
1289
556
11
-444
-896
-855
-324
84
436
946
1297
1439
1395
1030
615
342
-65
-492
-675
-800
-853
-679
-445
-132
330
685
932
1220
1377
1475
1624
1682
1711
1855
1908
1833
1739
1449
1033
697
247
-301
-678
-930
-1062
-1017
-892
-780
-568
-397
-419
-559
-821
-1215
-1630
-2026
-2372
-2627
-2758
-2687
-2521
-2407
-2343
-2205
-2041
-1875
-1829
-1905
-1752
-1255
-639
192
1291
2405
3331
3803
3547
2865
2209
1397
278
-1013
-2133
-2710
-2822
-2846
-2539
-1588
-335
797
1598
2043
2496
2947
2779
2073
1436
902
324
-263
-793
-893
-469
-67
152
519
924
1120
1065
679
123
-283
-419
-314
-209
-349
-454
-192
285
616
654
701
1091
1385
1223
1013
895
942
1258
1400
1178
1239
1528
1409
1136
905
452
2
-399
-923
-1212
-1115
-1091
-1112
-875
-608
-398
-311
-599
-1109
-1462
-1808
-2327
-2818
-3011
-2920
-2719
-2513
-2303
-2058
-1794
-1608
-1579
-1655
-1670
-1431
-843
16
997
2130
3159
3724
3713
3247
2469
1701
865
-463
-1797
-2537
-2826
-2856
-2486
-1732
-586
746
1595
2012
2555
2895
2669
2146
1477
769
254
-195
-634
-577
-153
192
591
1040
1310
1419
1280
798
382
143
-252
-649
-874
-992
-815
-387
-52
329
897
1273
1477
1662
1612
1473
1456
1314
1062
1009
1005
956
977
892
665
493
273
-103
-449
-704
-889
-906
-845
-804
-661
-465
-396
-495
-707
-1008
-1426
-1919
-2367
-2658
-2843
-2894
-2762
-2475
-2127
-1744
-1430
-1236
-1101
-1076
-1238
-1385
-1128
-442
438
1296
2129
2919
3405
3268
2580
1802
1236
424
-856
-1983
-2404
-2353
-2138
-1749
-1079
64
1239
1796
1927
2232
2338
1941
1272
570
7
-289
-591
-839
-547
-10
372
758
1140
1287
1284
1032
434
-221
-836
-1258
-970
-501
-577
-657
-218
462
1042
1152
978
1414
1951
1678
1301
1119
1028
1314
1521
963
629
890
701
300
105
-364
-756
-813
-1128
-1371
-1077
-820
-779
-468
-237
-155
-83
-438
-1216
-1761
-2122
-2643
-3204
-3482
-3375
-3014
-2588
-2197
-1775
-1392
-1021
-780
-863
-979
-723
-156
537
1281
2158
3056
3675
3559
2891
2200
1603
812
-417
-1601
-2140
-2140
-2068
-1830
-1034
291
1534
2134
2234
2434
2609
2195
1286
368
-316
-748
-1054
-1220
-877
-88
644
1146
1570
1879
1962
1732
1212
675
236
-271
-879
-1363
-1573
-1419
-1017
-611
-139
459
1081
1590
1913
2064
2164
2227
2126
1887
1683
1508
1298
983
599
234
-87
-427
-858
-1227
-1368
-1306
-1195
-1060
-863
-569
-247
-120
-269
-578
-982
-1503
-2064
-2564
-2898
-3027
-2992
-2852
-2608
-2252
-1819
-1405
-1117
-881
-764
-805
-873
-718
-305
514
1603
2610
3304
3561
3352
2857
2264
1459
452
-712
-1726
-2332
-2511
-2408
-1810
-813
277
1265
1958
2355
2626
2578
1987
1219
482
-250
-864
-1167
-1192
-787
-149
374
821
1265
1438
1357
1062
426
-362
-1055
-1394
-1184
-818
-803
-794
-371
272
769
921
949
1382
1801
1701
1494
1405
1468
1810
1987
1546
1185
1141
796
298
-144
-758
-1227
-1402
-1671
-1828
-1550
-1241
-961
-486
-135
54
137
-162
-821
-1409
-1887
-2475
-3112
-3511
-3518
-3261
-2950
-2579
-2134
-1616
-1013
-589
-539
-525
-324
104
785
1525
2274
3121
3664
3456
2939
2440
1804
1040
-6
-1224
-1929
-2113
-2242
-2077
-1243
-83
1110
1975
2327
2707
3101
2749
1806
903
38
-729
-1222
-1530
-1406
-643
140
731
1389
1875
1982
1842
1401
845
361
-373
-1352
-1936
-1999
-1863
-1544
-1121
-442
485
1262
1707
2025
2292
2475
2509
2178
1721
1540
1443
1115
726
342
-10
-282
-628
-1104
-1396
-1442
-1423
-1338
-1187
-990
-649
-304
-252
-398
-543
-806
-1304
-1860
-2320
-2605
-2736
-2841
-2871
-2684
-2355
-1978
-1659
-1406
-1118
-835
-801
-880
-728
-410
87
896
1778
2600
3346
3633
3313
2777
2187
1441
542
-682
-1756
-2087
-2071
-2082
-1685
-778
340
1428
2055
2201
2445
2541
1945
1107
347
-335
-776
-1051
-1227
-835
-39
514
944
1424
1659
1678
1417
700
-142
-679
-897
-908
-914
-1037
-886
-278
349
702
945
1317
1809
2076
2042
1883
1828
1928
2007
1755
1302
1022
715
238
-215
-660
-1127
-1439
-1616
-1689
-1505
-1151
-861
-506
-120
128
182
-34
-583
-1248
-1849
-2487
-3149
-3622
-3768
-3686
-3420
-3022
-2547
-2046
-1548
-1054
-594
-290
-138
54
326
712
1231
1755
2238
2856
3249
2948
2157
1463
1043
489
-518
-1546
-1809
-1576
-1413
-1139
-394
711
1763
2210
2132
2234
2418
1960
985
111
-440
-664
-898
-1110
-766
96
764
1161
1545
1745
1782
1661
1243
728
224
-471
-1112
-1416
-1485
-1410
-1206
-900
-280
498
1057
1508
1929
2278
2535
2589
2292
2005
1814
1455
962
434
-208
-716
-1037
-1456
-1772
-1767
-1636
-1475
-1158
-838
-532
-243
-198
-442
-772
-1168
-1691
-2238
-2658
-2865
-2882
-2831
-2747
-2554
-2255
-1891
-1595
-1410
-1209
-940
-710
-599
-534
-414
-29
661
1429
2148
2855
3438
3601
3150
2287
1475
874
14
-1145
-1906
-2024
-1822
-1546
-1095
-286
883
1807
2021
1985
2162
2177
1703
889
103
-322
-509
-799
-954
-589
-50
405
833
1128
1225
1268
1021
398
-277
-835
-998
-608
-274
-288
-156
252
705
1033
1051
1104
1650
2002
1902
1828
1735
1689
1814
1599
959
654
409
-167
-550
-803
-1198
-1331
-1336
-1473
-1326
-902
-715
-579
-339
-321
-376
-510
-1017
-1658
-2095
-2452
-2860
-3238
-3419
-3327
-3027
-2739
-2449
-2038
-1509
-936
-473
-213
13
243
377
527
958
1694
2480
2986
2952
2568
2057
1450
724
-48
-915
-1583
-1848
-1909
-1852
-1276
-245
775
1580
1988
2107
2233
2118
1442
646
-29
-618
-1038
-1186
-1092
-517
322
914
1366
1855
2106
2011
1622
1083
683
270
-410
-1048
-1191
-1016
-814
-614
-230
525
1340
1807
2051
2340
2715
2936
2753
2246
1889
1666
1196
521
-93
-557
-820
-1006
-1256
-1383
-1224
-975
-791
-596
-400
-214
-138
-307
-703
-1061
-1367
-1801
-2286
-2564
-2612
-2610
-2659
-2663
-2467
-2101
-1801
-1717
-1647
-1352
-918
-650
-620
-600
-453
-280
-143
197
799
1602
2386
2772
2606
2065
1370
756
285
-428
-1385
-1833
-1745
-1717
-1555
-1011
-197
763
1431
1401
1354
1646
1536
888
257
-265
-580
-737
-980
-910
-211
476
793
1160
1470
1577
1569
1162
429
-106
-511
-962
-890
-129
540
773
813
972
1550
2061
1844
1612
2084
2400
2141
1831
1359
1067
1284
1021
5
-480
-434
-648
-805
-922
-1193
-1000
-638
-788
-820
-422
-213
-257
-310
-578
-780
-896
-1387
-2093
-2507
-2703
-2965
-3345
-3581
-3447
-3075
-2753
-2388
-1881
-1281
-511
151
363
404
545
612
686
935
1267
1686
2037
1862
1286
788
430
127
-260
-950
-1424
-1325
-1103
-951
-466
349
1184
1736
1695
1472
1557
1424
747
53
-413
-600
-468
-317
-208
394
1225
1724
2022
2227
2174
1992
1606
964
551
375
-16
-501
-689
-623
-323
35
311
801
1557
2094
2340
2513
2665
2809
2695
2128
1480
1086
648
38
-516
-956
-1176
-1210
-1301
-1341
-1100
-803
-650
-494
-291
-78
46
-117
-517
-851
-1091
-1385
-1811
-2203
-2447
-2607
-2796
-2944
-2953
-2818
-2468
-2074
-1749
-1351
-754
-206
203
379
274
16
-205
-328
-186
260
761
1139
1259
1086
759
551
356
29
-552
-1036
-1171
-1218
-1314
-1096
-440
305
856
996
956
1231
1439
941
195
-240
-435
-619
-804
-864
-409
388
935
1330
1869
2321
2432
2164
1505
788
166
-556
-1035
-834
-413
-225
-33
380
1156
2031
2441
2555
2883
2980
2598
2069
1346
697
491
140
-580
-837
-730
-710
-559
-410
-493
-309
-7
-64
-75
187
323
356
380
184
-5
-152
-604
-1386
-2105
-2705
-3289
-3823
-4063
-3886
-3409
-2788
-2020
-1133
-214
632
1135
1295
1188
735
26
-658
-1192
-1308
-979
-557
-60
554
913
922
974
940
650
179
-393
-713
-671
-665
-618
-143
491
897
1090
1010
877
917
629
-63
-520
-572
-520
-349
-82
373
1222
2026
2454
2765
2943
2685
2158
1415
563
37
-252
-729
-1178
-1238
-927
-365
148
561
1267
2100
2465
2545
2524
2378
2201
1861
1112
379
27
-297
-649
-856
-979
-944
-803
-834
-815
-527
-205
-9
262
551
726
756
496
-30
-616
-1231
-1987
-2837
-3542
-3886
-3889
-3701
-3367
-2739
-1833
-920
-188
333
689
876
767
234
-558
-1249
-1823
-2339
-2552
-2243
-1493
-451
608
1372
1730
1681
1375
1141
863
148
-603
-865
-916
-968
-779
-365
156
646
703
411
402
443
67
-398
-604
-487
-100
229
445
1094
2029
2546
2668
2673
2467
2085
1433
416
-512
-1058
-1453
-1760
-1628
-911
181
1134
1586
1944
2576
3079
3009
2640
2457
2319
1905
1270
554
146
194
183
-225
-532
-447
-332
-195
26
223
557
929
993
997
1152
1130
798
288
-441
-1224
-1835
-2452
-3062
-3388
-3441
-3323
-3070
-2637
-1980
-1241
-684
-346
-115
-49
-167
-378
-752
-1200
-1618
-2012
-2354
-2497
-2187
-1482
-460
560
1186
1297
1158
1077
1103
976
506
-26
-197
-282
-583
-708
-426
-17
159
8
-270
-200
78
45
-179
-69
331
747
992
1148
1533
2106
2330
2166
2041
1948
1661
1189
565
-24
-252
-350
-581
-826
-873
-660
-145
341
716
1313
2033
2439
2589
2582
2405
2204
1888
1226
502
51
-351
-747
-1040
-1153
-936
-466
-128
135
549
940
1106
1086
842
470
40
-635
-1489
-2171
-2556
-2752
-2849
-2912
-2783
-2380
-1948
-1690
-1397
-1016
-688
-508
-534
-716
-849
-961
-1250
-1608
-1876
-2052
-2114
-2145
-2154
-1734
-836
132
994
1675
1926
1865
1726
1514
1300
930
284
-162
-257
-515
-822
-750
-477
-109
279
286
263
717
1018
885
893
1056
1129
1208
1122
1004
1298
1558
1391
1344
1458
1334
1111
769
210
-35
76
-88
-432
-545
-411
6
506
761
1169
1891
2356
2457
2491
2348
2076
1755
1076
319
30
-103
-399
-537
-442
-180
222
427
377
476
621
513
299
87
-177
-406
-736
-1273
-1749
-2033
-2283
-2547
-2746
-2784
-2612
-2357
-2142
-1873
-1512
-1182
-913
-731
-698
-729
-781
-1038
-1465
-1833
-2088
-2311
-2361
-2200
-1786
-1109
-299
611
1592
2301
2355
2033
1747
1583
1277
609
-80
-274
-343
-652
-868
-631
-90
369
362
164
510
1039
1022
709
643
767
979
972
742
822
1198
1249
1095
1098
1063
1003
869
434
-61
-314
-642
-960
-1057
-850
-37
1089
1632
1733
2119
2630
2923
2722
2137
1882
1876
1207
313
-221
-502
-412
-186
-467
-635
-95
172
120
353
447
361
428
94
-453
-507
-559
-1112
-1614
-1978
-2249
-2223
-2299
-2603
-2616
-2328
-2155
-2078
-1956
-1676
-1321
-1136
-1190
-1171
-1085
-1114
-1295
-1617
-1788
-1629
-1418
-1458
-1560
-1376
-816
-26
833
1615
2120
2255
2151
2068
2043
1860
1319
756
392
-61
-574
-847
-781
-538
-281
-241
-194
213
636
735
806
931
932
802
556
356
462
685
712
811
1039
1201
1323
1343
1109
828
639
374
93
-116
-282
-233
59
337
704
1282
1811
2140
2305
2274
2159
2006
1630
1065
595
257
-82
-370
-566
-572
-369
-154
-17
135
249
235
144
-46
-374
-781
-1234
-1729
-2154
-2458
-2627
-2649
-2545
-2315
-1952
-1558
-1257
-1013
-812
-761
-802
-905
-1060
-1215
-1299
-1365
-1390
-1323
-1237
-1160
-1154
-1269
-1425
-1411
-1290
-1006
-493
188
1041
2155
3054
3219
2889
2616
2519
2101
1040
-101
-629
-946
-1473
-1891
-1684
-904
-88
122
84
630
1355
1380
960
731
785
853
541
75
141
708
1043
1183
1410
1666
1888
1926
1582
1143
866
681
613
605
463
378
571
784
943
1125
1367
1709
1936
1806
1554
1344
1027
622
221
-207
-506
-623
-763
-799
-649
-573
-581
-521
-516
-626
-756
-1006
-1306
-1449
-1525
-1623
-1720
-1818
-1862
-1803
-1713
-1622
-1543
-1525
-1577
-1618
-1600
-1514
-1394
-1289
-1151
-1023
-989
-1009
-974
-905
-886
-940
-1053
-1137
-1133
-1047
-862
-430
221
1023
1886
2605
2889
2628
2077
1637
1313
663
-302
-928
-1085
-1252
-1512
-1577
-1173
-419
107
40
52
575
959
828
554
480
711
969
917
899
1388
2008
2290
2416
2516
2606
2571
2140
1368
696
144
-452
-893
-921
-556
-6
408
720
1286
2013
2444
2495
2480
2428
2151
1557
746
-63
-595
-942
-1344
-1624
-1584
-1416
-1271
-1113
-987
-843
-647
-642
-808
-827
-724
-680
-675
-679
-697
-703
-815
-1083
-1243
-1227
-1224
-1329
-1519
-1632
-1532
-1362
-1315
-1258
-1021
-682
-375
-232
-202
-76
68
-16
-265
-448
-602
-815
-1137
-1457
-1403
-978
-661
-316
489
1353
1659
1459
1242
1370
1577
1085
98
-408
-543
-960
-1535
-1800
-1516
-916
-689
-790
-274
746
1327
1460
1618
1906
2256
2325
2033
1989
2325
2425
2252
2152
2037
1942
1739
1152
450
-61
-617
-1132
-1344
-1381
-1212
-486
538
1378
2042
2540
2792
2801
2356
1412
514
-156
-971
-1776
-2269
-2615
-2663
-2335
-1992
-1621
-961
-406
-127
182
411
378
296
123
-216
-384
-413
-593
-837
-959
-1067
-1061
-968
-957
-984
-968
-981
-1017
-1038
-1062
-1030
-917
-720
-441
-84
239
483
580
488
234
-136
-640
-1244
-1860
-2424
-2831
-3008
-2912
-2511
-1866
-985
217
1489
2267
2464
2452
2511
2477
1892
892
222
-41
-574
-1335
-1716
-1432
-719
-201
-163
163
1125
1864
2017
2097
2348
2684
2842
2582
2302
2483
2687
2452
2043
1646
1310
967
328
-570
-1140
-1275
-1331
-1350
-1154
-674
61
679
910
1100
1429
1503
1155
638
88
-396
-814
-1351
-1844
-1910
-1749
-1614
-1358
-912
-414
76
413
505
604
759
755
622
517
450
351
189
-99
-418
-684
-1001
-1423
-1822
-2007
-1944
-1737
-1472
-1097
-595
-119
215
402
485
540
508
216
-270
-727
-1175
-1689
-2176
-2606
-2919
-3000
-2940
-2836
-2586
-2179
-1752
-1195
-465
319
1334
2605
3557
3779
3410
2819
2346
1786
639
-649
-1243
-1444
-1819
-2031
-1589
-436
937
1708
1918
2534
3428
3566
3008
2370
1807
1322
654
-230
-626
-395
-231
-250
-65
241
635
939
836
636
675
559
153
-220
-515
-668
-648
-770
-967
-792
-457
-276
-151
-9
192
479
537
293
162
205
168
98
96
199
471
715
755
799
979
1050
873
549
245
72
-112
-482
-893
-1121
-1141
-1088
-1071
-1071
-975
-815
-741
-809
-866
-845
-865
-1103
-1461
-1647
-1574
-1449
-1439
-1431
-1266
-958
-729
-654
-584
-462
-451
-602
-866
-1068
-1102
-1170
-1345
-1278
-862
-254
632
1716
2556
2966
3065
2993
2973
2734
1919
1058
613
80
-664
-1112
-1041
-504
89
203
261
846
1301
1120
744
447
208
81
-151
-348
-58
423
660
862
1038
1017
917
573
-109
-675
-1000
-1303
-1443
-1401
-1255
-805
-67
595
1151
1642
1919
2009
1934
1608
1170
719
174
-325
-591
-658
-593
-368
-94
221
624
933
1083
1130
1094
970
762
465
92
-258
-567
-890
-1235
-1586
-1918
-2196
-2402
-2467
-2387
-2188
-1922
-1643
-1350
-1022
-672
-354
-90
85
140
78
-120
-412
-712
-1003
-1256
-1457
-1568
-1517
-1353
-1160
-890
-538
-262
-27
222
398
517
646
798
1224
1929
2350
2220
1881
1609
1388
956
136
-498
-613
-841
-1400
-1632
-1290
-575
136
429
526
955
1302
1156
896
674
412
254
72
-161
-21
347
512
578
702
794
953
1008
754
557
639
680
648
677
742
930
1169
1210
1163
1151
996
648
312
61
-21
42
17
-13
161
425
618
712
677
589
510
290
-84
-390
-584
-775
-972
-1112
-1128
-1014
-901
-880
-920
-1031
-1233
-1458
-1622
-1705
-1733
-1720
-1585
-1292
-901
-460
-33
319
559
657
582
376
73
-274
-642
-950
-1143
-1230
-1212
-1088
-846
-552
-255
-20
94
132
101
-61
-283
-458
-562
-524
-258
184
733
1208
1275
1007
793
671
333
-250
-764
-1015
-1122
-1250
-1282
-946
-287
334
742
1131
1621
1919
1829
1507
1176
917
616
190
-108
-42
254
571
893
1228
1609
1941
2019
1888
1749
1566
1220
810
440
186
91
-1
-152
-134
59
177
154
101
98
214
314
211
73
118
206
184
97
-25
-162
-338
-626
-955
-1142
-1162
-1126
-1142
-1114
-897
-568
-354
-298
-331
-410
-512
-669
-878
-1020
-1018
-979
-913
-743
-501
-233
21
130
108
74
27
-93
-233
-382
-517
-587
-627
-633
-530
-375
-317
-326
-363
-430
-517
-676
-954
-1219
-1422
-1614
-1681
-1503
-1171
-768
-292
251
855
1379
1636
1655
1606
1442
1105
677
263
-117
-469
-787
-972
-874
-567
-192
215
623
1026
1420
1742
1939
2014
1946
1768
1576
1336
1073
867
768
745
762
787
831
914
909
783
639
547
490
366
142
-64
-165
-262
-372
-408
-374
-280
-171
-63
92
314
473
501
445
334
179
0
-198
-388
-520
-599
-661
-663
-557
-381
-203
-97
-92
-186
-349
-585
-877
-1183
-1440
-1623
-1691
-1615
-1403
-1053
-613
-141
294
633
809
789
578
229
-176
-579
-931
-1205
-1391
-1502
-1468
-1278
-1086
-915
-733
-601
-530
-495
-570
-665
-715
-812
-889
-780
-542
-259
76
378
667
993
1170
1095
955
740
418
150
-76
-255
-235
-115
-35
132
447
782
1134
1437
1576
1684
1769
1634
1348
1075
770
476
256
96
97
293
485
629
829
1030
1144
1173
1096
948
799
599
335
149
67
47
61
48
12
6
44
8
-107
-193
-199
-172
-136
-99
-20
184
428
526
501
429
276
27
-284
-596
-851
-1031
-1187
-1262
-1168
-938
-677
-434
-243
-97
-23
-90
-263
-472
-681
-861
-946
-956
-906
-773
-590
-388
-190
-63
4
4
-132
-358
-558
-674
-757
-859
-951
-982
-957
-965
-1002
-1012
-978
-968
-1050
-1129
-1088
-946
-758
-483
-153
194
581
957
1252
1469
1488
1275
989
712
411
122
-109
-293
-356
-249
-35
275
620
898
1126
1309
1369
1291
1144
933
710
556
486
494
596
740
877
1045
1193
1239
1195
1090
913
677
408
137
-67
-176
-233
-242
-185
-71
80
226
326
370
381
373
344
321
321
397
533
635
676
649
572
413
152
-168
-503
-831
-1122
-1348
-1444
-1390
-1247
-1064
-811
-469
-163
1
36
-16
-91
-198
-408
-656
-832
-935
-991
-980
-921
-866
-841
-901
-1002
-1042
-1030
-1023
-1028
-1025
-955
-810
-668
-531
-375
-259
-256
-363
-518
-649
-743
-877
-1040
-1174
-1185
-1048
-832
-545
-181
198
515
802
1089
1338
1504
1458
1172
859
628
410
189
21
-45
21
145
223
343
556
752
875
937
979
1044
1095
1080
1076
1116
1154
1173
1159
1090
997
927
858
804
779
795
895
1034
1135
1204
1256
1272
1220
1070
827
600
429
248
75
-23
-38
17
92
178
252
280
204
7
-235
-499
-760
-980
-1128
-1179
-1131
-1023
-890
-721
-518
-399
-419
-501
-609
-751
-928
-1109
-1256
-1299
-1241
-1141
-1036
-922
-829
-763
-747
-791
-865
-966
-1109
-1277
-1361
-1321
-1197
-1043
-902
-738
-544
-388
-285
-191
-126
-144
-258
-446
-611
-700
-770
-829
-802
-697
-551
-368
-160
58
295
468
553
619
649
564
433
338
260
228
275
382
549
741
900
1023
1140
1215
1210
1139
1032
963
923
932
997
1126
1274
1425
1585
1700
1769
1800
1788
1736
1643
1535
1448
1385
1283
1135
966
771
570
327
36
-236
-424
-525
-584
-579
-481
-284
-46
129
216
238
177
16
-210
-473
-739
-966
-1159
-1294
-1328
-1238
-1068
-896
-771
-696
-652
-667
-729
-821
-921
-1006
-1079
-1122
-1106
-1024
-936
-874
-829
-808
-825
-872
-952
-1036
-1075
-1072
-1057
-992
-885
-784
-680
-604
-604
-664
-734
-821
-901
-947
-975
-942
-852
-742
-562
-306
-62
153
357
508
588
609
563
488
458
418
345
316
350
405
491
613
743
849
937
1011
1070
1140
1257
1458
1679
1790
1754
1694
1720
1737
1639
1499
1414
1366
1257
1082
901
828
820
724
535
408
408
482
542
560
605
712
801
773
686
610
560
426
195
-18
-120
-179
-260
-339
-374
-345
-285
-253
-226
-165
-129
-179
-297
-454
-603
-721
-838
-928
-962
-931
-881
-824
-788
-756
-698
-697
-813
-999
-1162
-1272
-1348
-1401
-1417
-1373
-1290
-1203
-1109
-1024
-978
-978
-1041
-1164
-1277
-1322
-1321
-1311
-1294
-1222
-1038
-771
-498
-257
-46
144
303
385
426
472
504
493
404
299
238
199
139
103
142
229
333
424
534
715
907
990
1016
1063
1072
1001
902
779
665
580
448
295
230
236
281
355
420
486
587
684
750
837
942
1003
1020
979
913
849
736
572
423
350
316
308
295
300
366
444
471
485
525
571
606
632
636
660
718
724
649
538
398
200
-63
-376
-665
-898
-1096
-1286
-1393
-1348
-1204
-1016
-825
-623
-410
-258
-245
-350
-488
-636
-808
-1013
-1189
-1268
-1242
-1195
-1168
-1107
-992
-884
-864
-911
-925
-825
-668
-530
-396
-230
-42
83
104
78
70
42
-83
-301
-490
-530
-459
-326
-128
161
509
817
1015
1116
1166
1149
987
660
294
12
-179
-284
-292
-224
-74
99
203
275
359
398
369
318
286
312
426
540
611
697
798
883
921
889
801
699
598
462
324
225
159
135
153
210
288
378
452
481
489
487
440
363
304
289
315
358
372
372
374
328
213
81
-42
-173
-338
-534
-692
-741
-715
-680
-624
-514
-341
-166
-62
-34
-37
-92
-228
-400
-562
-665
-690
-681
-687
-653
-570
-455
-351
-340
-394
-441
-456
-475
-499
-497
-454
-394
-360
-319
-248
-182
-167
-203
-245
-241
-176
-126
-113
-63
24
101
161
194
192
162
111
31
-21
-43
-53
-32
61
194
315
439
529
535
436
261
69
-67
-152
-233
-288
-225
-30
225
498
771
1025
1200
1266
1192
1036
842
595
320
92
-60
-130
-106
-34
57
172
280
321
342
353
319
295
288
275
294
339
372
395
412
343
211
85
-42
-138
-219
-284
-295
-242
-169
-95
22
175
312
375
335
259
162
-1
-229
-491
-745
-927
-1021
-1061
-1041
-945
-808
-636
-424
-220
-92
-5
57
80
80
34
-57
-177
-297
-419
-523
-567
-613
-683
-784
-887
-945
-941
-880
-795
-680
-508
-285
-23
237
463
625
712
717
632
451
209
-36
-247
-419
-538
-566
-500
-365
-210
-45
141
320
433
465
436
410
389
343
270
186
168
197
231
243
243
250
217
158
85
48
59
71
75
60
57
79
122
180
221
249
247
227
217
224
281
364
442
515
598
696
788
844
833
780
699
604
491
372
275
186
106
26
-22
-20
-9
3
-16
-59
-106
-162
-222
-291
-330
-355
-362
-321
-265
-207
-154
-113
-90
-90
-115
-196
-332
-501
-676
-820
-939
-1054
-1145
-1174
-1113
-966
-766
-551
-335
-140
22
168
287
356
347
259
124
3
-85
-156
-226
-286
-293
-242
-157
-76
3
82
142
186
189
182
174
152
120
95
83
63
30
-20
-76
-96
-78
-48
-17
14
40
75
117
136
130
119
128
134
141
160
206
302
390
430
448
467
470
418
342
270
209
185
174
220
357
532
704
862
990
1087
1138
1112
1006
843
656
474
295
115
-15
-63
-74
-60
-46
-58
-51
-49
-90
-148
-210
-302
-406
-471
-503
-491
-461
-463
-465
-448
-436
-416
-422
-471
-529
-572
-601
-623
-648
-704
-754
-791
-821
-836
-841
-841
-810
-732
-611
-451
-300
-174
-57
36
106
142
103
10
-97
-204
-315
-423
-506
-532
-489
-446
-390
-286
-181
-99
-62
-66
-33
41
91
98
112
152
195
230
232
217
197
146
64
-28
-85
-92
-76
-28
88
271
483
680
835
959
1060
1106
1056
954
832
691
549
412
307
274
290
333
412
543
702
864
1016
1115
1169
1173
1098
944
743
510
276
72
-110
-267
-371
-415
-423
-391
-352
-318
-272
-239
-234
-218
-192
-178
-162
-159
-176
-193
-222
-307
-445
-586
-710
-801
-858
-898
-889
-821
-714
-576
-460
-393
-369
-371
-377
-394
-426
-490
-557
-608
-632
-588
-484
-356
-239
-127
-8
125
235
256
208
132
40
-59
-150
-217
-238
-219
-199
-172
-136
-121
-127
-140
-174
-205
-219
-238
-224
-176
-108
-17
90
186
280
389
451
452
435
403
349
295
245
192
181
195
228
299
402
502
578
620
650
660
626
570
535
525
509
516
533
576
650
701
723
730
702
605
455
291
143
34
-40
-76
-64
-8
60
110
146
173
191
186
134
57
-24
-98
-162
-226
-285
-349
-414
-495
-569
-633
-687
-741
-804
-826
-781
-708
-649
-600
-543
-475
-397
-336
-326
-320
-338
-380
-409
-411
-384
-355
-335
-316
-277
-239
-243
-280
-321
-343
-340
-333
-302
-235
-131
5
148
274
351
384
362
299
207
92
-27
-122
-181
-203
-183
-113
1
136
288
423
519
556
544
507
454
374
280
190
128
107
114
158
221
284
315
330
352
366
388
416
431
455
482
523
551
549
509
425
330
226
125
30
-34
-48
-37
1
58
133
201
233
247
245
204
119
12
-83
-178
-263
-333
-391
-421
-444
-467
-495
-521
-543
-577
-613
-648
-657
-640
-599
-523
-428
-351
-300
-276
-270
-281
-300
-341
-419
-506
-589
-654
-682
-664
-607
-527
-405
-265
-115
69
237
360
437
471
453
400
340
246
151
81
34
27
62
123
187
228
254
261
257
272
307
355
384
407
434
477
526
564
578
561
520
452
350
250
171
106
73
33
15
71
177
294
405
511
592
640
642
595
522
426
288
142
7
-121
-230
-321
-362
-318
-228
-145
-83
-26
12
23
13
-38
-105
-188
-291
-394
-488
-554
-592
-615
-623
-604
-551
-498
-468
-429
-387
-354
-327
-309
-291
-279
-276
-278
-280
-281
-313
-374
-432
-461
-456
-437
-417
-370
-288
-175
-72
21
132
221
258
236
186
146
120
103
69
44
59
96
136
161
187
200
185
162
121
87
66
65
83
115
168
222
284
342
373
393
385
353
318
285
267
269
295
337
372
400
421
436
444
429
391
334
298
294
329
386
431
468
501
516
502
464
405
324
225
95
-37
-134
-197
-220
-220
-190
-155
-105
-60
-60
-83
-116
-154
-219
-289
-357
-420
-468
-512
-531
-520
-497
-475
-451
-418
-372
-323
-287
-258
-217
-171
-137
-126
-121
-115
-103
-109
-127
-150
-174
-177
-169
-153
-130
-113
-102
-96
-90
-81
-95
-123
-166
-217
-254
-269
-258
-234
-213
-185
-156
-121
-115
-121
-123
-139
-145
-148
-146
-156
-185
-221
-237
-224
-197
-169
-153
-123
-64
13
92
171
256
333
395
458
505
525
513
475
421
350
268
189
135
108
114
151
205
248
277
303
302
264
213
158
93
7
-85
-153
-185
-174
-155
-133
-106
-104
-105
-106
-122
-154
-200
-249
-282
-288
-267
-225
-151
-55
47
129
181
205
191
157
102
41
-22
-69
-90
-69
-5
107
252
379
488
575
642
672
652
575
465
326
165
1
-134
-224
-279
-287
-246
-163
-43
76
177
243
269
250
178
77
-54
-186
-303
-399
-454
-477
-465
-437
-397
-335
-265
-202
-165
-137
-121
-116
-117
-109
-86
-56
-39
-40
-35
-36
-42
-72
-131
-172
-179
-163
-128
-76
-1
71
108
111
95
70
17
-49
-125
-184
-230
-258
-266
-277
-284
-309
-347
-407
-467
-515
-555
-568
-551
-493
-404
-311
-212
-110
-6
61
84
83
43
-36
-143
-253
-343
-402
-410
-376
-301
-180
-26
144
309
446
525
560
563
543
512
483
449
424
415
407
400
395
381
359
326
286
235
185
128
83
48
18
33
82
156
239
329
414
458
445
368
262
131
-22
-185
-332
-435
-482
-479
-423
-326
-200
-55
83
187
246
277
265
209
128
44
-34
-100
-168
-225
-242
-236
-227
-214
-182
-147
-109
-91
-75
-39
3
41
71
93
106
98
56
1
-40
-76
-128
-191
-245
-269
-272
-270
-255
-229
-193
-159
-138
-126
-107
-77
-71
-89
-107
-127
-126
-118
-102
-81
-60
-35
-26
-5
21
67
130
185
241
286
334
371
387
379
357
334
299
253
221
200
197
205
210
237
273
307
342
368
376
363
325
268
206
133
53
-20
-63
-80
-69
-21
46
110
154
168
161
129
83
17
-70
-155
-235
-288
-295
-263
-199
-105
5
102
160
184
172
141
90
7
-82
-167
-240
-281
-301
-293
-256
-207
-145
-83
-27
16
47
72
69
54
38
18
-6
-27
-44
-61
-76
-92
-99
-96
-95
-124
-176
-226
-256
-267
-275
-263
-236
-190
-141
-95
-59
-24
-9
-31
-64
-87
-83
-84
-96
-104
-91
-49
8
73
135
196
234
249
243
231
223
204
177
156
160
173
167
154
140
142
160
157
137
117
115
128
144
159
171
188
203
205
202
201
178
128
61
-9
-71
-118
-167
-202
-203
-177
-140
-105
-84
-79
-77
-70
-58
-39
-10
14
34
61
80
85
68
5
-87
-168
-236
-293
-330
-336
-303
-224
-124
-33
68
159
221
241
230
200
147
70
-29
-129
-209
-267
-306
-311
-289
-248
-195
-147
-108
-74
-34
-8
3
31
59
71
85
88
80
63
23
-40
-109
-161
-210
-235
-250
-253
-220
-163
-88
2
125
241
340
422
475
491
484
446
382
303
242
202
177
183
192
205
219
226
240
259
262
256
251
235
207
179
151
117
99
87
73
69
62
48
37
36
27
7
-30
-67
-101
-127
-148
-164
-176
-178
-170
-152
-127
-105
-103
-117
-135
-149
-143
-132
-125
-124
-121
-121
-111
-81
-48
-13
18
51
76
86
77
38
-5
-48
-104
-160
-208
-242
-254
-261
-252
-217
-158
-86
-28
17
45
55
54
40
1
-48
-112
-168
-208
-241
-257
-273
-281
-283
-263
-217
-162
-106
-50
13
67
127
187
226
243
249
243
242
257
261
249
232
231
250
292
318
347
384
434
476
495
498
481
449
397
329
263
200
138
80
39
30
47
69
84
110
146
183
207
201
166
138
106
60
15
-34
-70
-94
-116
-127
-122
-104
-92
-89
-82
-56
-12
32
63
89
116
143
138
102
56
8
-47
-123
-187
-220
-217
-198
-187
-162
-122
-78
-30
-2
23
48
57
35
-6
-40
-81
-126
-168
-208
-246
-275
-312
-361
-395
-406
-405
-389
-365
-341
-300
-245
-197
-166
-125
-95
-84
-94
-120
-151
-190
-227
-263
-276
-265
-220
-160
-88
-2
89
172
226
242
231
206
167
106
26
-34
-80
-108
-112
-81
-35
20
75
127
173
197
211
203
192
175
152
126
97
80
61
54
50
31
3
-29
-62
-96
-121
-124
-113
-86
-54
-4
72
143
191
212
211
201
169
128
60
4
-39
-70
-66
-60
-46
-36
-29
-24
-18
-7
-8
-23
-35
-39
-34
-22
-11
7
19
26
22
18
20
27
26
12
1
-12
-24
-42
-51
-56
-60
-71
-91
-110
-127
-128
-121
-111
-109
-104
-82
-45
-17
-8
-3
2
-15
-43
-69
-89
-102
-116
-122
-112
-81
-41
17
81
132
159
175
174
155
132
98
53
11
-25
-55
-60
-52
-41
-32
-9
11
38
69
95
111
118
118
104
78
43
-3
-47
-100
-157
-197
-224
-220
-210
-183
-141
-84
-13
45
104
154
193
208
182
134
70
-11
-99
-194
-268
-297
-297
-285
-266
-217
-142
-59
14
76
141
199
231
230
203
163
118
48
-29
-93
-135
-161
-174
-178
-164
-134
-92
-46
6
48
72
83
81
79
77
71
52
33
30
34
34
12
-12
-25
-28
-34
-47
-52
-48
-35
-19
8
55
104
130
138
141
145
134
103
57
16
-8
-32
-52
-65
-70
-54
-36
-11
7
23
22
11
2
-8
-2
-7
-29
-50
-68
-85
-116
-154
-178
-205
-231
-258
-267
-243
-199
-154
-106
-56
4
66
118
149
152
136
107
66
15
-39
-70
-88
-93
-90
-86
-76
-61
-46
-32
-13
18
61
108
144
161
172
167
144
100
40
-19
-70
-110
-153
-183
-197
-191
-167
-123
-71
-16
26
46
48
36
10
-19
-38
-56
-63
-52
-29
10
55
92
126
154
173
183
182
162
141
133
134
149
159
157
153
150
148
139
128
117
98
80
68
62
63
65
67
74
85
89
79
71
63
54
32
2
-19
-33
-42
-49
-59
-61
-58
-64
-75
-90
-82
-65
-42
-30
-27
-20
-20
-27
-32
-28
-13
0
13
29
47
79
101
108
107
100
83
62
44
29
15
-3
-31
-52
-58
-61
-58
-53
-39
-21
-9
-15
-29
-41
-52
-72
-100
-127
-149
-172
-198
-216
-210
-182
-161
-148
-128
-103
-78
-67
-66
-65
-73
-88
-113
-141
-157
-156
-152
-147
-129
-102
-73
-48
-28
-5
24
44
46
39
31
24
14
1
-12
-17
-20
-26
-27
-27
-16
-6
-6
-14
-25
-25
-20
-8
6
25
50
72
86
93
90
80
63
33
-4
-41
-66
-80
-80
-64
-42
-2
47
100
153
198
220
225
221
192
154
114
85
67
54
46
48
58
66
72
79
89
95
95
93
96
104
111
118
127
135
134
116
93
70
53
30
4
-15
-21
-20
-10
6
34
71
97
97
79
54
18
-22
-62
-92
-101
-98
-90
-75
-50
-25
-7
6
6
0
-15
-39
-64
-81
-83
-75
-62
-44
-15
19
47
57
43
20
-11
-49
-95
-127
-145
-147
-141
-128
-101
-71
-49
-43
-50
-56
-69
-84
-101
-115
-116
-104
-90
-72
-54
-41
-30
-24
-28
-49
-75
-101
-122
-126
-111
-84
-45
-5
28
56
78
95
93
78
48
15
-14
-35
-46
-46
-35
-13
13
35
50
52
51
50
54
61
77
97
108
116
130
142
149
138
107
63
12
-45
-100
-143
-168
-174
-168
-145
-102
-43
13
56
83
97
102
84
50
10
-20
-35
-41
-34
-21
-4
5
12
20
30
30
17
4
-13
-27
-31
-22
-1
32
69
105
142
176
198
207
201
185
159
130
98
67
41
20
0
-17
-31
-40
-44
-50
-49
-32
-7
24
54
78
102
122
130
124
104
81
54
21
-14
-47
-71
-89
-98
-94
-81
-61
-43
-31
-21
-12
-12
-17
-19
-14
3
25
46
67
87
106
113
105
90
64
34
-3
-40
-63
-64
-54
-44
-32
-18
-3
4
-6
-28
-54
-89
-131
-170
-197
-206
-200
-185
-152
-102
-48
-9
9
12
8
-2
-27
-65
-107
-142
-167
-178
-173
-160
-141
-119
-99
-76
-52
-31
-15
-1
10
22
35
47
64
86
107
127
143
156
162
159
137
106
76
48
21
-4
-26
-35
-35
-26
-6
22
53
80
102
119
129
122
100
69
39
12
-19
-46
-64
-69
-62
-50
-37
-15
11
36
50
56
57
59
60
56
51
46
41
34
26
18
19
30
39
47
55
66
79
87
89
86
85
82
69
47
23
2
-14
-31
-55
-75
-88
-98
-111
-128
-142
-144
-135
-131
-130
-123
-104
-79
-58
-46
-39
-39
-56
-93
-137
-174
-201
-221
-231
-222
-188
-133
-74
-16
47
100
136
148
140
123
94
52
14
-10
-9
14
42
72
105
144
171
176
164
138
107
70
37
17
20
37
61
90
121
148
157
139
100
49
-5
-64
-115
-147
-160
-151
-124
-79
-16
52
109
151
170
167
140
96
46
-3
-43
-76
-91
-89
-73
-51
-23
7
33
55
66
69
66
62
52
38
24
15
4
-7
-20
-30
-38
-44
-53
-64
-77
-92
-110
-123
-128
-129
-133
-138
-143
-144
-142
-141
-141
-135
-122
-111
-98
-85
-73
-62
-59
-64
-69
-67
-62
-58
-55
-40
-16
9
31
53
80
102
112
113
104
89
66
38
9
-5
-12
-10
-1
19
49
80
109
126
135
135
124
106
88
73
65
62
68
78
93
105
113
118
116
102
76
41
3
-33
-64
-85
-92
-86
-69
-41
-10
24
55
79
91
94
92
82
68
50
34
20
7
-7
-21
-32
-44
-55
-69
-81
-87
-92
-99
-110
-117
-119
-118
-114
-106
-92
-73
-56
-44
-36
-28
-19
-15
-19
-26
-33
-43
-60
-82
-102
-111
-111
-101
-82
-57
-21
16
41
57
69
75
70
52
19
-16
-46
-69
-88
-99
-95
-75
-46
-18
14
46
69
84
86
82
76
64
49
30
17
11
11
18
30
43
60
79
100
125
151
175
197
214
230
239
239
228
199
158
109
57
6
-35
-65
-81
-84
-67
-34
8
55
100
136
160
169
164
137
96
49
2
-41
-75
-100
-116
-121
-118
-114
-112
-108
-99
-93
-88
-85
-81
-75
-69
-67
-71
-75
-77
-83
-89
-98
-110
-121
-131
-135
-127
-112
-91
-68
-45
-21
1
13
16
13
4
-17
-44
-73
-99
-120
-146
-166
-173
-167
-153
-142
-131
-110
-80
-49
-21
2
27
49
63
67
64
59
53
42
28
20
20
26
35
48
67
94
119
137
154
168
176
175
166
155
139
124
113
113
117
123
127
131
132
132
123
103
81
60
41
24
10
3
0
8
18
30
43
50
52
43
28
7
-16
-40
-61
-74
-78
-73
-61
-46
-32
-26
-23
-26
-36
-53
-74
-94
-109
-118
-121
-120
-106
-88
-66
-51
-40
-33
-32
-37
-51
-70
-89
-103
-112
-113
-106
-95
-78
-62
-46
-34
-26
-27
-31
-41
-50
-61
-71
-78
-80
-80
-80
-74
-60
-43
-26
-10
8
28
48
66
77
87
99
106
109
107
100
88
73
58
45
36
30
27
31
40
53
65
77
93
109
123
133
140
145
145
141
130
117
106
87
63
37
17
0
-16
-30
-40
-38
-23
-4
16
37
59
80
94
97
90
77
57
31
-3
-40
-72
-99
-118
-132
-135
-127
-109
-89
-74
-61
-47
-35
-31
-40
-50
-64
-74
-85
-99
-112
-122
-130
-135
-139
-138
-132
-125
-119
-113
-101
-90
-78
-69
-56
-43
-34
-29
-30
-29
-28
-30
-33
-35
-30
-27
-23
-19
-8
9
24
35
43
54
67
73
75
76
80
86
87
84
80
80
84
87
90
93
104
113
118
123
128
134
139
145
149
150
150
148
141
130
115
97
74
50
26
3
-17
-29
-34
-34
-27
-14
6
30
51
69
78
80
73
60
38
10
-19
-43
-61
-74
-85
-93
-93
-91
-92
-94
-97
-96
-95
-96
-98
-97
-88
-79
-73
-71
-67
-62
-60
-69
-82
-96
-107
-121
-136
-147
-149
-143
-131
-116
-97
-74
-53
-38
-31
-30
-33
-40
-48
-56
-60
-60
-54
-44
-28
-10
12
33
49
62
69
69
66
59
50
40
35
36
41
50
62
77
90
102
112
118
121
119
112
106
100
95
91
88
87
89
88
84
79
74
69
61
51
44
39
37
37
34
30
28
23
14
1
-10
-19
-24
-27
-25
-16
-5
6
20
33
43
47
43
35
20
-1
-28
-52
-73
-88
-102
-112
-116
-114
-109
-104
-98
-90
-80
-75
-73
-75
-75
-77
-79
-81
-82
-79
-75
-70
-69
-70
-67
-64
-63
-62
-60
-55
-50
-46
-41
-35
-27
-18
-8
0
8
17
28
36
40
44
48
54
59
64
69
77
83
86
86
84
82
72
58
47
40
35
30
25
24
30
37
43
51
61
72
80
83
84
84
83
76
65
56
48
40
31
23
20
21
21
22
24
28
27
24
19
14
8
1
-12
-21
-25
-28
-29
-25
-17
-7
1
2
4
6
2
-10
-24
-38
-53
-69
-87
-103
-113
-123
-129
-134
-133
-125
-114
-102
-86
-65
-44
-23
-2
14
27
33
33
27
17
3
-13
-30
-43
-50
-53
-51
-43
-26
-8
8
24
40
51
57
58
56
53
51
46
41
36
31
28
24
21
17
13
10
7
7
7
8
13
18
24
27
28
27
25
19
7
-5
-14
-19
-20
-17
-5
14
38
60
78
91
99
96
86
65
41
11
-20
-48
-70
-83
-88
-83
-72
-53
-33
-16
-1
10
16
16
12
5
-2
-8
-13
-18
-22
-26
-34
-43
-53
-65
-75
-83
-87
-84
-75
-60
-40
-15
10
28
41
48
50
43
28
11
-2
-8
-11
-10
-1
17
38
52
60
66
65
57
40
20
2
-10
-19
-23
-20
-9
6
18
27
31
31
26
13
0
-12
-19
-19
-12
1
20
39
54
64
68
62
43
17
-12
-42
-67
-85
-90
-81
-59
-30
3
35
65
90
99
95
83
65
40
13
-12
-30
-40
-46
-48
-46
-40
-34
-29
-25
-23
-19
-17
-17
-17
-14
-11
-9
-12
-16
-23
-34
-48
-63
-74
-79
-79
-74
-60
-36
-8
20
43
61
72
74
63
43
19
-7
-31
-49
-62
-63
-55
-38
-16
6
29
47
58
65
63
57
48
37
27
18
9
2
0
-2
-6
-10
-16
-18
-18
-23
-24
-22
-14
-4
5
14
24
35
42
40
35
29
20
10
-4
-13
-17
-16
-14
-10
-4
7
18
26
32
35
38
37
32
24
16
11
3
-4
-9
-11
-12
-13
-10
-4
4
13
18
24
27
27
22
14
2
-11
-25
-38
-50
-56
-60
-60
-53
-43
-32
-21
-11
-3
1
1
-4
-11
-18
-24
-31
-34
-32
-26
-18
-7
5
18
29
37
40
40
38
33
25
16
8
1
-2
-4
-3
1
5
10
14
17
20
19
19
18
12
7
3
-3
-9
-16
-22
-28
-31
-34
-36
-36
-31
-24
-17
-8
4
17
28
34
37
38
32
21
8
-9
-26
-40
-53
-60
-58
-50
-36
-17
5
32
54
71
82
85
81
70
52
30
6
-15
-34
-47
-53
-55
-52
-44
-35
-23
-13
-6
0
3
6
5
4
4
4
5
2
1
0
-2
-9
-15
-20
-22
-22
-22
-18
-9
3
16
27
35
41
42
35
24
9
-5
-20
-35
-43
-45
-40
-28
-15
4
21
36
45
51
51
47
37
24
10
-6
-18
-32
-43
-52
-59
-66
-70
-71
-70
-67
-61
-50
-35
-17
2
21
39
55
66
70
67
60
48
31
15
0
-9
-14
-16
-14
-6
5
16
25
32
38
41
39
35
29
24
19
14
11
7
5
3
1
-1
-2
-3
-3
-2
1
4
8
14
17
20
19
16
11
2
-8
-19
-28
-33
-39
-40
-38
-31
-21
-12
-2
9
18
24
30
31
34
35
34
31
26
20
10
-1
-15
-28
-40
-49
-54
-55
-53
-45
-34
-19
-4
11
22
30
32
29
20
10
-1
-13
-22
-28
-30
-28
-25
-21
-17
-13
-11
-13
-18
-23
-26
-28
-27
-24
-16
-5
5
16
24
32
34
34
30
24
17
11
7
8
9
15
21
28
33
35
34
31
25
15
2
-9
-17
-21
-20
-15
-4
8
18
28
34
39
39
35
30
24
18
13
10
8
9
11
13
12
10
6
-1
-12
-21
-31
-37
-41
-41
-35
-25
-13
0
13
25
31
31
25
14
-1
-22
-43
-61
-75
-83
-86
-81
-70
-52
-32
-12
8
24
35
40
36
27
15
1
-15
-30
-42
-48
-49
-47
-38
-26
-11
3
15
26
34
38
38
36
33
27
22
17
13
11
11
13
16
20
25
31
37
40
43
45
45
43
39
31
23
14
5
-5
-11
-17
-17
-15
-9
2
14
29
44
57
67
74
77
72
64
51
37
22
7
-8
-21
-28
-32
-32
-29
-24
-16
-6
3
11
17
20
22
19
12
3
-8
-19
-34
-48
-62
-70
-77
-79
-79
-73
-63
-52
-40
-30
-20
-17
-18
-23
-33
-46
-61
-73
-85
-89
-88
-81
-69
-52
-32
-12
6
21
30
32
30
23
15
2
-10
-20
-28
-31
-30
-29
-20
-12
1
10
21
32
40
47
50
54
57
58
57
51
44
37
27
18
8
-1
-5
-9
-7
-4
3
13
22
32
39
44
46
45
41
34
28
23
19
13
12
12
16
22
29
35
39
41
43
40
34
26
18
5
-5
-15
-24
-32
-38
-40
-40
-38
-32
-24
-21
-14
-10
-5
-4
-7
-11
-18
-23
-29
-34
-38
-39
-39
-38
-35
-34
-34
-36
-41
-47
-55
-59
-63
-63
-61
-51
-40
-24
-7
9
23
31
35
33
26
16
5
-4
-11
-14
-13
-6
4
16
27
36
41
40
36
28
18
9
1
-2
-1
6
17
33
46
60
68
71
67
57
44
28
11
-4
-16
-23
-22
-15
-5
7
18
28
36
39
37
34
27
20
13
5
3
0
2
3
4
4
3
0
-6
-12
-16
-20
-21
-19
-16
-12
-4
2
8
11
13
11
8
0
-8
-17
-25
-31
-36
-38
-40
-40
-36
-32
-28
-22
-19
-16
-12
-12
-10
-10
-12
-15
-19
-23
-28
-31
-33
-33
-29
-25
-19
-13
-6
1
6
7
3
-2
-11
-19
-27
-34
-39
-40
-33
-25
-14
-2
10
22
31
34
34
32
26
19
11
5
1
-3
-4
-5
-4
-4
-2
-4
-2
-1
1
5
8
15
22
33
40
47
51
54
55
50
44
33
24
13
6
-1
-4
-4
-1
5
9
15
18
21
22
21
20
18
19
18
19
20
21
20
21
20
16
14
7
2
-4
-7
-9
-12
-11
-11
-7
-5
-2
-4
-8
-12
-19
-24
-28
-32
-33
-30
-25
-17
-8
1
10
12
12
8
0
-9
-19
-31
-40
-46
-52
-52
-48
-43
-36
-30
-25
-24
-21
-22
-25
-26
-27
-24
-20
-13
-8
0
4
7
8
5
-1
-10
-19
-27
-33
-36
-33
-25
-16
-3
9
24
35
43
47
42
36
27
18
9
4
2
5
12
22
32
42
49
53
55
52
48
43
35
28
23
23
24
28
33
36
38
37
35
29
24
17
12
9
8
12
17
26
33
39
40
38
31
20
9
-4
-17
-28
-32
-38
-37
-35
-32
-25
-21
-18
-18
-20
-27
-31
-38
-42
-46
-48
-47
-46
-43
-43
-42
-42
-45
-51
-58
-65
-73
-76
-77
-75
-69
-64
-56
-50
-42
-37
-34
-33
-33
-34
-34
-33
-32
-28
-24
-19
-13
-7
-1
4
9
12
17
22
29
37
46
55
61
65
66
64
61
56
49
42
40
40
48
57
70
84
99
111
120
123
120
113
100
86
71
57
45
37
34
35
39
43
48
49
49
46
39
32
25
18
14
11
10
11
13
14
12
3
-7
-22
-38
-53
-64
-74
-78
-78
-73
-63
-53
-43
-35
-32
-34
-42
-55
-72
-88
-103
-113
-118
-118
-111
-103
-92
-81
-67
-59
-55
-55
-58
-63
-70
-74
-77
-77
-73
-68
-60
-54
-45
-37
-30
-25
-22
-19
-18
-14
-10
-3
5
15
24
35
44
51
57
62
65
67
69
72
73
75
77
80
83
88
93
95
101
104
107
111
114
115
116
114
111
107
101
96
89
83
76
70
66
61
56
51
46
40
35
27
20
13
8
2
-2
-5
-7
-9
-13
-17
-25
-36
-47
-61
-75
-88
-97
-105
-108
-107
-101
-92
-83
-73
-64
-56
-53
-55
-61
-71
-81
-91
-98
-104
-104
-101
-96
-88
-78
-68
-58
-52
-48
-44
-43
-43
-43
-40
-35
-30
-26
-20
-16
-14
-12
-12
-11
-10
-8
-5
1
10
21
34
49
60
71
76
75
71
64
56
47
40
36
36
42
52
68
83
100
114
123
126
127
123
116
105
94
82
74
65
58
54
52
49
44
40
35
30
26
22
21
22
21
20
19
19
15
10
-2
-15
-30
-46
-63
-77
-88
-95
-98
-100
-97
-92
-87
-83
-82
-83
-86
-91
-99
-107
-113
-115
-114
-111
-106
-97
-89
-81
-73
-67
-61
-58
-59
-59
-60
-59
-57
-54
-49
-44
-36
-30
-24
-18
-12
-8
-3
3
8
15
20
28
35
42
48
53
57
60
59
59
60
59
60
59
60
60
61
60
61
60
59
59
57
56
55
55
58
63
66
70
75
78
81
81
79
77
72
66
59
56
50
45
42
40
40
38
34
29
24
18
12
7
0
-1
-4
-6
-7
-7
-8
-11
-16
-23
-30
-39
-50
-60
-68
-73
-75
-76
-75
-71
-69
-67
-69
-74
-80
-87
-95
-105
-110
-114
-112
-108
-100
-88
-73
-59
-47
-36
-30
-24
-23
-25
-27
-29
-29
-29
-25
-20
-14
-7
-2
5
9
9
9
7
8
9
11
18
27
38
49
61
70
75
78
76
68
62
53
44
36
30
28
28
28
30
33
36
37
37
35
32
31
30
27
27
28
32
35
38
42
44
43
39
34
28
23
18
13
11
12
14
17
21
25
29
31
29
25
20
11
4
-3
-8
-8
-8
-6
-2
2
6
10
9
9
4
-3
-12
-23
-32
-37
-43
-47
-51
-52
-53
-54
-54
-56
-57
-58
-58
-61
-61
-58
-54
-49
-46
-44
-42
-41
-42
-45
-48
-52
-55
-59
-62
-60
-55
-48
-40
-30
-21
-11
-5
-1
2
3
3
1
-2
-5
-5
-6
-3
3
10
17
23
29
32
35
35
34
33
33
31
30
31
31
34
36
41
43
44
44
43
43
41
39
38
35
35
33
34
33
34
36
36
36
37
37
38
38
37
38
37
37
34
33
31
30
27
22
18
14
10
5
3
2
3
3
2
3
2
2
2
-2
-6
-10
-14
-22
-28
-32
-34
-36
-37
-37
-37
-36
-37
-36
-36
-36
-36
-38
-40
-42
-44
-47
-49
-52
-54
-55
-58
-57
-56
-53
-47
-42
-34
-27
-18
-10
-3
2
5
5
3
-1
-6
-11
-15
-16
-18
-15
-13
-9
0
7
14
22
30
34
37
38
39
41
41
40
39
40
39
39
37
35
34
33
30
27
23
21
20
21
23
26
30
33
36
37
37
35
32
29
25
20
16
15
14
14
15
16
17
16
16
15
10
3
-3
-9
-14
-19
-21
-23
-20
-18
-16
-13
-12
-11
-12
-14
-18
-22
-26
-31
-36
-39
-41
-41
-41
-43
-44
-45
-47
-52
-54
-55
-57
-55
-54
-51
-47
-40
-32
-26
-21
-17
-15
-14
-15
-17
-18
-18
-19
-17
-16
-11
-7
-2
3
7
12
14
16
17
20
24
28
33
39
44
49
54
57
60
61
62
61
56
53
51
50
50
49
50
51
54
55
56
54
53
52
47
44
39
36
34
32
31
30
26
21
15
9
5
0
-6
-11
-15
-16
-17
-16
-17
-15
-15
-17
-20
-25
-31
-36
-41
-45
-49
-53
-55
-54
-53
-50
-48
-44
-43
-44
-45
-46
-46
-50
-53
-54
-55
-55
-57
-55
-56
-54
-54
-54
-54
-55
-54
-52
-49
-46
-41
-37
-33
-28
-25
-23
-22
-20
-21
-23
-23
-23
-24
-22
-17
-12
-5
2
9
17
24
32
37
41
42
44
46
46
45
45
46
47
48
49
51
54
55
56
57
57
56
54
52
50
48
46
44
40
37
36
34
34
31
28
25
24
21
18
15
11
6
4
1
-2
-6
-9
-11
-13
-13
-13
-16
-17
-16
-18
-17
-16
-15
-14
-11
-9
-6
-7
-7
-9
-11
-13
-16
-19
-21
-23
-25
-25
-24
-23
-21
-19
-18
-15
-14
-13
-12
-10
-8
-6
-6
-6
-4
-3
0
2
4
5
7
9
10
12
13
14
13
13
13
13
14
16
17
19
23
26
31
35
40
44
47
48
48
47
45
43
40
37
36
33
30
28
27
26
27
26
26
25
25
25
24
24
24
24
24
22
20
19
15
13
9
4
-2
-7
-10
-14
-17
-18
-20
-21
-21
-21
-22
-24
-26
-30
-32
-35
-38
-41
-44
-45
-46
-45
-44
-42
-39
-36
-35
-33
-32
-32
-33
-33
-34
-34
-34
-33
-32
-31
-30
-27
-23
-20
-16
-11
-8
-5
-1
1
3
6
6
6
8
7
6
6
3
4
2
-1
-3
-5
-7
-9
-12
-13
-12
-13
-13
-13
-13
-12
-11
-11
-10
-11
-11
-12
-12
-11
-10
-10
-8
-6
-4
-2
1
2
4
5
6
6
5
4
5
6
8
11
14
15
17
20
22
22
21
20
17
14
10
8
4
0
-3
-6
-7
-9
-10
-11
-15
-17
-19
-21
-23
-24
-25
-26
-26
-25
-24
-23
-22
-23
-21
-21
-20
-18
-18
-17
-15
-14
-12
-10
-6
-3
0
4
7
10
13
16
17
20
22
24
26
27
28
28
30
31
32
31
29
26
24
21
17
15
12
8
6
4
2
1
2
1
-1
-2
-4
-5
-7
-8
-9
-9
-11
-11
-13
-13
-14
-14
-15
-14
-16
-17
-16
-16
-16
-15
-15
-14
-12
-10
-7
-3
1
4
6
8
11
11
12
12
12
11
12
10
10
10
10
9
11
10
10
11
10
10
8
6
4
3
4
3
4
5
7
6
6
6
6
5
5
3
1
-1
-2
-5
-8
-8
-10
-11
-11
-11
-9
-9
-7
-6
-6
-7
-5
-3
-1
1
2
3
4
5
6
8
7
6
4
0
-1
-2
-2
-3
-2
-3
-1
-2
0
2
3
6
4
5
4
4
2
1
1
0
-2
-3
-4
-2
-1
-1
-2
-5
-6
-9
-10
-11
-12
-14
-15
-15
-14
-12
-10
-8
-5
-3
1
4
7
9
11
13
14
13
13
13
13
15
15
16
16
16
15
15
14
16
17
16
18
18
19
19
18
20
19
18
17
17
14
12
9
5
2
0
-2
-3
-5
-7
-9
-11
-12
-13
-13
-15
-14
-17
-17
-19
-18
-18
-17
-15
-14
-11
-9
-7
-7
-4
-2
-1
-1
-2
-2
-3
-2
-2
-2
-2
-2
-1
0
1
3
3
4
3
1
-1
-1
-3
-4
-4
-5
-5
-6
-6
-6
-4
-5
-4
-5
-6
-6
-6
-8
-8
-8
-8
-7
-7
-6
-6
-5
-4
-2
-2
2
2
4
4
5
7
10
12
13
13
15
17
18
18
19
21
22
20
18
16
15
13
11
10
10
9
5
3
1
0
0
1
1
-1
-2
-4
-2
-4
-3
-3
-3
-4
-5
-5
-4
-4
-5
-6
-8
-9
-10
-12
-12
-10
-9
-8
-7
-5
-5
-3
-2
-2
0
0
-2
-1
0
1
4
4
6
8
10
11
11
11
11
10
9
8
6
4
4
3
3
6
6
8
10
12
12
14
13
15
15
14
13
12
12
10
10
10
9
8
5
4
2
1
0
-3
-4
-7
-9
-10
-11
-10
-10
-8
-7
-6
-3
0
1
3
4
4
7
8
8
8
10
10
10
10
9
8
7
6
5
3
3
4
5
6
7
7
9
9
9
9
9
9
7
5
1
1
-2
-5
-7
-11
-13
-15
-17
-19
-21
-22
-23
-24
-26
-27
-27
-28
-26
-26
-23
-22
-18
-15
-13
-10
-7
-3
-1
1
2
1
1
2
3
4
6
5
6
5
7
9
12
13
13
12
13
11
11
12
13
11
10
10
9
9
8
9
7
5
3
0
-2
-4
-6
-8
-9
-12
-14
-16
-17
-19
-20
-21
-21
-22
-22
-21
-19
-16
-16
-14
-13
-11
-9
-8
-5
-4
-3
-3
-2
-1
0
0
1
2
1
1
3
4
5
5
6
6
7
6
7
7
5
6
6
5
6
7
8
6
6
6
5
3
2
0
-3
-5
-8
-11
-13
-14
-15
-15
-15
-16
-16
-14
-11
-9
-7
-5
-4
-4
-2
0
1
4
5
6
7
8
9
11
12
13
12
13
12
11
11
11
12
13
11
13
13
13
13
13
13
12
10
7
7
5
4
2
1
-2
-6
-10
-13
-16
-19
-23
-26
-29
-31
-31
-32
-34
-34
-32
-31
-30
-28
-26
-25
-24
-21
-19
-17
-13
-11
-9
-7
-5
-3
-1
3
5
5
6
8
7
8
8
9
9
10
9
9
9
11
12
12
11
10
7
6
5
3
2
-1
-4
-7
-10
-13
-15
-17
-21
-23
-26
-29
-31
-32
-32
-33
-33
-31
-29
-27
-24
-20
-17
-12
-10
-7
-5
0
6
10
13
16
18
20
22
25
26
28
27
27
27
26
26
25
25
24
22
22
21
20
21
21
18
16
12
9
7
5
2
-2
-5
-9
-12
-14
-18
-20
-23
-25
-28
-30
-30
-31
-30
-29
-28
-26
-25
-22
-18
-14
-10
-6
-1
2
7
10
13
15
17
20
20
20
21
21
21
20
18
18
17
17
17
17
17
15
14
12
11
10
10
8
8
6
4
3
1
-1
-3
-6
-9
-11
-12
-14
-14
-14
-15
-15
-15
-15
-13
-14
-12
-10
-9
-8
-6
-4
-2
-1
1
3
6
8
10
11
13
14
15
14
14
12
12
11
11
10
10
9
7
6
5
4
3
2
2
2
1
1
0
0
-1
-3
-3
-3
-3
-5
-6
-8
-9
-10
-11
-11
-12
-13
-14
-13
-13
-12
-11
-11
-10
-11
-9
-8
-7
-6
-4
-2
-1
0
1
2
4
5
7
9
9
10
11
11
10
11
11
10
10
10
9
10
10
10
11
10
9
9
8
9
8
8
7
5
4
2
1
0
-2
-2
-3
-5
-7
-8
-8
-10
-12
-13
-14
-16
-15
-15
-13
-13
-12
-11
-11
-8
-6
-4
-3
-1
1
3
5
6
9
11
12
13
15
17
19
20
21
22
23
24
24
25
25
24
23
24
23
23
23
21
20
18
17
15
15
13
11
9
6
5
4
1
0
-2
-3
-6
-8
-10
-11
-12
-12
-13
-14
-14
-14
-15
-13
-12
-12
-12
-13
-13
-11
-10
-8
-7
-5
-3
-4
-2
-2
-1
0
-1
-2
-1
-2
-4
-4
-2
-3
-4
-4
-5
-4
-6
-9
-9
-10
-12
-13
-13
-13
-14
-13
-14
-14
-13
-13
-14
-14
-14
-14
-14
-15
-14
-14
-12
-12
-12
-9
-8
-6
-4
-2
1
2
6
7
10
13
16
18
21
25
27
29
31
32
33
33
33
33
33
34
33
32
30
29
28
26
26
23
22
20
17
15
15
12
9
7
5
3
0
-3
-4
-5
-8
-10
-12
-15
-16
-19
-21
-22
-23
-24
-27
-28
-29
-29
-30
-29
-30
-29
-28
-26
-24
-23
-21
-19
-17
-14
-12
-11
-9
-8
-7
-5
-5
-5
-3
-3
-2
-2
-1
-1
0
0
1
2
2
3
5
5
7
7
7
8
8
10
9
9
11
11
10
10
8
8
9
8
8
7
7
6
5
5
6
5
5
5
6
7
8
8
10
13
14
16
18
19
18
19
19
19
20
19
20
19
19
19
17
16
14
13
12
9
7
4
2
0
-1
-3
-4
-6
-8
-10
-11
-12
-15
-17
-18
-21
-23
-27
-30
-33
-36
-39
-40
-42
-44
-47
-49
-50
-49
-49
-49
-48
-46
-45
-41
-40
-37
-31
-30
-27
-23
-18
-13
-9
-6
-3
0
2
5
8
11
14
16
17
19
20
21
22
22
24
24
25
27
27
28
29
31
31
32
33
33
33
31
30
30
28
26
25
23
21
19
17
15
12
10
8
7
5
2
1
-1
-1
-2
0
0
-2
0
0
0
0
1
2
3
4
4
5
6
6
5
4
4
3
3
2
1
-1
-2
-3
-4
-5
-5
-7
-9
-12
-14
-17
-20
-20
-25
-26
-29
-32
-34
-35
-35
-36
-36
-36
-36
-35
-34
-34
-31
-29
-27
-25
-22
-19
-16
-13
-11
-7
-4
-1
3
5
8
9
12
14
16
19
20
21
24
26
28
29
33
34
34
36
36
37
38
38
40
40
41
40
41
42
42
41
40
37
35
32
30
25
21
18
12
9
4
1
-2
-7
-10
-15
-19
-21
-23
-26
-27
-30
-31
-33
-32
-31
-29
-28
-27
-26
-24
-23
-21
-19
-17
-16
-16
-14
-13
-12
-11
-10
-8
-7
-8
-8
-9
-9
-9
-9
-10
-10
-11
-11
-11
-11
-9
-8
-8
-8
-8
-10
-10
-11
-11
-12
-14
-15
-18
-19
-22
-24
-27
-29
-30
-32
-31
-33
-31
-31
-29
-26
-23
-19
-14
-10
-4
3
7
12
17
22
26
29
32
34
36
36
37
38
37
37
37
37
35
34
33
31
29
29
27
25
23
22
21
20
19
17
15
13
11
8
6
2
0
-4
-8
-11
-15
-18
-21
-23
-24
-25
-26
-27
-28
-28
-27
-26
-24
-22
-20
-17
-15
-12
-10
-7
-4
-3
1
2
4
3
3
4
6
6
9
10
12
12
13
14
16
16
18
18
19
20
20
20
20
19
17
15
15
12
11
7
4
2
0
-2
-5
-7
-10
-11
-12
-12
-12
-11
-10
-11
-10
-8
-7
-5
-3
-1
1
3
6
6
7
7
5
6
6
6
6
5
4
4
2
2
2
2
4
5
6
7
6
5
8
10
11
14
15
16
15
15
14
13
11
8
6
5
4
2
-2
-5
-9
-13
-14
-17
-19
-20
-21
-22
-22
-23
-23
-22
-20
-18
-16
-14
-13
-11
-10
-8
-7
-7
-8
-8
-7
-7
-7
-7
-5
-6
-6
-6
-5
-4
-4
-3
-2
0
0
3
5
6
7
9
11
13
13
15
16
15
14
13
13
12
13
11
9
8
6
4
2
2
1
-1
-2
-3
-4
-4
-5
-5
-4
-2
-1
1
2
2
3
5
6
8
9
10
11
12
13
13
14
14
13
13
13
13
12
14
14
16
16
15
16
17
16
17
17
17
15
15
13
11
9
7
5
3
2
-1
-2
-5
-7
-9
-10
-11
-11
-13
-13
-14
-14
-14
-13
-14
-14
-13
-13
-12
-11
-11
-10
-10
-9
-8
-9
-8
-6
-5
-5
-4
-4
-4
-5
-3
-3
-2
-1
1
2
3
2
4
5
6
