4
3
3
2
2
2
3
3
5
3
3
3
3
2
2
3
2
2
1
1
0
0
0
-1
-1
-1
-1
0
-1
-2
-2
-2
-2
-3
-2
-3
-3
-4
-3
-1
-1
-3
-2
-2
-2
-2
-2
-1
-1
0
0
-1
0
1
0
0
1
1
1
1
1
2
2
2
3
3
2
0
0
0
-1
0
-1
-1
-1
-1
-2
-2
-1
-2
-2
-1
-1
-3
-2
-2
-3
-1
-1
0
0
-1
-1
-1
-1
-1
-1
0
0
0
0
1
0
0
1
0
0
0
0
0
0
1
0
0
0
0
-1
-1
-1
-1
-1
-1
0
-1
0
-1
-1
-2
-1
-1
0
-2
-1
-1
-2
-2
-2
-1
-2
-2
-1
-3
-3
-3
-2
-2
-2
-2
-3
-3
-2
-3
-3
-4
-3
-4
-4
-2
-3
-3
-2
-2
-2
-1
-1
0
1
0
2
2
1
1
0
1
0
-1
0
1
0
0
3
2
3
3
3
1
2
2
2
1
1
2
2
3
3
3
4
5
4
4
5
3
3
3
3
2
1
1
0
-1
0
1
1
2
4
1
2
1
0
-3
-3
-5
-6
-6
-4
-4
-2
-1
-2
-3
-4
-6
-9
-9
-11
-11
-10
-8
-8
-6
-4
-4
-5
-4
-4
-7
-6
-5
-4
-5
-2
0
0
1
0
0
-2
-1
-3
-1
0
2
4
4
5
3
4
2
3
3
2
2
3
1
3
3
4
6
6
6
5
6
5
5
4
5
2
3
2
1
2
2
3
2
4
4
2
3
2
0
-1
-2
-4
-7
-5
-6
-5
-4
-2
-1
-3
-2
-4
-5
-6
-6
-9
-8
-7
-9
-7
-7
-8
-8
-7
-6
-7
-4
-4
-4
-4
-3
-3
-4
-2
-4
-1
-1
1
2
6
7
10
8
10
8
6
6
6
7
7
9
9
11
11
13
12
11
13
10
10
9
11
9
10
12
11
11
9
7
5
4
3
2
5
5
7
8
10
8
5
4
-2
-5
-8
-9
-9
-7
-3
0
3
5
4
-1
-4
-9
-15
-19
-21
-21
-18
-14
-8
-7
-2
0
-3
-5
-9
-12
-17
-16
-16
-14
-10
-6
-1
-1
2
2
-1
0
-2
-2
0
3
3
5
9
8
7
8
6
2
1
4
2
5
9
12
11
11
11
5
2
-2
-4
-4
-1
2
3
7
6
6
4
3
-2
-5
-4
-7
-5
-2
-1
-3
0
2
1
-2
0
-3
-5
-4
-3
-4
-5
2
-3
-1
-5
-5
-13
-11
-10
-13
-8
-6
-1
-9
-4
-10
-11
-13
-13
-19
-18
-11
-11
-7
-1
0
0
6
6
-1
-1
3
0
-4
3
3
5
8
15
11
14
20
20
17
17
16
13
17
16
11
12
14
12
9
11
9
8
12
13
9
10
16
14
9
10
7
4
7
7
3
3
9
7
6
10
9
9
12
13
7
9
9
6
-1
3
2
0
1
1
-2
-3
-1
-6
-7
-9
-11
-15
-13
-15
-20
-18
-14
-17
-19
-13
-13
-16
-17
-14
-20
-22
-19
-19
-20
-17
-13
-11
-6
-3
-4
-1
-1
-5
-9
-8
-13
-15
-10
-7
-9
-6
0
0
-4
-3
-6
-9
-9
-9
-11
-12
-6
-5
-3
-2
-2
-3
-1
-1
-6
-5
-1
1
1
6
9
12
15
15
13
12
13
11
9
9
11
12
18
17
18
18
20
17
13
14
11
12
10
16
12
14
14
14
11
10
8
7
7
7
10
8
9
9
12
12
9
9
10
9
6
2
2
2
4
8
7
9
7
9
5
0
0
0
4
0
-1
1
0
-1
-5
-8
-8
-8
-3
-5
-7
-9
-9
-8
-11
-13
-12
-8
-6
-8
-12
-11
-13
-10
-13
-15
-14
-14
-11
-11
-13
-10
-10
-5
-4
-7
-4
-8
-2
-7
-5
-5
-8
-2
-2
0
0
-2
3
1
-2
-3
-6
-1
-4
-1
2
0
5
4
4
-3
-8
-10
-12
-11
-9
-4
1
5
6
7
5
9
5
4
1
-2
0
-2
3
4
10
12
11
12
11
15
16
22
23
23
18
12
2
-3
-9
-13
-7
-3
10
8
11
13
14
21
12
3
-1
-12
-14
-46
-60
-49
-30
22
28
55
68
71
66
-3
-31
-58
-50
-29
-45
-26
-6
41
67
41
37
36
55
49
-3
-41
-65
-51
-50
-66
-59
-21
44
73
60
28
25
26
15
-28
-62
-56
-37
-23
-42
-56
-32
13
45
40
32
40
53
41
-1
-47
-57
-49
-39
-44
-40
-10
32
60
60
46
45
49
31
-1
-41
-54
-55
-52
-48
-42
-14
20
41
47
40
33
25
5
-20
-49
-63
-56
-51
-37
-24
-2
25
43
50
44
38
30
17
-2
-24
-39
-33
-24
-15
-11
0
18
29
31
27
20
21
19
5
-16
-32
-32
-29
-29
-30
-23
-1
16
24
22
15
16
13
5
-11
-22
-21
-16
-17
-21
-19
-4
13
27
29
26
29
30
19
3
-13
-17
-15
-14
-12
-12
1
17
25
27
20
19
18
8
2
-9
-9
-8
-12
-10
-12
-5
5
10
18
19
23
25
17
12
1
-3
-6
-7
-1
-2
3
7
5
8
6
11
17
21
19
9
0
-9
-15
-16
-15
-11
-2
4
5
1
-1
1
3
5
4
2
1
-3
-11
-19
-24
-22
-12
-4
7
10
17
19
15
10
3
1
1
-4
-8
-18
-18
-13
-6
6
11
18
21
19
13
-1
-9
-15
-20
-20
-24
-21
-17
-11
-2
3
8
12
11
7
0
-8
-15
-19
-21
-19
-14
-7
-2
3
11
12
13
9
7
3
-1
-5
-13
-15
-10
-4
0
1
3
3
5
2
-2
-1
1
1
-4
-6
-10
-10
-7
-6
-4
-2
3
4
4
6
2
1
0
1
1
1
3
2
3
2
0
1
2
7
6
7
6
7
7
7
6
2
2
1
-1
-4
-4
-2
-1
-1
0
1
4
5
4
1
3
3
0
-5
-8
-6
-1
2
3
2
5
4
4
-1
-2
0
4
8
5
3
0
-1
-4
-7
-9
-8
-5
1
1
1
3
6
7
6
0
-5
-8
-12
-16
-17
-13
-3
7
13
14
13
13
8
3
-3
-6
-8
-6
-7
-5
-4
2
6
10
13
11
8
2
-3
-8
-12
-11
-11
-7
-1
-2
0
-4
-2
1
0
5
1
2
3
-3
-5
-14
-12
-10
-6
1
1
4
7
7
7
1
0
1
1
0
-5
-7
-6
-2
1
0
3
6
8
8
3
-1
-2
-1
-2
-4
-5
-4
-1
0
0
0
1
5
4
5
3
2
4
0
1
-3
-4
-2
-6
-4
-1
3
8
10
12
11
8
3
-2
-6
-10
-11
-9
-4
1
6
10
12
9
6
3
0
-3
-6
-11
-11
-8
-4
0
4
7
11
10
7
3
-1
-3
-3
-4
-4
-1
3
5
4
3
3
5
6
3
2
3
4
1
1
-1
-2
0
-2
-2
-1
2
4
7
8
7
5
5
2
-2
-4
-5
-6
-5
-4
-2
-1
1
4
4
4
3
0
-1
-5
-7
-9
-8
-3
-4
-2
0
1
3
1
-1
-4
-3
-2
-5
-5
-5
-4
-1
-3
-3
-2
2
3
1
0
-1
0
1
-1
-1
0
3
3
0
-2
-4
-4
-4
-5
-2
0
3
4
4
3
0
1
0
-4
-5
-7
-4
-4
-2
-1
-1
3
3
3
0
-3
-2
-5
-4
-6
-6
-2
-2
1
0
1
3
2
4
2
0
1
0
-1
-2
-3
-1
-2
0
-1
0
0
3
6
5
5
4
3
2
-2
-4
-2
0
4
4
6
7
7
7
4
0
-1
0
1
-1
0
-1
1
4
3
4
2
2
2
0
-2
-3
-1
3
3
3
1
0
0
-1
-3
-4
-3
0
0
1
-2
1
3
4
2
-1
-2
-1
1
1
1
4
6
7
5
1
0
-1
0
-1
-3
0
3
4
4
1
0
-2
-1
-1
-3
-4
-4
-2
-1
-2
-1
-1
1
1
-1
-3
-4
-3
-4
-4
-7
-5
-1
0
-1
-2
-1
0
0
-2
-4
-4
-2
-2
-2
-3
-4
-1
0
0
0
-1
2
2
0
-3
-5
-3
-3
-2
-3
-3
-1
1
0
-2
-4
-1
-1
-2
-3
-3
-2
0
1
0
-1
-2
-1
-1
-3
-4
-3
2
2
1
0
0
2
3
1
0
-1
-1
1
2
3
4
8
9
7
5
2
0
0
0
1
1
4
6
8
8
5
4
3
2
0
-3
-3
-3
-1
-1
-1
2
2
3
1
-3
-4
-6
-6
-5
-5
-3
-1
1
3
2
3
2
2
1
-1
-2
-4
-4
-3
-4
-2
0
2
5
5
5
4
3
2
1
-2
-4
-2
0
1
1
2
3
3
3
4
3
3
1
-1
-3
-4
-4
-4
-2
-3
-2
0
1
2
1
0
0
-1
-2
-3
-5
-6
-6
-5
-5
-5
-3
0
2
2
2
1
0
-3
-6
-10
-11
-10
-8
-7
-7
-3
-2
0
-1
-1
-2
-3
-5
-7
-8
-9
-9
-6
-6
-4
-2
0
2
2
1
-1
-3
-5
-6
-5
-5
-3
-2
0
1
2
3
3
3
4
4
3
2
2
0
0
0
0
2
5
5
5
7
6
6
7
7
5
4
5
4
4
4
5
6
5
5
4
3
4
4
3
4
4
3
4
4
1
0
0
1
1
1
1
1
3
3
3
2
1
0
1
0
-1
-1
2
2
1
1
2
3
3
2
0
-1
-1
0
0
0
-1
0
2
2
2
0
1
1
0
-1
-2
-2
-2
-2
-2
-3
-2
0
1
1
1
1
0
0
-2
-4
-4
-3
-3
-1
-1
0
2
3
1
0
-1
0
-2
-3
-3
-3
-2
-1
-1
-2
-1
0
0
0
-1
-2
-3
-3
-4
-5
-3
-2
-1
-1
-1
-2
-2
-1
-2
-3
-4
-4
-5
-4
-3
-3
-2
-1
-1
-2
-1
0
-1
0
0
-1
-2
-2
-2
-2
-1
-1
0
1
2
1
2
2
2
2
2
3
2
3
3
1
1
2
2
2
3
3
3
3
3
1
0
0
-1
-1
0
1
2
5
6
4
3
3
2
2
0
1
0
1
1
0
1
1
2
3
2
1
1
2
2
1
1
3
4
4
5
4
3
4
3
3
2
2
3
3
5
5
3
5
4
3
3
2
2
2
2
2
2
3
3
2
2
0
0
0
0
-1
-2
-2
-3
-3
-2
-2
-3
-2
-2
-3
-3
-3
-3
-2
-3
-3
-4
-3
-2
-2
-3
-3
-3
-4
-3
-5
-5
-5
-3
-3
-3
-3
-3
-3
-3
-2
-4
-3
-4
-4
-4
-4
-3
-2
-2
-1
-1
-2
-1
-2
-1
-2
-2
-1
-2
0
-2
-2
-2
-3
-2
-2
-3
-3
-3
-1
-1
0
0
0
1
1
0
0
0
1
1
2
1
0
2
2
2
1
2
2
1
2
3
3
2
3
3
3
3
3
2
3
3
3
2
2
2
2
2
1
2
2
2
0
0
-1
1
2
2
2
2
2
3
1
1
2
1
1
2
1
0
0
1
0
1
1
1
0
1
3
1
2
2
1
1
1
1
2
0
-1
1
1
1
1
-1
-2
-1
0
-1
-2
-2
-2
-4
-4
-3
-4
-4
-4
-5
-5
-6
-5
-4
-3
-4
-6
-6
-5
-5
-4
-2
-3
-2
-2
-2
-2
-2
-3
-4
-3
-4
-4
-4
-5
-6
-5
-4
-3
-2
-3
-3
-3
-3
-2
-1
-1
-1
-1
-2
-1
-1
0
0
0
-1
-1
-1
-1
-2
-1
-3
-2
-1
0
-1
-1
-1
0
2
1
3
2
3
3
4
3
3
4
4
4
3
2
2
4
5
4
3
2
2
3
1
1
1
1
2
1
1
2
3
4
4
3
2
2
2
2
2
0
0
0
1
2
1
2
2
1
0
0
0
-1
0
-1
-2
-1
-1
0
0
-1
1
1
1
1
0
0
0
-1
0
0
0
0
0
0
0
0
0
0
-1
0
-1
1
1
0
0
-1
0
0
0
0
1
1
1
1
1
0
-1
-2
-3
-3
-3
-4
-4
-4
-4
-4
-4
-3
-4
-3
-3
-3
-3
-3
-3
-3
-3
-2
-2
-2
-3
-3
-4
-3
-3
-4
-3
-3
-3
-3
-3
-4
-4
-3
-1
-1
-1
-1
0
-1
0
0
1
1
2
1
1
0
0
0
0
1
0
1
0
0
-1
-1
0
-1
0
0
0
2
3
3
3
4
3
3
3
2
2
1
1
2
1
1
0
0
0
-1
0
0
-1
-1
-1
0
0
0
1
1
2
2
2
3
3
3
2
2
2
3
2
2
3
2
2
1
0
0
1
1
2
3
2
2
3
2
1
1
1
1
2
2
4
5
4
4
4
4
3
2
2
1
0
0
0
0
0
0
0
-1
-2
-3
-3
-4
-5
-5
-4
-5
-5
-6
-5
-6
-5
-7
-7
-8
-8
-7
-9
-9
-9
-8
-9
-10
-9
-10
-10
-9
-9
-8
-6
-5
-3
-2
0
1
2
3
1
3
3
4
4
5
7
7
7
8
6
5
4
3
3
3
3
4
6
6
6
5
7
7
7
8
8
7
7
8
7
8
8
7
6
6
4
3
2
1
-1
0
0
0
2
1
1
2
2
2
4
2
2
3
3
0
-1
0
-3
-3
-6
-8
-10
-10
-10
-12
-12
-12
-12
-10
-11
-12
-11
-11
-11
-10
-8
-8
-6
-3
-3
-3
-3
-3
-3
-4
-3
-4
-1
-1
-1
0
0
1
4
6
6
8
11
12
13
16
16
18
22
22
22
22
22
22
22
21
21
21
18
18
16
16
15
13
13
10
8
7
7
6
5
3
1
0
0
-2
-3
-4
-6
-8
-8
-8
-11
-10
-10
-12
-12
-15
-16
-16
-18
-21
-20
-21
-23
-22
-21
-21
-20
-19
-20
-17
-15
-15
-11
-10
-9
-6
-2
-3
0
1
0
2
2
1
2
2
0
1
2
-1
0
0
-1
-2
0
-3
-4
0
-1
-1
2
0
-1
5
4
3
6
5
7
10
11
10
13
14
13
15
15
14
16
18
16
19
18
18
20
20
20
20
20
18
17
17
16
14
12
11
9
8
5
4
2
1
-2
-4
-7
-10
-9
-10
-11
-12
-14
-15
-16
-17
-19
-18
-20
-21
-21
-21
-21
-21
-18
-20
-17
-19
-16
-14
-11
-6
-7
-6
-9
-7
-4
-3
0
3
7
7
10
11
16
21
21
23
23
22
24
23
21
23
21
19
17
17
15
15
12
10
13
13
9
2
1
0
1
-2
-10
-15
-20
-20
-23
-22
-24
-24
-21
-26
-29
-34
-35
-31
-27
-27
-33
-33
-39
-42
-37
-38
-36
-33
-30
-30
-30
-22
-21
-13
-8
-4
7
15
24
22
19
16
19
24
23
26
20
21
19
13
14
8
12
11
7
4
0
7
-1
-1
-6
-13
-13
-15
-10
-11
-12
-17
-15
-15
-16
-14
-8
3
4
7
2
1
-8
-16
-18
-19
-17
-13
-12
-22
-21
-2
9
66
161
190
230
280
321
394
477
448
380
432
416
340
299
193
95
98
39
-118
-156
-161
-219
-207
-248
-361
-322
-249
-298
-289
-252
-284
-205
-103
-149
-156
-81
-72
-55
4
-63
-137
-101
-122
-206
-258
-316
-379
-384
-423
-523
-561
-543
-567
-602
-622
-665
-659
-610
-635
-677
-658
-639
-623
-532
-409
-313
-166
10
149
359
581
732
853
988
1095
1134
1165
1137
1094
1048
946
809
690
605
489
372
242
106
39
8
-51
-128
-175
-209
-237
-216
-221
-257
-266
-254
-246
-228
-200
-191
-150
-94
-58
-37
50
199
293
373
458
569
725
878
867
792
863
879
778
666
518
332
273
184
-72
-195
-203
-287
-340
-369
-474
-444
-340
-399
-453
-433
-493
-498
-442
-575
-728
-722
-775
-860
-891
-1023
-1185
-1177
-1173
-1292
-1341
-1327
-1300
-1223
-1148
-1065
-857
-566
-315
-83
173
478
789
1055
1231
1356
1503
1600
1610
1588
1558
1455
1322
1228
1081
901
763
604
404
248
91
-98
-222
-334
-483
-633
-736
-797
-829
-847
-887
-858
-752
-652
-535
-417
-294
-124
66
204
321
474
593
680
775
862
943
979
972
938
896
889
905
823
692
627
561
490
458
365
224
217
200
91
49
-7
-95
-84
-116
-272
-317
-301
-387
-434
-505
-660
-689
-639
-737
-839
-862
-933
-934
-894
-968
-1054
-1026
-1006
-1023
-1017
-1072
-1114
-1072
-1052
-1114
-1146
-1119
-1076
-964
-832
-722
-537
-225
69
318
586
843
1127
1421
1600
1636
1685
1751
1727
1623
1458
1250
1078
937
718
476
276
101
-49
-171
-310
-435
-505
-558
-610
-654
-689
-688
-637
-579
-562
-514
-399
-270
-130
-13
78
199
374
545
632
715
851
1014
1143
1212
1232
1261
1335
1358
1259
1125
1046
970
856
677
445
268
175
69
-102
-269
-345
-364
-382
-455
-551
-570
-521
-497
-553
-636
-695
-703
-702
-777
-926
-1022
-1073
-1133
-1199
-1302
-1413
-1449
-1409
-1454
-1526
-1507
-1446
-1353
-1246
-1189
-1150
-944
-699
-531
-323
-103
135
450
753
925
1133
1381
1525
1667
1764
1753
1747
1759
1642
1466
1325
1115
895
703
422
117
-116
-333
-553
-750
-936
-1078
-1131
-1139
-1155
-1139
-1054
-911
-745
-576
-408
-242
-25
184
336
472
601
704
805
891
907
916
971
1098
1210
1244
1260
1271
1319
1425
1416
1212
1100
1089
941
756
575
297
159
140
-87
-344
-382
-435
-502
-500
-654
-776
-663
-660
-780
-820
-936
-1031
-927
-954
-1175
-1239
-1239
-1298
-1255
-1287
-1466
-1503
-1394
-1392
-1472
-1500
-1507
-1431
-1319
-1247
-1156
-952
-624
-325
-72
198
525
922
1291
1566
1720
1897
2058
2118
2143
2042
1842
1709
1600
1327
1030
800
505
257
46
-264
-546
-687
-846
-1041
-1175
-1304
-1348
-1292
-1264
-1262
-1175
-1022
-817
-561
-352
-171
63
326
569
786
938
1072
1196
1395
1636
1663
1678
1758
1754
1763
1795
1547
1259
1302
1106
760
619
348
71
95
-30
-426
-456
-401
-534
-495
-565
-777
-671
-540
-708
-762
-791
-991
-916
-825
-1069
-1194
-1111
-1171
-1212
-1147
-1258
-1359
-1240
-1145
-1265
-1337
-1259
-1268
-1257
-1182
-1201
-1216
-991
-777
-696
-444
-171
81
460
795
975
1288
1612
1706
1901
2056
1933
1891
1928
1732
1504
1373
1060
761
614
295
-76
-295
-495
-746
-925
-1084
-1266
-1318
-1329
-1363
-1354
-1271
-1151
-998
-799
-624
-439
-173
95
320
542
752
932
1184
1447
1551
1640
1809
1926
1935
1907
1799
1649
1556
1400
1113
844
671
464
238
39
-146
-267
-351
-455
-586
-654
-690
-729
-760
-829
-903
-925
-927
-961
-996
-1010
-1032
-998
-938
-951
-978
-946
-889
-904
-939
-977
-1044
-1069
-1083
-1173
-1248
-1245
-1246
-1278
-1233
-1147
-1011
-715
-432
-193
119
471
823
1218
1556
1685
1828
2030
2075
2023
1931
1774
1599
1451
1177
858
672
486
237
-30
-282
-481
-572
-667
-846
-1000
-1110
-1180
-1179
-1132
-1122
-1115
-994
-809
-607
-401
-193
14
273
568
784
971
1329
1675
1805
1929
2019
2061
2173
2204
1865
1595
1564
1279
963
741
361
62
37
-158
-461
-470
-518
-629
-587
-677
-851
-790
-770
-912
-956
-1049
-1180
-1073
-1025
-1219
-1293
-1171
-1143
-1123
-1090
-1206
-1293
-1208
-1168
-1327
-1423
-1387
-1395
-1410
-1386
-1380
-1342
-1142
-920
-784
-489
-138
213
594
872
1128
1496
1852
1946
2033
2144
2063
2019
1987
1787
1559
1433
1188
891
745
560
288
70
-164
-414
-601
-749
-961
-1132
-1288
-1459
-1515
-1465
-1390
-1344
-1197
-976
-739
-416
-88
225
567
935
1178
1492
1987
2191
2309
2441
2445
2503
2622
2362
1903
1861
1631
1193
978
628
241
183
62
-372
-465
-431
-635
-689
-803
-1048
-1071
-1041
-1244
-1372
-1426
-1615
-1529
-1356
-1446
-1500
-1341
-1173
-1078
-941
-957
-1039
-964
-871
-985
-1187
-1162
-1137
-1252
-1296
-1331
-1362
-1230
-1006
-940
-768
-367
-3
405
785
1011
1318
1751
2043
2129
2219
2199
2126
2125
1937
1646
1421
1226
930
654
478
256
65
-142
-417
-677
-823
-954
-1176
-1357
-1546
-1759
-1821
-1746
-1722
-1699
-1541
-1341
-1025
-605
-253
67
508
916
1352
1920
2228
2448
2703
2793
2849
3006
2806
2355
2297
2073
1601
1330
963
528
438
302
-193
-390
-362
-556
-695
-903
-1233
-1305
-1285
-1501
-1714
-1818
-1972
-1874
-1665
-1721
-1767
-1573
-1361
-1246
-1069
-1011
-1131
-1070
-889
-1003
-1262
-1241
-1223
-1355
-1325
-1312
-1373
-1186
-869
-747
-557
-128
307
771
1183
1411
1680
2080
2367
2466
2462
2367
2232
2153
1924
1587
1333
1109
832
551
368
155
-39
-190
-450
-755
-925
-1052
-1288
-1494
-1679
-1953
-2076
-1966
-1887
-1854
-1697
-1438
-1082
-599
-163
211
708
1246
1717
2140
2417
2650
2923
3026
2939
2915
2819
2552
2367
2123
1770
1533
1340
1057
843
664
389
200
80
-151
-416
-689
-1007
-1250
-1449
-1750
-2019
-2154
-2253
-2306
-2259
-2173
-2063
-1898
-1732
-1619
-1478
-1327
-1305
-1365
-1385
-1455
-1596
-1649
-1726
-1851
-1860
-1809
-1741
-1570
-1292
-1018
-641
-108
423
939
1431
1833
2196
2566
2827
2860
2830
2784
2596
2352
2064
1737
1419
1158
871
560
390
238
52
-151
-410
-676
-864
-1052
-1359
-1674
-1965
-2260
-2429
-2450
-2445
-2421
-2237
-1908
-1510
-1042
-537
2
626
1268
1819
2249
2644
3011
3272
3372
3314
3221
3111
2959
2688
2359
2093
1874
1690
1497
1258
1010
845
703
483
217
-98
-447
-761
-1082
-1436
-1765
-2020
-2210
-2326
-2377
-2379
-2270
-2091
-1920
-1787
-1672
-1521
-1407
-1377
-1427
-1538
-1678
-1776
-1875
-2014
-2081
-2101
-2083
-1968
-1765
-1490
-1100
-609
-63
527
1084
1579
2073
2521
2870
3078
3095
3088
3046
2833
2508
2204
1922
1631
1347
979
662
521
383
164
-118
-413
-651
-863
-1157
-1528
-1905
-2284
-2564
-2709
-2810
-2842
-2783
-2588
-2225
-1778
-1315
-794
-213
373
1096
1685
2026
2452
2826
3014
3153
3215
2958
2822
2868
2568
2270
2158
1967
1809
1844
1684
1342
1286
1263
1036
732
314
-122
-438
-757
-1239
-1711
-2092
-2366
-2429
-2497
-2638
-2633
-2372
-2157
-2097
-1944
-1843
-1870
-1795
-1721
-1954
-2232
-2241
-2296
-2435
-2443
-2438
-2387
-2120
-1738
-1390
-955
-317
365
1029
1598
2081
2605
3106
3461
3530
3501
3467
3337
3125
2796
2430
2141
1900
1543
1145
926
744
547
341
-34
-417
-676
-948
-1344
-1739
-2173
-2653
-2915
-3012
-3085
-3127
-3031
-2763
-2358
-1839
-1319
-759
-68
702
1283
1708
2134
2516
2830
2982
2882
2699
2692
2636
2410
2222
2040
1919
1957
1964
1833
1756
1732
1614
1476
1213
786
409
32
-447
-963
-1433
-1868
-2160
-2321
-2537
-2658
-2577
-2379
-2248
-2170
-2063
-1987
-1901
-1861
-1989
-2209
-2372
-2498
-2657
-2766
-2821
-2849
-2757
-2564
-2234
-1794
-1271
-568
191
869
1472
2113
2729
3254
3663
3763
3733
3704
3606
3380
3002
2620
2281
1941
1569
1259
1024
757
537
284
-47
-318
-576
-909
-1293
-1696
-2142
-2560
-2874
-3063
-3136
-3221
-3189
-2921
-2550
-2120
-1597
-1039
-415
318
923
1361
1786
2165
2456
2629
2611
2507
2509
2468
2304
2177
2054
2006
2083
2130
2067
2011
2030
1991
1874
1628
1283
974
632
203
-316
-823
-1225
-1543
-1797
-2049
-2255
-2299
-2202
-2138
-2133
-2095
-2077
-2067
-2057
-2204
-2450
-2628
-2767
-2937
-3062
-3186
-3229
-3115
-2932
-2652
-2253
-1730
-1025
-214
486
1144
1855
2495
3087
3568
3737
3802
3888
3805
3568
3285
2957
2646
2370
2005
1653
1423
1233
1047
788
415
110
-122
-458
-863
-1313
-1826
-2306
-2656
-2895
-3072
-3183
-3147
-2916
-2564
-2120
-1526
-868
-230
412
947
1361
1773
2119
2257
2207
2148
2077
1951
1836
1713
1604
1582
1663
1691
1721
1882
2008
2006
1937
1828
1644
1405
1084
621
97
-370
-755
-1092
-1460
-1819
-2010
-2022
-2009
-2014
-1993
-2004
-1991
-1908
-1924
-2142
-2345
-2449
-2656
-2924
-3107
-3247
-3359
-3340
-3278
-3197
-2905
-2414
-1801
-1059
-336
331
1065
1875
2588
3189
3589
3714
3853
3946
3815
3568
3306
3019
2713
2433
2085
1782
1655
1491
1234
902
617
381
86
-273
-767
-1322
-1809
-2200
-2560
-2869
-3037
-3152
-3048
-2747
-2436
-2046
-1515
-946
-317
466
950
1263
1695
1944
2046
2171
2055
1707
1707
1672
1305
1176
1169
1104
1282
1519
1470
1491
1803
1916
1837
1675
1371
1130
901
498
-92
-610
-1015
-1320
-1495
-1767
-2052
-2077
-1869
-1812
-1895
-1793
-1806
-1911
-1865
-2031
-2457
-2702
-2761
-3038
-3278
-3376
-3492
-3391
-3060
-2710
-2309
-1646
-839
-67
701
1439
2107
2759
3345
3670
3790
3854
3755
3570
3377
3077
2736
2470
2140
1785
1670
1560
1268
1030
800
467
185
-87
-542
-1048
-1493
-1989
-2456
-2757
-2918
-3011
-2998
-2839
-2551
-2080
-1463
-777
-40
595
1079
1550
1980
2258
2344
2240
1964
1790
1655
1315
1006
832
712
703
836
894
957
1236
1452
1475
1464
1434
1329
1137
853
424
-53
-429
-716
-1000
-1335
-1625
-1718
-1663
-1662
-1746
-1736
-1707
-1726
-1697
-1807
-2109
-2323
-2389
-2587
-2861
-3037
-3167
-3182
-3076
-2890
-2617
-2171
-1498
-755
-43
614
1274
2008
2720
3254
3441
3541
3678
3629
3446
3155
2801
2470
2203
1848
1446
1241
1111
957
737
399
135
-20
-240
-588
-1001
-1473
-1950
-2243
-2448
-2688
-2876
-2875
-2653
-2313
-1784
-1156
-537
136
827
1393
1827
2248
2470
2507
2451
2209
1910
1636
1333
974
696
485
334
373
509
635
697
768
907
1039
1075
963
785
585
355
102
-188
-514
-833
-1010
-1123
-1295
-1422
-1458
-1506
-1567
-1576
-1637
-1774
-1835
-1921
-2115
-2324
-2488
-2621
-2753
-2852
-2968
-2980
-2749
-2385
-1836
-1186
-573
58
748
1541
2295
2932
3275
3432
3668
3719
3554
3298
2973
2602
2203
1814
1382
1083
954
767
483
211
95
4
-193
-445
-808
-1218
-1590
-1890
-2185
-2479
-2722
-2839
-2736
-2510
-2123
-1589
-1013
-349
393
1066
1625
2172
2566
2730
2795
2706
2466
2180
1841
1436
1011
659
376
175
121
140
131
128
251
390
424
397
314
197
72
-91
-300
-560
-856
-1064
-1185
-1351
-1501
-1537
-1587
-1670
-1669
-1679
-1757
-1773
-1781
-1885
-2039
-2193
-2281
-2375
-2521
-2684
-2728
-2586
-2296
-1732
-1155
-669
-27
732
1574
2396
3073
3440
3711
4070
4158
3994
3717
3387
3022
2548
2025
1497
1147
969
731
373
17
-119
-168
-300
-530
-895
-1277
-1635
-1892
-2124
-2452
-2779
-2906
-2788
-2598
-2231
-1712
-1186
-523
250
941
1555
2165
2642
2901
3010
2999
2880
2673
2349
1936
1491
1097
796
553
380
243
111
41
92
182
173
90
-13
-126
-266
-436
-612
-852
-1128
-1334
-1473
-1624
-1760
-1817
-1900
-1986
-1962
-1890
-1870
-1859
-1813
-1832
-1887
-1933
-1972
-2056
-2181
-2308
-2320
-2199
-1916
-1418
-941
-486
118
875
1682
2488
3105
3426
3762
4100
4170
4027
3777
3446
3043
2573
2036
1523
1165
877
564
171
-155
-274
-381
-554
-802
-1128
-1490
-1815
-2052
-2308
-2612
-2893
-3008
-2959
-2799
-2457
-1947
-1421
-796
-63
593
1250
1909
2402
2672
2903
2995
2874
2757
2546
2183
1825
1507
1154
850
723
588
371
230
201
222
181
96
-24
-173
-331
-480
-613
-879
-1203
-1412
-1557
-1772
-1974
-2067
-2212
-2349
-2338
-2338
-2384
-2316
-2198
-2179
-2202
-2148
-2086
-2038
-2010
-2010
-1922
-1705
-1239
-723
-314
188
800
1548
2315
3017
3456
3758
4156
4374
4354
4160
3911
3667
3241
2664
2068
1616
1286
951
541
-8
-333
-401
-515
-750
-1078
-1422
-1751
-1956
-2099
-2374
-2683
-2904
-2951
-2940
-2840
-2645
-2189
-1428
-874
-328
286
969
1719
2400
2647
2570
2880
3012
2781
2593
2172
1707
1536
1400
927
566
585
463
355
266
115
63
58
52
-173
-495
-735
-861
-969
-1357
-1806
-2028
-2069
-2229
-2431
-2498
-2721
-2825
-2621
-2598
-2760
-2688
-2482
-2468
-2424
-2309
-2317
-2195
-1945
-1724
-1405
-950
-400
167
771
1458
2155
2922
3534
3943
4327
4553
4607
4554
4415
4081
3633
3184
2555
1950
1591
1157
581
104
-230
-511
-719
-858
-1089
-1361
-1596
-1853
-2078
-2249
-2387
-2521
-2619
-2672
-2596
-2292
-1798
-1334
-900
-354
171
804
1486
1929
2156
2436
2707
2744
2738
2612
2330
2135
1939
1591
1264
1110
967
745
526
349
273
236
156
6
-175
-322
-426
-521
-774
-1125
-1395
-1558
-1797
-2133
-2382
-2624
-2862
-2933
-3009
-3164
-3201
-3085
-2990
-2941
-2822
-2697
-2547
-2359
-2138
-1915
-1582
-978
-392
108
649
1294
2023
2783
3457
3848
4196
4495
4651
4709
4521
4250
3957
3487
2877
2362
1955
1439
923
407
-145
-504
-709
-899
-1159
-1458
-1719
-1969
-2131
-2226
-2333
-2514
-2613
-2565
-2431
-2195
-1857
-1422
-968
-491
19
550
1071
1512
1877
2123
2279
2408
2437
2374
2202
2001
1827
1599
1372
1177
1001
806
609
476
385
287
148
13
-126
-297
-430
-526
-721
-1005
-1274
-1494
-1717
-1989
-2271
-2526
-2746
-2947
-3058
-3158
-3264
-3261
-3182
-3129
-3060
-2948
-2797
-2624
-2397
-2113
-1694
-1078
-493
104
728
1402
2162
2958
3655
4072
4439
4750
4886
4905
4753
4518
4159
3679
3156
2618
2183
1711
1178
622
92
-278
-567
-857
-1207
-1581
-1882
-2167
-2388
-2552
-2706
-2849
-2911
-2820
-2619
-2296
-1896
-1474
-957
-419
119
659
1140
1524
1818
2082
2198
2235
2275
2219
2073
1876
1706
1526
1368
1267
1076
852
701
627
578
454
271
102
-12
-124
-303
-493
-776
-1031
-1200
-1426
-1730
-2055
-2296
-2523
-2742
-2906
-3104
-3238
-3297
-3331
-3354
-3383
-3320
-3307
-3237
-3101
-2946
-2658
-2184
-1524
-935
-314
422
1223
2134
3023
3755
4276
4753
5153
5321
5343
5217
4993
4629
4066
3435
2848
2411
1939
1392
764
177
-140
-406
-723
-1104
-1523
-1918
-2243
-2448
-2690
-2978
-3191
-3260
-3193
-3049
-2769
-2336
-1835
-1274
-652
-48
524
1117
1675
1974
2145
2318
2373
2348
2281
2097
1831
1661
1544
1386
1244
1107
972
887
874
869
764
601
494
398
215
-16
-242
-558
-907
-1198
-1483
-1806
-2171
-2442
-2674
-2930
-3084
-3154
-3265
-3379
-3376
-3370
-3433
-3433
-3438
-3449
-3415
-3274
-3035
-2602
-2014
-1405
-730
11
925
1909
2894
3692
4333
4975
5399
5622
5692
5596
5369
4995
4464
3770
3168
2750
2251
1664
1025
523
206
-68
-353
-746
-1190
-1625
-1981
-2284
-2652
-3033
-3350
-3560
-3651
-3579
-3358
-3012
-2482
-1867
-1225
-587
90
806
1442
1879
2097
2281
2421
2421
2354
2134
1824
1605
1462
1296
1085
983
909
886
938
956
919
860
835
772
615
415
154
-136
-480
-886
-1264
-1622
-1967
-2296
-2570
-2831
-3013
-3064
-3106
-3146
-3172
-3181
-3178
-3190
-3238
-3358
-3411
-3353
-3226
-2858
-2379
-1881
-1312
-597
323
1288
2297
3146
3869
4591
5083
5431
5622
5630
5490
5127
4615
3969
3460
3070
2548
1941
1309
890
643
403
133
-246
-673
-1079
-1394
-1722
-2156
-2584
-2968
-3274
-3519
-3629
-3535
-3296
-2856
-2357
-1840
-1220
-500
294
946
1431
1727
1995
2253
2293
2229
2030
1785
1608
1413
1228
1032
921
852
836
921
929
960
995
990
972
844
719
510
225
-117
-533
-913
-1293
-1657
-2065
-2419
-2687
-2894
-2985
-3072
-3171
-3187
-3187
-3203
-3219
-3280
-3394
-3461
-3441
-3446
-3172
-2708
-2280
-1738
-1078
-220
702
1729
2653
3372
4116
4651
5049
5310
5397
5374
5092
4646
4075
3593
3266
2794
2249
1667
1240
994
779
579
235
-122
-466
-811
-1119
-1501
-1914
-2328
-2672
-3000
-3222
-3224
-3149
-2902
-2530
-2112
-1633
-1028
-341
258
753
1112
1406
1677
1803
1827
1701
1521
1375
1216
1099
971
871
795
791
884
944
1011
1028
1035
1057
961
851
680
421
119
-226
-604
-1009
-1367
-1733
-2082
-2366
-2591
-2721
-2820
-2921
-2962
-2994
-3050
-3091
-3148
-3254
-3366
-3425
-3436
-3262
-2896
-2508
-2050
-1487
-714
204
1184
2141
2899
3653
4300
4725
5014
5174
5215
5034
4639
4109
3573
3223
2844
2356
1815
1328
1077
940
768
508
184
-131
-448
-736
-1059
-1472
-1902
-2261
-2581
-2880
-3013
-2969
-2808
-2541
-2187
-1833
-1374
-758
-190
234
565
809
1024
1239
1302
1179
1028
947
847
778
744
672
646
728
882
1016
1098
1153
1207
1249
1209
1086
941
702
392
56
-308
-700
-1061
-1343
-1666
-1992
-2202
-2338
-2438
-2507
-2544
-2624
-2704
-2730
-2812
-2914
-3078
-3244
-3284
-3221
-2930
-2575
-2196
-1731
-1111
-259
633
1578
2377
3062
3764
4248
4603
4795
4845
4795
4489
4040
3544
3179
2857
2458
2030
1537
1226
1104
957
783
513
197
-125
-427
-731
-1104
-1501
-1907
-2236
-2516
-2713
-2718
-2602
-2384
-2105
-1790
-1420
-949
-454
-84
198
363
516
687
705
633
491
360
288
228
233
245
314
428
611
852
1026
1186
1324
1425
1463
1379
1270
1066
775
444
97
-280
-680
-989
-1299
-1626
-1869
-2032
-2155
-2251
-2323
-2376
-2482
-2557
-2641
-2766
-2936
-3139
-3213
-3202
-2966
-2603
-2260
-1826
-1255
-468
420
1328
2085
2721
3395
3920
4281
4485
4518
4470
4254
3882
3415
3037
2770
2451
2073
1621
1321
1201
1098
962
719
455
149
-134
-399
-745
-1128
-1518
-1839
-2127
-2302
-2302
-2235
-2050
-1785
-1481
-1121
-732
-318
-7
209
315
364
429
354
221
29
-156
-255
-347
-348
-317
-225
-65
157
451
687
883
1073
1238
1359
1350
1294
1162
927
676
382
61
-294
-604
-874
-1173
-1425
-1625
-1749
-1834
-1924
-2023
-2169
-2290
-2405
-2557
-2750
-3011
-3201
-3264
-3149
-2833
-2515
-2122
-1619
-936
-79
829
1712
2317
2913
3532
3884
4103
4148
4106
3927
3568
3156
2700
2427
2218
1950
1620
1258
1150
1128
1070
944
695
445
144
-148
-468
-845
-1247
-1621
-1882
-2130
-2243
-2157
-1985
-1683
-1353
-1021
-618
-192
177
410
554
552
503
476
266
-10
-293
-519
-658
-774
-759
-682
-520
-284
21
395
658
892
1128
1266
1330
1265
1164
980
712
446
154
-143
-429
-614
-810
-1030
-1184
-1311
-1371
-1439
-1564
-1709
-1887
-2095
-2316
-2548
-2834
-3158
-3332
-3380
-3252
-2864
-2467
-1965
-1331
-512
463
1436
2308
2867
3438
4012
4296
4365
4248
4080
3780
3355
2910
2439
2162
1966
1762
1505
1229
1204
1238
1187
1034
778
464
65
-268
-635
-1097
-1543
-1913
-2154
-2303
-2307
-2122
-1839
-1433
-991
-544
-112
277
626
798
853
769
594
383
46
-309
-676
-960
-1122
-1215
-1162
-1042
-811
-534
-201
204
501
735
916
1035
1040
910
772
547
266
0
-232
-442
-646
-718
-776
-877
-940
-961
-966
-1058
-1184
-1362
-1606
-1866
-2176
-2487
-2858
-3228
-3433
-3492
-3366
-3004
-2479
-1901
-1197
-305
688
1694
2579
3200
3713
4186
4397
4361
4182
3924
3592
3162
2685
2215
1928
1813
1701
1518
1322
1304
1363
1298
1140
858
466
26
-433
-901
-1412
-1900
-2246
-2469
-2596
-2561
-2299
-1880
-1375
-806
-325
128
580
945
1143
1155
1045
825
562
217
-206
-592
-894
-1058
-1126
-1095
-917
-668
-361
-26
317
634
846
985
1028
955
752
519
321
34
-263
-474
-628
-717
-740
-710
-723
-738
-710
-720
-802
-960
-1171
-1455
-1819
-2174
-2559
-2939
-3262
-3518
-3603
-3528
-3169
-2578
-1901
-1144
-325
646
1602
2514
3255
3675
4087
4335
4276
4050
3770
3532
3174
2752
2312
1977
1909
1887
1835
1674
1527
1556
1513
1327
979
495
-38
-607
-1144
-1721
-2257
-2680
-2919
-2999
-3012
-2810
-2357
-1755
-1145
-610
-178
270
744
1040
1104
998
793
570
297
-49
-424
-717
-856
-877
-830
-694
-418
-79
222
502
778
964
1060
1072
957
697
416
218
-1
-316
-576
-684
-693
-677
-632
-582
-570
-547
-532
-582
-753
-1012
-1303
-1669
-2112
-2524
-2880
-3195
-3457
-3622
-3599
-3364
-2830
-2081
-1303
-516
319
1260
2210
3048
3628
3930
4202
4315
4164
3905
3624
3354
3013
2643
2293
2061
2059
2096
2038
1842
1648
1616
1507
1188
690
82
-568
-1208
-1761
-2301
-2808
-3170
-3292
-3262
-3120
-2769
-2208
-1595
-1020
-491
-42
395
782
973
952
817
630
432
268
32
-225
-336
-330
-252
-91
152
419
684
919
1095
1229
1273
1205
1046
767
436
148
-73
-316
-593
-777
-827
-769
-702
-640
-625
-662
-656
-699
-848
-1117
-1469
-1837
-2231
-2613
-2950
-3226
-3441
-3587
-3602
-3429
-3037
-2430
-1657
-858
-79
715
1582
2448
3167
3659
3881
4055
4161
4030
3822
3589
3343
3089
2820
2564
2344
2322
2343
2209
1955
1676
1505
1263
821
274
-386
-1080
-1707
-2241
-2735
-3191
-3468
-3526
-3435
-3247
-2929
-2428
-1859
-1284
-748
-322
44
406
689
763
708
629
584
526
430
333
285
417
613
784
969
1200
1435
1592
1658
1631
1503
1332
1096
769
390
29
-205
-419
-670
-855
-909
-862
-812
-792
-848
-935
-995
-1103
-1319
-1655
-2018
-2337
-2659
-2980
-3273
-3477
-3568
-3545
-3427
-3231
-2815
-2221
-1501
-673
100
855
1601
2358
3051
3551
3850
3948
4080
4130
3938
3712
3459
3278
3138
2922
2655
2382
2298
2218
2003
1652
1230
904
499
-39
-667
-1351
-1973
-2546
-3029
-3465
-3758
-3823
-3731
-3545
-3332
-3004
-2552
-1926
-1273
-810
-460
-109
279
597
790
837
824
937
1020
1037
1061
1104
1291
1512
1673
1726
1806
1981
2031
1934
1704
1483
1275
1009
723
332
-63
-320
-472
-621
-844
-1002
-1044
-1050
-1113
-1245
-1367
-1548
-1740
-1948
-2280
-2611
-2858
-3040
-3245
-3425
-3466
-3377
-3133
-2873
-2594
-2124
-1524
-824
-55
686
1346
1955
2582
3132
3575
3924
4077
4176
4227
4108
3922
3764
3639
3434
3137
2825
2494
2298
2152
1839
1338
774
341
-85
-638
-1255
-1879
-2453
-2977
-3391
-3697
-3920
-3980
-3887
-3712
-3495
-3174
-2735
-2228
-1654
-1108
-711
-329
126
554
902
1166
1304
1428
1696
1905
1965
2038
2134
2247
2354
2375
2314
2268
2254
2154
1973
1716
1428
1197
931
588
210
-119
-359
-595
-855
-1138
-1375
-1491
-1561
-1720
-1966
-2166
-2310
-2456
-2602
-2796
-3001
-3073
-3082
-3091
-3059
-2946
-2720
-2399
-2062
-1750
-1387
-891
-323
287
909
1437
1925
2429
2964
3399
3710
3895
3949
4006
3973
3767
3481
3221
2976
2675
2327
1927
1567
1324
1012
550
21
-454
-846
-1298
-1836
-2420
-2950
-3369
-3710
-3965
-4155
-4218
-4119
-3852
-3513
-3143
-2680
-2113
-1493
-823
-236
190
664
1186
1618
1910
2096
2195
2372
2600
2628
2563
2568
2610
2662
2689
2630
2509
2472
2452
2291
2025
1715
1411
1076
668
221
-267
-676
-992
-1295
-1615
-1929
-2129
-2203
-2253
-2359
-2447
-2479
-2496
-2503
-2515
-2583
-2615
-2542
-2457
-2392
-2266
-2063
-1776
-1465
-1188
-903
-574
-166
294
745
1248
1733
2173
2572
2939
3248
3436
3562
3522
3420
3313
3066
2777
2483
2188
1894
1546
1154
767
516
263
-131
-589
-1103
-1555
-1979
-2460
-2933
-3394
-3759
-4040
-4203
-4229
-4117
-3791
-3355
-2852
-2330
-1753
-1092
-400
287
889
1301
1583
1905
2221
2428
2532
2538
2538
2635
2714
2705
2748
2845
2913
2959
2909
2755
2586
2439
2199
1769
1217
660
192
-262
-791
-1318
-1782
-2102
-2273
-2390
-2495
-2543
-2434
-2239
-2122
-2088
-2025
-1920
-1851
-1816
-1841
-1916
-1894
-1758
-1633
-1527
-1392
-1182
-857
-517
-222
50
334
637
961
1199
1365
1618
1833
1958
2048
2127
2189
2271
2328
2245
2150
2048
1872
1670
1463
1276
1057
709
294
-103
-441
-800
-1239
-1746
-2265
-2642
-2958
-3203
-3354
-3440
-3389
-3238
-2960
-2570
-2096
-1562
-1010
-480
-35
367
746
1063
1391
1637
1794
1939
2087
2299
2515
2745
2937
3097
3230
3325
3389
3294
3151
2993
2705
2365
1938
1430
920
465
14
-512
-1001
-1415
-1705
-1876
-2057
-2156
-2175
-2116
-1983
-1857
-1744
-1651
-1532
-1426
-1367
-1330
-1297
-1242
-1192
-1144
-1069
-990
-827
-614
-426
-230
-43
150
316
430
436
348
284
185
92
30
-6
75
161
259
364
527
760
950
1100
1123
1084
1066
903
682
401
105
-202
-590
-965
-1331
-1549
-1670
-1797
-1875
-1926
-1826
-1650
-1494
-1282
-1096
-901
-730
-560
-396
-270
-126
20
193
344
488
718
968
1257
1578
1901
2242
2525
2759
2920
3006
3032
3000
2850
2567
2270
1927
1531
1165
765
357
-4
-327
-622
-828
-950
-1095
-1237
-1322
-1325
-1274
-1258
-1249
-1233
-1226
-1153
-1044
-955
-913
-829
-700
-566
-431
-306
-158
-45
9
58
95
106
98
78
-13
-170
-302
-417
-523
-651
-802
-946
-1093
-1216
-1294
-1320
-1305
-1260
-1135
-1028
-908
-728
-535
-354
-228
-135
-91
-20
27
-47
-101
-88
-53
-27
-6
37
92
232
363
395
379
359
373
340
257
189
109
48
8
6
46
144
320
539
754
950
1157
1397
1609
1770
1861
1906
1954
1923
1816
1685
1549
1407
1255
1065
820
631
506
350
179
35
-24
-33
-71
-154
-248
-251
-230
-240
-325
-439
-475
-465
-427
-425
-433
-376
-272
-135
-47
29
118
198
254
225
159
64
-26
-111
-302
-555
-799
-991
-1178
-1390
-1602
-1814
-1970
-2094
-2210
-2335
-2446
-2496
-2513
-2535
-2512
-2419
-2254
-1975
-1649
-1338
-1003
-608
-169
246
634
927
1193
1456
1585
1644
1653
1634
1629
1565
1445
1310
1260
1243
1163
1066
937
843
770
665
572
451
369
313
250
218
199
238
316
406
468
491
551
600
642
647
581
592
641
620
591
584
616
680
784
780
741
835
891
898
900
847
779
735
697
559
417
321
197
56
-81
-143
-175
-205
-189
-200
-187
-116
-34
22
32
19
-31
-106
-243
-442
-664
-962
-1297
-1590
-1891
-2162
-2360
-2557
-2719
-2789
-2792
-2719
-2593
-2493
-2397
-2213
-2010
-1818
-1598
-1428
-1287
-1087
-848
-604
-327
-33
280
602
939
1260
1587
1894
2141
2349
2432
2421
2386
2307
2190
1992
1728
1446
1187
977
746
534
343
169
55
-37
-101
-159
-183
-170
-177
-191
-204
-173
-119
-52
-1
12
54
110
184
280
389
539
662
772
878
980
1123
1238
1301
1284
1290
1287
1184
1101
1028
925
807
668
489
310
234
147
-17
-178
-324
-402
-469
-575
-692
-798
-830
-850
-889
-955
-1027
-1035
-1087
-1177
-1299
-1440
-1523
-1621
-1736
-1877
-1983
-2015
-2022
-1989
-1969
-1901
-1763
-1587
-1399
-1268
-1125
-941
-757
-593
-478
-380
-263
-149
-41
35
138
252
378
555
711
891
1080
1250
1396
1497
1600
1629
1610
1543
1421
1263
1065
888
699
508
341
177
73
34
53
80
105
199
316
429
519
584
639
665
687
658
596
549
511
472
409
370
352
374
442
521
621
733
850
964
1086
1190
1220
1208
1159
1044
887
666
403
127
-149
-412
-690
-913
-1042
-1127
-1182
-1207
-1176
-1097
-960
-801
-678
-578
-493
-415
-356
-336
-347
-391
-452
-511
-586
-674
-748
-788
-829
-862
-880
-879
-833
-761
-694
-630
-577
-516
-459
-430
-428
-459
-505
-544
-595
-662
-722
-777
-813
-799
-746
-706
-645
-528
-407
-257
-104
27
149
264
367
454
569
661
727
807
885
939
993
1058
1118
1159
1199
1202
1185
1191
1187
1144
1035
911
822
725
624
525
456
402
358
320
262
243
240
201
120
12
-101
-217
-340
-463
-558
-636
-724
-756
-729
-661
-557
-439
-337
-194
-10
99
169
283
378
416
444
440
412
410
412
343
297
318
369
427
480
541
603
670
739
769
754
709
652
552
388
185
-54
-292
-524
-791
-1064
-1306
-1492
-1621
-1721
-1786
-1799
-1763
-1700
-1623
-1561
-1490
-1374
-1272
-1230
-1177
-1086
-1007
-913
-779
-648
-485
-268
-72
98
286
508
735
938
1093
1224
1348
1419
1434
1417
1411
1385
1305
1214
1135
1045
971
914
864
778
693
585
437
323
204
30
-188
-401
-586
-768
-951
-1116
-1215
-1260
-1301
-1318
-1294
-1197
-1056
-940
-842
-720
-574
-405
-195
-1
168
373
588
799
1022
1245
1421
1587
1772
1916
2016
2051
2050
2047
1999
1870
1690
1530
1379
1179
956
728
520
356
189
6
-201
-383
-533
-687
-874
-1072
-1264
-1475
-1702
-1902
-2095
-2270
-2412
-2506
-2561
-2561
-2457
-2277
-2055
-1801
-1520
-1207
-868
-538
-245
2
234
436
609
737
811
890
987
1054
1097
1144
1207
1273
1324
1317
1275
1217
1132
972
731
443
143
-168
-486
-808
-1108
-1359
-1551
-1694
-1780
-1799
-1761
-1651
-1482
-1291
-1106
-895
-633
-357
-132
10
119
275
457
568
604
635
722
848
953
1029
1123
1278
1445
1567
1649
1736
1874
2000
2060
2074
2055
2033
2017
1989
1909
1797
1678
1550
1419
1266
1071
860
651
420
137
-173
-495
-787
-1057
-1350
-1640
-1864
-2028
-2155
-2255
-2305
-2271
-2162
-2049
-1954
-1820
-1631
-1400
-1174
-985
-800
-603
-398
-224
-70
93
254
421
562
685
816
951
1076
1176
1243
1275
1277
1256
1191
1073
899
696
477
210
-74
-382
-667
-906
-1130
-1369
-1597
-1749
-1856
-1958
-2041
-2139
-2215
-2250
-2277
-2318
-2360
-2328
-2260
-2158
-2016
-1829
-1558
-1224
-855
-476
-85
362
827
1281
1675
2026
2380
2697
2953
3116
3237
3308
3327
3306
3209
3092
2974
2824
2633
2411
2201
2001
1788
1524
1206
912
632
370
74
-246
-535
-781
-992
-1190
-1368
-1517
-1619
-1663
-1710
-1739
-1717
-1668
-1587
-1510
-1420
-1319
-1169
-983
-831
-660
-456
-219
42
293
530
744
970
1172
1294
1372
1430
1458
1414
1305
1168
1006
839
641
402
144
-98
-301
-510
-734
-930
-1094
-1249
-1387
-1501
-1620
-1722
-1778
-1845
-1903
-1927
-1931
-1925
-1888
-1832
-1753
-1633
-1479
-1332
-1158
-959
-747
-509
-292
-105
57
222
364
472
544
581
612
611
601
615
623
667
744
825
903
1036
1214
1364
1507
1630
1700
1744
1760
1736
1655
1539
1402
1215
1021
829
645
468
281
105
-62
-199
-298
-380
-464
-539
-602
-654
-679
-675
-682
-669
-614
-539
-448
-340
-211
-70
97
272
426
568
718
865
999
1109
1201
1259
1274
1269
1234
1169
1089
974
812
647
474
289
86
-112
-330
-552
-767
-976
-1174
-1364
-1515
-1639
-1752
-1833
-1863
-1851
-1795
-1717
-1637
-1554
-1419
-1256
-1092
-962
-838
-707
-559
-410
-285
-163
-46
79
205
303
398
498
580
624
635
630
599
563
496
366
224
92
-40
-167
-261
-344
-412
-399
-353
-283
-173
-42
88
216
349
446
503
534
512
455
386
326
247
149
71
10
-26
-30
7
60
133
236
322
396
489
586
660
692
700
684
666
655
613
557
510
487
472
483
516
553
599
663
733
781
829
862
844
782
692
579
447
286
116
-63
-226
-372
-488
-570
-631
-669
-679
-671
-652
-619
-575
-542
-518
-513
-506
-480
-472
-470
-483
-501
-506
-499
-476
-468
-457
-436
-416
-381
-346
-315
-295
-279
-276
-288
-299
-322
-362
-401
-442
-481
-524
-551
-568
-588
-601
-608
-609
-617
-627
-634
-643
-657
-657
-653
-641
-595
-519
-428
-320
-191
-49
115
289
431
545
656
746
817
864
879
869
845
808
747
672
620
580
539
497
443
400
375
362
352
317
269
234
193
137
75
19
-36
-70
-84
-88
-59
3
82
176
297
448
605
764
899
992
1068
1127
1152
1138
1084
1008
914
812
694
576
458
346
246
153
58
-40
-137
-224
-317
-427
-524
-616
-706
-779
-842
-888
-907
-898
-858
-804
-733
-654
-555
-449
-363
-294
-251
-223
-211
-219
-241
-290
-369
-459
-527
-586
-641
-678
-713
-739
-755
-754
-730
-701
-668
-646
-629
-621
-609
-590
-566
-539
-511
-478
-415
-320
-199
-64
86
254
441
625
786
922
1026
1092
1108
1065
984
864
703
518
310
103
-72
-214
-328
-403
-438
-413
-338
-228
-108
21
162
315
454
575
681
765
836
899
947
981
1007
1043
1080
1105
1125
1125
1115
1091
1028
936
820
679
510
320
102
-120
-313
-478
-634
-755
-841
-881
-878
-845
-784
-707
-620
-534
-454
-400
-355
-310
-284
-282
-292
-297
-293
-283
-260
-241
-212
-185
-156
-121
-111
-119
-145
-196
-279
-384
-495
-609
-730
-851
-955
-1019
-1062
-1066
-1032
-973
-872
-756
-625
-497
-363
-222
-112
-22
52
95
108
115
112
108
105
93
91
115
167
223
276
335
398
456
511
566
594
607
624
627
609
590
582
570
561
563
577
600
615
641
677
681
667
651
622
576
497
407
311
221
136
73
30
-13
-30
-26
10
52
95
144
173
187
184
169
132
81
24
-42
-112
-177
-233
-262
-271
-265
-240
-203
-156
-106
-57
-12
21
27
5
-40
-119
-208
-306
-419
-529
-631
-729
-799
-841
-864
-847
-808
-757
-699
-632
-549
-472
-417
-393
-371
-362
-366
-384
-418
-429
-446
-458
-465
-454
-423
-381
-319
-256
-183
-109
-47
14
75
135
180
210
222
231
257
287
311
339
369
418
473
548
622
677
724
768
815
825
809
768
693
613
510
408
305
212
128
48
-13
-60
-80
-86
-89
-88
-77
-56
-26
12
50
86
131
163
196
229
260
298
340
371
403
441
472
508
535
542
529
500
466
422
358
271
178
78
-26
-125
-206
-259
-305
-338
-354
-354
-334
-310
-278
-260
-258
-254
-255
-270
-290
-311
-345
-383
-405
-427
-463
-493
-512
-517
-518
-522
-517
-514
-509
-501
-495
-486
-470
-448
-432
-425
-429
-423
-400
-377
-343
-293
-239
-173
-91
2
91
172
244
299
338
367
377
373
359
341
320
299
291
290
295
298
298
299
293
287
265
225
184
134
87
26
-26
-68
-116
-161
-201
-234
-263
-267
-250
-231
-202
-161
-114
-69
-23
20
67
125
172
200
223
249
282
323
368
408
456
516
565
606
638
666
671
654
630
586
529
473
411
349
286
220
166
118
66
17
-27
-61
-87
-109
-131
-158
-185
-209
-222
-244
-274
-304
-340
-378
-425
-463
-490
-518
-540
-551
-536
-510
-457
-392
-337
-286
-230
-175
-134
-92
-59
-53
-54
-61
-68
-67
-62
-46
-37
-26
-9
13
54
95
129
151
163
180
187
187
171
131
68
-9
-87
-165
-236
-296
-352
-394
-429
-442
-435
-417
-396
-382
-371
-356
-347
-342
-338
-332
-319
-295
-269
-232
-170
-79
21
117
225
329
432
529
617
684
727
757
769
766
752
727
694
655
615
578
532
482
442
401
346
288
235
177
121
58
-18
-100
-176
-239
-292
-340
-375
-396
-398
-385
-364
-335
-298
-243
-192
-153
-114
-97
-87
-77
-82
-96
-119
-143
-153
-158
-155
-152
-133
-99
-53
1
59
113
174
233
281
313
335
342
330
298
243
188
126
55
-27
-119
-187
-238
-276
-309
-346
-380
-403
-421
-441
-463
-486
-508
-515
-515
-514
-503
-484
-439
-383
-316
-243
-171
-92
-12
55
126
193
263
318
368
416
461
510
557
594
614
629
639
645
637
613
576
528
484
434
380
313
249
174
92
10
-70
-134
-194
-261
-311
-358
-384
-395
-383
-363
-329
-278
-231
-168
-98
-22
46
111
164
209
253
285
304
305
292
268
234
192
150
102
49
16
-2
-24
-47
-64
-76
-82
-78
-91
-105
-124
-149
-178
-210
-236
-257
-280
-307
-327
-344
-356
-352
-338
-322
-313
-295
-268
-233
-202
-192
-187
-186
-184
-191
-207
-237
-264
-278
-291
-289
-270
-238
-188
-130
-60
18
109
200
296
376
437
486
526
547
559
548
522
498
469
428
372
324
273
221
174
117
64
10
-47
-94
-139
-178
-206
-230
-262
-287
-296
-293
-278
-255
-227
-195
-144
-79
-8
58
131
207
286
362
418
469
516
568
603
622
629
625
618
603
567
512
457
400
339
275
205
125
55
-15
-83
-154
-234
-303
-367
-439
-516
-579
-633
-682
-724
-759
-768
-755
-729
-682
-628
-561
-498
-433
-365
-296
-240
-192
-145
-110
-82
-70
-56
-46
-39
-27
-18
0
25
51
73
101
133
169
210
251
273
286
288
293
284
265
234
179
122
59
4
-48
-90
-120
-151
-171
-189
-211
-231
-252
-282
-316
-349
-381
-412
-429
-441
-449
-439
-410
-361
-293
-193
-77
57
197
337
471
601
721
813
877
920
938
942
923
886
837
787
741
698
656
619
584
543
507
479
442
386
319
244
165
82
-13
-106
-186
-263
-338
-399
-448
-488
-519
-535
-540
-533
-525
-509
-484
-462
-436
-416
-398
-385
-372
-356
-341
-310
-277
-238
-197
-165
-130
-96
-59
-26
5
16
24
30
26
17
14
5
-7
-22
-36
-39
-41
-39
-47
-65
-76
-100
-126
-168
-212
-255
-307
-342
-372
-396
-415
-429
-442
-435
-412
-391
-363
-323
-288
-253
-206
-166
-127
-96
-67
-32
7
52
100
153
218
284
357
428
505
585
652
720
770
804
828
834
822
793
753
700
643
586
516
450
386
334
293
260
228
200
166
133
102
71
38
12
-23
-72
-111
-155
-196
-221
-248
-256
-260
-252
-241
-220
-181
-138
-87
-44
-9
20
33
42
30
9
-18
-52
-97
-153
-199
-242
-275
-296
-322
-332
-337
-337
-335
-329
-319
-312
-304
-308
-329
-358
-387
-411
-430
-449
-453
-445
-433
-402
-353
-290
-209
-130
-46
32
90
138
179
207
210
193
161
130
94
59
36
24
31
42
59
82
109
143
184
217
252
279
297
315
326
326
321
323
319
307
295
288
285
292
305
305
307
309
308
303
279
251
223
185
150
110
68
37
13
-2
-5
-4
9
33
64
88
109
133
144
143
116
93
62
22
-13
-54
-95
-132
-166
-190
-210
-222
-240
-263
-282
-307
-325
-352
-389
-417
-447
-475
-508
-530
-541
-545
-531
-512
-480
-442
-389
-331
-281
-225
-186
-145
-113
-86
-58
-48
-33
-22
-7
17
35
58
83
121
162
202
244
279
308
333
345
350
344
332
306
267
234
206
182
156
123
96
79
68
65
60
59
60
53
54
51
46
42
31
23
28
38
50
66
94
124
163
203
239
262
277
284
283
294
292
277
244
203
166
123
93
67
39
12
-17
-43
-58
-69
-92
-124
-163
-214
-265
-316
-361
-397
-437
-465
-488
-503
-489
-477
-456
-424
-396
-346
-294
-241
-207
-174
-145
-123
-103
-95
-90
-102
-103
-85
-74
-49
-21
11
55
101
149
191
230
262
270
259
235
203
167
122
71
14
-29
-65
-103
-126
-128
-120
-107
-88
-61
-36
-3
23
38
44
59
76
70
61
54
52
62
77
87
102
123
152
196
247
288
322
340
349
366
370
367
345
311
280
243
214
189
165
135
105
90
70
49
31
5
-21
-63
-106
-145
-193
-241
-286
-335
-384
-425
-458
-471
-472
-467
-455
-432
-400
-358
-308
-258
-207
-170
-140
-118
-96
-72
-53
-35
-16
6
43
82
125
172
219
259
281
310
343
365
364
355
330
302
272
230
186
140
102
70
28
-14
-48
-66
-86
-111
-140
-167
-181
-192
-195
-187
-188
-183
-165
-141
-107
-76
-43
-9
15
46
75
105
130
139
150
149
151
155
159
173
188
198
205
217
230
239
251
259
265
259
247
220
190
159
109
59
15
-32
-80
-124
-157
-188
-208
-223
-234
-238
-239
-245
-250
-263
-277
-284
-296
-308
-323
-331
-341
-348
-343
-334
-314
-275
-225
-162
-93
-19
56
128
191
246
293
331
363
377
379
365
341
324
308
293
276
258
227
196
160
127
101
72
34
-10
-64
-114
-154
-194
-232
-264
-280
-285
-274
-257
-233
-200
-162
-126
-86
-47
-4
34
63
80
79
76
73
68
58
60
60
52
46
45
50
59
65
66
65
61
59
45
26
9
-6
-25
-49
-72
-100
-117
-125
-120
-105
-94
-75
-41
-14
0
15
18
17
6
-15
-38
-71
-111
-143
-179
-212
-236
-247
-250
-255
-252
-232
-210
-185
-159
-139
-117
-99
-78
-67
-56
-33
-15
6
31
60
96
136
164
191
218
248
275
293
292
281
272
262
244
216
200
184
168
147
139
128
113
104
102
92
83
77
75
79
81
81
77
79
74
63
55
42
23
13
3
-3
-17
-39
-65
-89
-100
-108
-115
-126
-131
-142
-147
-143
-132
-107
-84
-64
-50
-39
-17
16
49
78
90
104
109
109
98
85
73
50
26
2
-33
-63
-84
-104
-121
-133
-136
-147
-154
-161
-162
-166
-166
-166
-172
-177
-187
-196
-203
-206
-193
-182
-167
-154
-143
-127
-120
-117
-112
-112
-113
-111
-114
-124
-126
-119
-105
-87
-70
-45
-2
51
104
156
201
251
306
351
380
406
424
435
434
418
402
365
336
303
262
224
192
162
130
99
64
32
6
-28
-65
-107
-152
-190
-241
-286
-323
-353
-373
-387
-387
-370
-342
-295
-234
-170
-94
-15
65
143
211
265
302
321
327
323
311
298
278
253
216
182
170
157
155
151
146
139
130
128
115
96
68
33
-8
-49
-89
-127
-172
-207
-239
-258
-268
-270
-278
-284
-285
-275
-253
-239
-219
-206
-197
-182
-170
-154
-140
-133
-120
-110
-103
-88
-70
-50
-21
13
51
88
120
153
188
218
241
267
283
296
305
304
301
298
281
257
234
202
173
129
84
35
-21
-78
-128
-184
-240
-289
-329
-357
-374
-390
-402
-408
-418
-410
-397
-368
-328
-282
-238
-198
-150
-107
-67
-25
15
55
98
147
200
244
290
330
371
404
431
442
438
429
405
379
340
288
239
185
142
103
73
49
29
4
-21
-40
-57
-81
-101
-115
-127
-137
-154
-166
-176
-190
-199
-196
-186
-178
-162
-150
-135
-117
-92
-60
-35
-3
24
37
46
47
47
45
42
39
36
37
40
54
70
83
99
110
127
138
150
162
164
155
141
128
107
93
72
51
23
7
0
-10
-17
-17
-16
-15
-8
-7
-6
-12
-26
-35
-50
-62
-85
-111
-131
-150
-163
-162
-147
-128
-104
-84
-63
-39
-12
20
50
73
86
89
90
85
80
69
60
55
47
37
25
14
13
15
14
13
12
3
-8
-19
-26
-37
-44
-48
-61
-65
-69
-67
-62
-58
-44
-39
-35
-27
-24
-24
-21
-20
-33
-47
-60
-78
-88
-97
-96
-100
-96
-93
-100
-105
-111
-120
-127
-133
-134
-137
-143
-150
-159
-160
-146
-127
-104
-69
-40
-10
26
74
119
149
175
194
212
238
255
261
264
256
251
233
217
202
182
163
146
129
103
82
65
53
41
34
28
16
12
7
1
-2
-6
-3
4
3
6
12
15
24
26
29
32
30
19
14
9
-3
-8
-5
-4
0
7
13
23
39
57
65
72
74
75
68
63
53
34
11
-16
-39
-62
-74
-81
-85
-84
-76
-75
-67
-57
-54
-48
-41
-41
-48
-69
-91
-122
-152
-171
-194
-216
-237
-254
-267
-274
-268
-249
-230
-209
-181
-161
-133
-104
-87
-77
-58
-41
-21
2
18
37
57
87
116
140
170
201
229
248
274
282
281
274
255
233
208
184
149
124
92
62
30
4
-18
-35
-53
-75
-96
-111
-128
-145
-158
-179
-194
-210
-218
-218
-215
-195
-179
-149
-117
-70
-17
34
86
128
169
200
230
245
251
248
245
235
224
199
179
160
146
127
110
100
88
76
55
32
2
-24
-45
-66
-94
-117
-141
-158
-162
-161
-151
-139
-126
-106
-80
-55
-37
-14
2
16
31
40
36
33
30
18
0
-15
-23
-33
-36
-42
-39
-35
-30
-22
-13
-6
0
4
8
13
19
27
28
28
22
21
29
33
32
32
34
32
31
35
29
24
16
0
-20
-38
-62
-82
-100
-116
-127
-141
-150
-163
-174
-179
-183
-182
-176
-165
-154
-145
-137
-129
-119
-99
-82
-66
-49
-32
-4
22
53
78
104
125
144
160
179
192
196
186
179
169
156
148
132
117
102
92
82
69
60
54
54
47
43
35
25
13
3
-9
-25
-34
-49
-57
-68
-75
-85
-90
-92
-83
-78
-73
-68
-54
-37
-26
-19
-11
-4
-1
1
1
7
11
17
23
30
34
46
62
70
71
66
60
50
38
26
12
-12
-30
-48
-69
-79
-82
-83
-81
-74
-55
-33
-15
-2
6
12
16
23
18
11
3
-5
-12
-14
-15
-17
-14
-7
6
23
45
54
63
71
74
81
78
67
52
35
12
-14
-38
-54
-68
-73
-68
-54
-31
3
39
72
108
143
177
204
218
221
212
192
166
137
99
67
31
2
-25
-50
-63
-69
-76
-83
-77
-73
-76
-83
-96
-115
-132
-149
-166
-182
-193
-190
-190
-182
-164
-147
-121
-87
-48
-14
19
47
76
99
114
122
125
117
103
90
76
66
52
42
29
23
19
15
15
9
-3
-17
-34
-52
-67
-88
-113
-133
-148
-152
-153
-145
-129
-112
-81
-49
-18
17
48
69
87
94
94
87
70
48
20
0
-16
-25
-35
-42
-33
-18
5
30
56
93
120
140
159
167
167
158
144
129
114
104
92
85
83
86
93
101
115
122
123
121
113
96
71
39
10
-25
-64
-96
-118
-146
-165
-179
-187
-188
-176
-158
-143
-122
-105
-84
-61
-39
-31
-29
-24
-17
-5
4
10
28
43
54
66
81
95
104
110
108
97
76
49
19
-11
-40
-73
-101
-118
-133
-136
-130
-121
-104
-87
-70
-49
-25
-14
-7
-6
-10
-20
-36
-57
-73
-94
-110
-116
-117
-104
-85
-67
-43
-15
12
47
73
96
108
111
108
96
82
63
43
27
12
-1
-9
-9
1
20
42
68
93
118
133
148
160
165
155
141
125
107
88
66
45
16
-16
-48
-65
-76
-89
-91
-96
-101
-98
-96
-95
-93
-94
-97
-105
-114
-118
-124
-120
-113
-107
-98
-84
-63
-48
-23
-4
7
19
18
15
7
-7
-15
-28
-43
-54
-63
-66
-64
-59
-52
-38
-25
-17
-5
5
19
22
21
14
6
-10
-22
-29
-36
-38
-36
-28
-21
-7
12
33
55
72
78
86
87
82
76
70
57
36
18
5
-10
-15
-13
-7
5
20
40
61
82
107
135
157
173
181
186
188
185
178
178
173
162
157
151
144
143
139
132
123
111
91
76
60
37
12
-15
-46
-75
-96
-118
-140
-156
-166
-175
-182
-189
-194
-192
-195
-197
-196
-193
-186
-186
-186
-180
-166
-147
-124
-94
-63
-35
0
38
73
102
125
133
138
132
126
120
109
95
75
59
44
26
17
10
12
9
6
10
7
10
10
8
3
-11
-26
-43
-58
-66
-77
-90
-97
-104
-110
-107
-96
-81
-57
-33
-14
6
27
47
62
80
95
105
109
112
117
119
119
119
123
127
131
137
142
148
152
153
151
147
136
122
106
93
90
82
79
72
65
56
45
35
25
15
-4
-28
-58
-84
-107
-129
-148
-159
-170
-179
-181
-186
-179
-170
-158
-150
-142
-121
-101
-84
-72
-59
-49
-43
-35
-26
-12
0
14
35
55
80
103
123
145
163
171
177
183
173
154
131
105
75
37
1
-35
-60
-73
-82
-89
-92
-88
-88
-82
-70
-59
-51
-41
-37
-39
-41
-43
-47
-53
-58
-60
-61
-56
-47
-40
-28
-16
-3
16
35
53
64
73
75
74
69
70
68
58
52
42
37
37
37
34
34
36
41
49
51
45
37
30
26
10
-3
-20
-36
-58
-68
-68
-74
-71
-70
-69
-75
-82
-79
-84
-83
-89
-97
-106
-109
-113
-117
-112
-104
-98
-84
-67
-53
-36
-15
6
25
39
45
46
44
45
45
43
38
30
25
19
11
6
11
15
22
26
31
43
51
63
73
79
83
88
87
84
87
85
80
83
86
86
89
96
97
95
96
97
99
100
92
74
59
47
29
13
-8
-26
-42
-54
-57
-63
-60
-58
-48
-38
-27
-15
-15
-15
-5
4
17
25
30
28
27
26
25
29
34
34
25
23
21
11
8
4
-1
-12
-27
-39
-48
-49
-48
-53
-61
-61
-62
-62
-59
-56
-57
-47
-39
-42
-54
-56
-56
-57
-59
-65
-71
-80
-87
-96
-101
-99
-97
-96
-89
-81
-71
-60
-47
-33
-21
-10
-3
4
7
12
17
13
15
26
29
36
42
51
64
79
90
94
98
100
100
95
88
80
72
64
53
42
28
19
11
-6
-22
-31
-39
-53
-70
-77
-85
-92
-94
-100
-106
-101
-92
-83
-73
-56
-38
-27
-12
7
18
30
37
50
64
70
75
76
83
85
85
86
88
94
99
104
101
102
104
103
103
97
92
84
73
61
38
20
-4
-21
-33
-54
-61
-64
-63
-66
-66
-57
-49
-31
-29
-37
-31
-23
-28
-33
-37
-49
-58
-60
-70
-80
-79
-73
-67
-59
-53
-46
-29
-20
-13
-5
6
12
16
17
12
13
12
10
7
6
5
8
23
27
27
37
39
42
45
45
38
26
13
-7
-14
-24
-36
-41
-48
-50
-55
-63
-66
-65
-69
-73
-66
-62
-64
-56
-48
-42
-42
-36
-27
-12
2
8
13
17
26
39
46
54
66
65
59
52
43
35
33
23
5
-10
-19
-15
-22
-35
-34
-28
-32
-40
-45
-43
-41
-43
-51
-58
-51
-45
-42
-50
-50
-39
-32
-26
-28
-31
-32
-27
-30
-27
-7
-12
-31
-30
-7
15
0
-46
-52
7
41
-14
-61
-30
50
89
27
-39
12
128
140
49
-12
41
135
145
48
-24
41
145
149
53
-7
40
137
142
46
-16
42
130
132
45
-30
18
112
113
32
-11
25
93
102
38
-6
43
119
116
70
42
68
122
127
81
46
64
90
70
20
2
17
39
22
-17
-28
-9
9
1
-29
-47
-28
-4
-17
-46
-51
-47
-46
-64
-97
-107
-98
-103
-131
-151
-152
-135
-124
-129
-139
-128
-106
-103
-109
-125
-136
-135
-133
-143
-155
-164
-158
-149
-148
-144
-131
-104
-77
-66
-65
-57
-36
-15
-1
1
1
12
23
26
19
14
25
34
35
31
37
56
68
83
83
86
97
101
101
93
84
82
87
84
66
57
57
60
60
51
51
60
69
71
72
73
77
85
89
85
80
80
81
70
68
78
79
77
77
86
92
92
91
87
84
74
67
52
32
15
10
-2
-22
-41
-52
-57
-61
-67
-75
-75
-63
-55
-51
-57
-59
-54
-56
-69
-87
-91
-97
-103
-116
-130
-133
-127
-117
-111
-105
-99
-93
-84
-79
-77
-78
-77
-77
-72
-70
-72
-78
-83
-82
-81
-78
-74
-64
-51
-37
-21
4
19
35
54
69
85
91
98
101
98
100
89
81
78
81
80
72
63
58
59
53
45
38
39
40
36
28
25
33
26
20
23
34
45
48
60
74
77
77
75
76
73
71
68
56
50
42
32
24
18
17
13
7
5
4
0
-5
-11
-16
-23
-26
-35
-46
-51
-62
-64
-71
-75
-77
-74
-64
-65
-60
-50
-37
-26
-23
-26
-30
-39
-47
-58
-74
-93
-109
-122
-129
-132
-136
-135
-126
-108
-101
-91
-74
-52
-35
-17
1
9
19
36
51
54
55
58
64
64
66
66
65
68
71
69
63
68
69
67
62
57
51
39
29
24
19
13
9
6
11
26
34
35
41
54
61
59
54
51
52
53
49
40
26
21
21
16
10
13
16
17
19
17
16
20
29
38
39
43
39
39
35
34
35
36
38
34
36
41
43
39
39
46
49
43
27
20
14
5
-12
-32
-52
-65
-76
-89
-104
-112
-113
-113
-116
-120
-118
-103
-91
-87
-82
-74
-60
-43
-29
-27
-22
-10
2
8
13
15
18
12
2
-2
-7
-12
-18
-21
-24
-30
-31
-27
-23
-21
-16
-11
-8
-1
5
11
15
14
13
14
12
1
-9
-10
-11
-15
-27
-41
-41
-38
-33
-28
-23
-10
-1
7
8
10
22
29
31
31
33
36
43
45
48
53
61
71
80
87
98
111
127
129
126
125
125
119
108
96
84
70
55
34
14
3
-3
-13
-27
-39
-45
-49
-54
-54
-55
-52
-44
-41
-36
-35
-31
-30
-30
-21
-17
-11
-3
2
7
8
9
9
7
6
6
3
-6
-13
-15
-16
-20
-26
-27
-25
-25
-21
-23
-20
-13
-4
0
-5
-9
-5
3
2
-9
-16
-16
-17
-22
-34
-41
-39
-33
-35
-44
-50
-49
-46
-52
-60
-63
-62
-61
-64
-67
-67
-60
-48
-39
-30
-19
-5
12
24
37
49
58
69
73
75
77
76
73
69
65
57
47
41
31
24
18
7
4
-2
-6
-11
-15
-17
-16
-10
-8
-8
-10
-7
0
1
2
9
21
29
34
38
43
47
46
42
37
32
26
16
2
-12
-23
-31
-38
-42
-40
-37
-31
-23
-18
-12
-4
6
13
13
12
9
8
3
-3
-12
-22
-33
-44
-51
-55
-58
-61
-59
-53
-48
-45
-39
-31
-25
-24
-23
-24
-25
-24
-26
-27
-29
-29
-27
-22
-20
-18
-11
-1
6
7
9
13
14
15
9
4
1
0
-4
-10
-11
-11
-12
-15
-15
-12
-7
-4
0
4
8
10
12
14
20
22
25
25
27
31
37
44
50
58
70
82
87
89
93
99
99
92
80
69
57
44
30
21
14
11
7
3
1
0
-2
-3
-9
-14
-19
-24
-36
-49
-55
-59
-65
-73
-76
-74
-67
-59
-57
-56
-48
-32
-25
-26
-25
-15
-9
-9
-12
-20
-22
-17
-15
-20
-30
-28
-22
-14
-16
-17
-13
-3
4
0
-5
-7
-6
-8
-15
-25
-30
-34
-38
-40
-47
-47
-43
-36
-34
-31
-28
-23
-17
-17
-19
-22
-22
-22
-22
-22
-20
-17
-14
-7
1
9
15
20
27
35
39
37
37
40
44
44
41
44
47
54
60
65
71
80
89
96
97
96
94
92
84
71
55
44
34
20
4
-9
-16
-20
-24
-29
-30
-29
-24
-22
-26
-29
-29
-26
-27
-29
-33
-35
-35
-38
-42
-44
-37
-30
-23
-19
-12
-3
8
15
18
18
19
19
16
8
-5
-15
-25
-28
-37
-45
-48
-44
-37
-35
-35
-30
-23
-16
-13
-18
-23
-24
-24
-30
-39
-46
-47
-44
-43
-46
-46
-38
-27
-19
-18
-14
-9
-3
-1
-3
-6
-8
-6
-10
-14
-15
-13
-9
-4
-1
6
13
23
32
40
44
49
52
52
51
48
45
41
36
32
29
25
23
22
25
28
29
29
31
32
31
25
21
16
11
3
-6
-16
-23
-31
-36
-42
-44
-43
-41
-37
-33
-29
-23
-17
-13
-13
-13
-12
-14
-18
-21
-22
-21
-21
-16
-11
-2
8
18
29
41
48
53
58
60
58
52
42
33
23
12
2
-9
-16
-23
-28
-33
-37
-38
-38
-37
-38
-40
-43
-41
-39
-41
-44
-41
-35
-30
-26
-20
-11
2
14
22
30
42
52
60
65
63
62
60
57
50
38
27
18
7
-4
-15
-23
-27
-31
-33
-35
-34
-31
-29
-26
-25
-23
-21
-19
-17
-18
-19
-19
-17
-14
-10
-7
-3
3
9
13
13
14
14
11
7
1
-6
-11
-14
-17
-20
-22
-18
-12
-7
-3
4
10
18
22
24
24
25
25
22
19
15
13
12
11
8
8
8
12
13
14
16
17
18
18
17
14
11
7
3
-4
-9
-12
-14
-16
-17
-16
-15
-12
-8
-5
-3
1
1
2
-1
-4
-8
-13
-17
-22
-26
-29
-28
-29
-26
-23
-18
-11
-4
3
8
12
17
18
17
14
10
6
2
-2
-8
-14
-16
-19
-20
-21
-20
-19
-17
-15
-17
-16
-15
-15
-13
-13
-11
-9
-5
1
6
12
20
29
39
48
54
61
66
69
70
67
65
60
55
48
39
30
23
17
10
4
-4
-9
-13
-17
-22
-29
-34
-39
-43
-50
-55
-59
-62
-63
-62
-62
-57
-49
-41
-35
-28
-19
-10
-2
3
6
8
11
11
9
7
5
4
5
3
3
4
7
11
13
14
15
17
18
17
13
7
4
-1
-6
-13
-16
-19
-20
-20
-19
-16
-11
-6
-4
-1
2
4
5
5
4
2
1
0
-1
-2
0
3
6
13
18
26
33
40
43
46
49
49
46
41
34
27
20
13
8
2
-2
-6
-7
-9
-7
-7
-8
-11
-16
-20
-24
-29
-37
-46
-52
-58
-62
-65
-64
-61
-55
-49
-41
-33
-24
-14
-5
2
6
10
13
14
13
12
11
13
16
18
22
28
37
46
55
61
67
73
75
73
69
64
58
49
38
25
16
9
3
-4
-10
-11
-11
-12
-13
-15
-18
-20
-26
-32
-41
-47
-50
-56
-60
-63
-62
-56
-47
-38
-27
-13
1
15
27
36
42
46
45
43
37
33
26
18
11
4
-1
-4
-7
-9
-9
-9
-10
-11
-13
-17
-21
-27
-34
-41
-46
-49
-51
-50
-47
-42
-33
-22
-11
0
13
24
33
39
43
44
43
38
33
25
19
14
9
7
5
7
10
13
16
19
20
25
25
25
24
23
22
19
16
13
12
14
14
14
17
20
22
24
20
16
12
5
-4
-13
-24
-35
-44
-54
-62
-68
-71
-71
-67
-63
-57
-48
-37
-29
-21
-15
-9
-5
-3
-1
2
5
7
9
11
13
18
24
30
34
39
42
44
43
38
33
25
16
6
-4
-11
-19
-22
-25
-25
-23
-18
-11
-2
7
16
24
31
34
34
32
28
23
17
10
3
-2
-6
-7
-7
-5
-2
1
5
9
14
17
18
16
12
5
-3
-10
-17
-25
-29
-34
-34
-34
-32
-27
-21
-17
-13
-9
-5
-2
-3
-5
-9
-15
-21
-27
-32
-35
-36
-34
-31
-24
-18
-9
0
8
15
20
25
29
28
28
24
18
12
6
1
-4
-7
-9
-9
-9
-7
-5
-1
0
1
3
2
2
1
1
-1
-1
-2
-1
1
4
10
17
23
31
37
43
47
48
49
47
42
36
28
19
9
0
-9
-16
-23
-28
-30
-30
-27
-26
-23
-21
-19
-17
-17
-17
-20
-20
-21
-24
-24
-25
-23
-22
-19
-15
-11
-7
0
6
10
12
12
10
9
4
0
-6
-9
-14
-16
-18
-16
-13
-8
-3
4
13
22
30
39
45
48
51
49
45
40
35
28
21
15
9
5
1
0
-1
-1
-1
0
2
2
2
0
-5
-9
-15
-20
-26
-30
-34
-34
-32
-30
-23
-16
-8
0
9
19
26
31
34
35
34
27
22
13
5
-2
-9
-14
-17
-18
-17
-15
-13
-10
-9
-7
-6
-6
-8
-10
-15
-19
-24
-29
-32
-35
-36
-35
-32
-27
-20
-14
-6
2
7
11
14
14
15
13
11
9
5
4
2
1
2
5
9
15
21
26
29
32
33
35
31
28
23
19
14
10
6
3
0
0
-1
-2
-1
2
3
4
3
1
-2
-7
-12
-20
-27
-32
-35
-39
-39
-38
-34
-28
-24
-18
-10
-4
2
8
11
14
15
15
11
8
7
4
2
2
2
5
9
11
14
15
17
17
17
15
12
7
2
-4
-10
-16
-20
-24
-26
-25
-22
-18
-13
-8
-4
0
4
5
6
5
6
4
2
0
-2
-3
-4
-4
-4
-3
1
6
12
16
22
24
26
28
27
24
23
20
16
13
9
7
5
3
2
1
1
1
2
1
0
-1
-4
-7
-11
-17
-22
-25
-28
-32
-33
-34
-33
-29
-28
-24
-19
-13
-7
-3
2
5
8
9
9
8
6
5
4
4
3
3
3
4
4
5
6
9
10
9
7
7
6
2
-1
-4
-7
-9
-12
