5
3
0
-2
-3
-4
-3
-4
-2
-2
-1
-2
-1
-1
-1
-1
-2
-1
0
0
1
0
1
1
1
-1
-3
-3
-3
0
2
5
7
8
8
8
5
3
1
-1
-1
-1
-3
-3
-4
-5
-5
-5
-5
-4
-2
1
3
7
7
10
9
7
4
1
-2
-4
-6
-7
-9
-8
-8
-7
-6
-6
-4
-2
2
6
9
11
11
11
10
9
6
2
-2
-5
-8
-10
-10
-9
-9
-8
-6
-5
-4
-4
-2
-1
2
3
2
3
2
-1
-5
-8
-11
-11
-9
-9
-8
-5
-2
3
6
7
8
10
12
12
12
11
9
9
7
5
1
-2
-3
-3
-2
0
3
6
11
15
18
18
16
16
14
12
7
3
1
-2
-3
-6
-9
-11
-13
-13
-13
-11
-6
0
6
11
13
14
12
10
9
6
4
1
-1
-2
-5
-6
-7
-7
-6
-3
-1
1
3
5
8
10
11
11
8
5
1
-4
-10
-15
-17
-17
-17
-16
-15
-13
-10
-7
-5
-4
-2
0
1
2
3
2
1
-1
-4
-7
-11
-13
-11
-9
-4
1
6
10
11
14
16
19
20
19
18
16
13
6
2
-4
-7
-11
-15
-17
-19
-18
-17
-14
-12
-8
-4
-2
0
0
-2
-5
-5
-7
-8
-9
-9
-11
-10
-9
-10
-9
-7
-5
0
3
7
9
13
13
13
12
10
7
4
3
1
-1
-4
-6
-6
-7
-7
-5
-4
-2
-1
-1
-3
-3
-3
-3
-3
-3
-5
-7
-8
-10
-10
-11
-9
-8
-3
1
4
6
10
12
14
17
18
19
19
19
18
14
11
10
5
3
2
0
-1
-1
1
2
2
2
3
4
4
1
0
-2
-5
-6
-6
-7
-8
-7
-5
-5
-5
-4
-3
-2
1
5
6
7
9
10
8
8
8
7
8
9
8
7
8
5
4
2
2
0
-2
-1
-3
-3
-5
-6
-8
-7
-8
-9
-11
-12
-12
-13
-13
-12
-10
-8
-5
-3
-3
-3
-3
-3
-1
2
3
5
6
7
6
5
4
1
0
1
0
0
2
2
2
0
-1
-4
-6
-6
-8
-9
-10
-11
-12
-11
-10
-11
-11
-10
-9
-8
-7
-4
-3
-1
2
3
3
2
2
1
2
2
5
8
11
15
19
19
17
13
10
8
5
3
2
2
1
0
0
-4
-5
-6
-8
-8
-8
-8
-7
-4
-2
0
2
1
3
2
1
0
0
0
2
3
5
6
5
4
5
5
7
9
11
14
15
16
15
12
8
3
-2
-6
-8
-7
-8
-6
-7
-7
-8
-9
-11
-13
-12
-10
-9
-6
-4
-1
-2
-3
-3
-3
-4
-4
-4
-4
0
4
7
11
16
19
17
15
12
9
8
5
6
6
7
6
3
-1
-6
-10
-13
-14
-13
-12
-11
-9
-9
-8
-7
-8
-7
-6
-5
-4
-4
-3
-4
-6
-6
-6
-6
-6
-4
-3
0
5
7
9
10
12
9
6
3
0
-2
-3
-4
-3
-1
1
2
3
1
-1
-4
-7
-9
-7
-5
-4
-1
0
1
0
-1
-3
-4
-4
-3
-2
-1
1
3
4
7
8
10
11
13
12
12
11
10
9
9
7
6
5
4
2
0
0
0
1
1
3
3
5
4
3
2
3
3
3
1
0
-2
-4
-5
-6
-5
-5
-4
-1
1
4
5
7
6
5
5
3
1
0
0
0
0
1
1
0
0
-1
-1
-2
-3
-3
-5
-4
-5
-4
-3
-1
-1
-1
-1
-2
-3
-5
-7
-7
-6
-5
-3
-1
1
4
5
8
7
8
6
5
2
0
-1
-2
-2
-3
-2
-2
-1
-1
-3
-3
-3
-3
-3
-3
-2
-2
-1
-1
-3
-4
-5
-7
-8
-7
-7
-5
-4
-2
-2
-1
-2
-1
-1
1
4
4
3
3
1
1
-1
-3
-2
-3
-3
-4
-5
-6
-6
-5
-2
-2
0
0
-1
0
0
1
4
5
8
9
8
5
4
3
4
5
8
12
15
18
19
19
17
14
12
10
9
8
6
5
2
3
0
0
-1
-3
-5
-7
-9
-10
-11
-12
-12
-12
-11
-12
-11
-11
-12
-13
-13
-11
-10
-7
-3
0
1
3
4
4
6
10
13
18
20
20
20
18
17
15
14
13
14
11
12
11
8
7
5
3
2
0
-1
-4
-6
-9
-12
-14
-17
-18
-20
-21
-25
-26
-28
-28
-26
-23
-20
-16
-15
-11
-11
-10
-8
-6
-4
-1
2
5
8
10
12
13
13
15
16
16
18
19
20
19
19
18
16
14
11
10
5
3
-1
-5
-8
-10
-12
-12
-14
-15
-16
-18
-20
-21
-21
-20
-20
-20
-20
-20
-20
-21
-21
-20
-19
-16
-13
-10
-6
-3
-1
2
4
9
12
16
19
20
22
24
25
25
25
24
23
23
21
20
20
19
18
16
16
14
13
9
6
2
-1
-4
-5
-6
-8
-9
-12
-15
-17
-19
-20
-21
-20
-18
-17
-14
-13
-12
-11
-11
-9
-8
-7
-5
-3
-1
2
4
7
9
11
15
18
20
22
24
26
26
25
25
24
22
19
17
15
12
10
6
4
2
0
-2
-5
-8
-11
-13
-13
-14
-14
-16
-16
-18
-19
-21
-23
-24
-24
-24
-23
-21
-19
-16
-14
-11
-9
-7
-6
-3
-1
2
5
8
9
10
12
11
11
10
9
8
7
8
9
10
10
9
8
7
4
2
-1
-3
-5
-7
-7
-8
-10
-10
-12
-13
-15
-16
-13
-12
-10
-8
-5
-3
0
1
1
1
2
0
0
1
2
4
5
7
7
8
8
9
10
9
9
10
13
14
16
15
12
10
6
4
0
-2
-3
-4
-5
-5
-4
-3
-4
-5
-5
-4
-4
-3
-2
-2
-2
-1
-2
-1
-2
-3
-4
-5
-5
-4
-2
0
1
3
5
6
7
8
9
9
9
8
7
7
7
6
5
4
2
0
0
2
3
4
6
7
7
7
7
6
5
4
3
2
2
0
-1
-2
-4
-5
-5
-5
-5
-4
-2
-2
0
-1
1
1
0
-1
-3
-3
-4
-5
-7
-7
-8
-9
-9
-7
-6
-4
-3
-3
-2
0
0
2
3
3
3
1
-2
-3
-4
-4
-4
-4
-3
-2
-1
1
3
3
4
3
3
4
4
3
3
3
2
-1
-2
-3
-5
-7
-8
-7
-6
-3
-2
0
1
3
2
1
0
-1
-1
-2
-2
-3
-2
-2
-4
-5
-7
-8
-9
-8
-8
-6
-3
-1
2
4
4
5
4
3
1
-1
-3
-3
-3
-1
0
2
2
4
6
6
8
10
10
10
12
11
10
10
8
6
4
3
1
0
1
2
3
4
5
5
5
5
3
1
-2
-3
-3
-4
-4
-5
-6
-6
-7
-7
-8
-8
-9
-9
-8
-8
-7
-7
-7
-6
-5
-5
-4
-4
-3
-2
-3
-3
-1
-2
1
1
1
2
2
4
5
7
9
10
12
13
12
13
10
9
7
6
5
2
0
-2
-2
-1
-1
-1
0
-1
-1
-2
-4
-6
-6
-7
-8
-9
-12
-14
-14
-15
-14
-11
-8
-7
-4
-4
-3
-2
-1
0
1
2
4
3
3
3
4
4
5
6
7
6
6
5
4
2
2
2
2
0
-1
-1
-1
-1
0
1
3
3
4
3
2
0
-2
-3
-3
-4
-3
-4
-3
-2
0
2
3
5
4
4
2
1
1
1
2
2
3
3
4
4
6
7
8
9
10
11
11
10
10
9
8
6
6
5
4
5
6
7
8
9
8
8
7
7
6
7
6
5
6
7
8
10
10
11
10
11
11
11
10
8
7
4
2
2
-1
-4
-6
-7
-8
-10
-12
-13
-13
-17
-19
-21
-24
-27
-30
-32
-34
-34
-35
-34
-33
-31
-30
-26
-24
-22
-21
-20
-21
-19
-16
-13
-11
-9
-8
-6
-4
-1
2
5
7
10
12
14
14
14
17
17
19
17
18
19
19
20
21
21
20
21
21
18
18
17
16
15
14
13
12
9
9
9
8
7
8
8
10
10
9
7
5
3
4
4
5
5
5
6
6
8
9
11
12
13
11
10
9
7
7
7
5
3
2
1
2
0
-1
-1
-2
-4
-6
-7
-10
-13
-14
-17
-19
-22
-24
-27
-27
-28
-28
-28
-30
-29
-31
-31
-33
-35
-34
-35
-34
-32
-32
-31
-31
-27
-25
-22
-19
-17
-15
-11
-7
-5
-3
2
4
7
10
13
17
22
27
31
34
35
37
39
41
43
43
44
44
43
42
42
42
41
41
41
39
37
34
33
31
26
24
20
16
13
10
7
4
1
0
-2
-4
-6
-6
-8
-9
-12
-14
-17
-18
-18
-19
-20
-20
-21
-21
-20
-18
-17
-19
-18
-17
-17
-16
-14
-15
-15
-15
-16
-17
-18
-19
-18
-16
-16
-15
-14
-15
-15
-17
-19
-21
-24
-24
-27
-28
-28
-29
-29
-28
-29
-28
-27
-27
-26
-26
-25
-25
-25
-24
-23
-21
-19
-17
-16
-13
-9
-5
-1
3
7
11
15
19
20
23
26
27
28
29
32
34
38
43
45
47
48
49
50
49
49
48
48
47
47
45
43
42
42
39
38
36
34
32
30
27
25
21
15
11
6
2
-1
-4
-7
-9
-10
-11
-13
-14
-16
-18
-19
-22
-24
-26
-28
-26
-28
-29
-29
-28
-26
-25
-25
-24
-25
-25
-25
-24
-24
-24
-25
-26
-26
-26
-25
-24
-23
-21
-20
-18
-17
-16
-15
-15
-13
-14
-13
-12
-12
-10
-9
-8
-7
-5
-5
-4
-4
-3
-2
1
2
2
3
2
3
5
5
6
7
9
9
12
13
13
14
15
16
16
17
16
17
17
18
18
19
19
19
19
20
19
21
20
20
20
19
19
18
17
17
16
15
13
13
12
12
14
13
12
13
10
9
8
8
6
5
3
2
1
1
-1
-1
-1
-2
-4
-5
-6
-7
-9
-13
-14
-16
-19
-20
-22
-22
-24
-23
-24
-25
-24
-25
-26
-25
-25
-25
-26
-25
-25
-25
-22
-22
-22
-20
-19
-15
-12
-10
-7
-4
-1
1
3
4
5
8
9
13
14
16
18
18
21
22
23
24
23
24
22
21
20
19
18
17
15
13
11
9
7
6
3
1
-1
-2
-4
-6
-9
-11
-13
-14
-14
-14
-15
-15
-13
-11
-11
-11
-7
-7
-6
-3
-1
2
7
8
9
12
14
16
18
21
23
26
26
27
27
28
27
26
25
23
22
20
18
15
13
10
7
5
1
-2
-6
-10
-13
-16
-20
-24
-28
-30
-32
-34
-37
-38
-37
-37
-38
-39
-39
-37
-36
-34
-32
-31
-27
-24
-19
-15
-10
-5
-2
0
3
6
9
11
14
17
22
24
25
27
31
32
31
28
25
25
24
20
15
12
10
6
3
0
-2
-4
-7
-11
-14
-15
-20
-23
-24
-25
-24
-25
-26
-27
-24
-20
-18
-15
-13
-10
-8
-3
1
4
6
12
15
20
24
26
29
32
34
34
35
39
41
42
41
41
42
43
42
40
38
36
33
29
24
20
15
10
5
1
0
-3
-7
-11
-13
-16
-20
-24
-30
-33
-33
-34
-37
-38
-37
-33
-29
-28
-28
-25
-22
-21
-20
-19
-17
-14
-11
-12
-10
-4
-1
1
4
7
10
11
8
7
6
6
5
1
0
0
-1
-3
-6
-7
-6
-6
-10
-17
-20
-21
-20
-22
-26
-25
-22
-20
-21
-20
-18
-15
-14
-14
-13
-10
-7
-9
-9
-6
1
5
8
11
15
19
22
22
23
25
25
25
24
25
30
32
33
32
35
37
36
33
32
30
25
23
22
19
18
16
15
15
15
12
7
4
2
1
-1
-6
-9
-9
-8
-7
-3
-4
-7
-9
-7
-7
-7
-8
-11
-13
-12
-11
-13
-12
-9
-7
-8
-6
-8
-10
-14
-17
-20
-23
-24
-26
-26
-27
-31
-30
-28
-26
-25
-23
-25
-33
-37
-42
-43
-43
-42
-37
-33
-26
-23
-23
-20
-14
-7
-4
-6
-7
-8
-6
-2
7
13
19
24
25
26
34
41
39
38
41
43
41
42
47
49
55
54
52
52
55
59
56
57
50
48
51
49
45
45
48
42
32
27
27
30
25
19
8
7
6
6
7
2
-3
-12
-15
-23
-29
-32
-38
-45
-55
-57
-64
-64
-61
-65
-64
-66
-66
-63
-60
-62
-70
-74
-70
-57
-49
-48
-46
-37
-32
-26
-19
-17
-12
-13
-11
-15
-15
-16
-17
-13
-12
-12
-21
-26
-18
-10
-11
-9
-6
3
24
17
-10
-4
50
87
58
4
2
87
129
67
18
66
140
105
33
29
91
128
75
23
21
49
40
-6
-8
4
11
-16
-51
-48
-28
-10
-52
-75
-54
-44
-53
-75
-69
-62
-54
-59
-74
-50
-32
-11
-9
-6
7
10
24
26
59
93
82
69
70
107
138
148
147
139
149
141
134
136
130
127
115
104
86
63
53
44
47
26
-11
-37
-45
-37
-50
-67
-89
-96
-96
-100
-97
-79
-15
-34
-120
-160
-118
-29
-40
-113
-162
-110
-77
-165
-185
-142
-79
-103
-210
-275
-285
-221
-231
-261
-257
-281
-298
-342
-332
-287
-235
-200
-199
-171
-204
-251
-234
-102
46
22
-40
-25
54
108
133
210
323
405
354
301
358
452
540
577
595
570
536
539
570
654
678
630
585
561
545
521
500
481
463
415
307
206
149
125
98
37
-55
-163
-263
-324
-371
-405
-444
-518
-619
-718
-763
-776
-782
-810
-873
-944
-969
-959
-942
-889
-827
-806
-808
-833
-819
-672
-437
-348
-428
-447
-263
-15
51
26
158
427
543
424
398
623
873
891
790
812
900
944
944
946
979
1022
1020
917
839
839
848
818
699
604
598
563
402
282
357
395
262
55
-30
52
73
-48
-214
-221
-143
-203
-323
-391
-309
-255
-348
-481
-524
-428
-410
-517
-617
-632
-617
-652
-696
-742
-777
-799
-807
-813
-839
-855
-920
-952
-930
-870
-831
-828
-816
-785
-727
-785
-782
-547
-292
-240
-407
-359
-82
143
139
109
430
675
622
460
535
885
1016
1026
1010
1059
1118
1053
1123
1195
1253
1243
1174
1086
954
961
978
930
779
640
623
467
367
367
361
226
-56
-150
-106
-48
-191
-336
-282
-325
-436
-555
-514
-376
-350
-433
-634
-641
-521
-481
-475
-501
-508
-566
-594
-615
-610
-555
-572
-611
-637
-623
-670
-736
-731
-709
-707
-738
-783
-855
-765
-574
-522
-685
-867
-684
-352
-155
-253
-342
-79
115
100
1
266
698
774
651
510
708
947
1001
1060
1114
1234
1179
1109
1113
1132
1228
1250
1235
1058
899
872
834
757
632
601
636
593
354
65
-20
64
143
59
-162
-403
-393
-321
-405
-458
-464
-416
-483
-568
-640
-640
-465
-425
-476
-539
-563
-576
-583
-523
-546
-561
-587
-676
-744
-727
-676
-751
-822
-861
-892
-926
-963
-1027
-1132
-1159
-1109
-903
-672
-697
-1030
-1251
-881
-322
-61
-276
-459
-152
184
176
12
366
1004
1125
781
547
852
1182
1234
1236
1371
1555
1363
1080
1107
1354
1506
1412
1268
1080
933
873
868
806
704
791
818
528
17
-172
184
497
309
-237
-433
-245
-178
-311
-415
-248
-197
-425
-707
-702
-364
-191
-292
-477
-478
-362
-331
-337
-307
-190
-175
-357
-526
-493
-275
-176
-326
-543
-657
-683
-685
-769
-785
-807
-971
-1204
-1354
-1257
-1122
-900
-695
-813
-1208
-1508
-1134
-405
-106
-360
-543
-138
168
-64
-180
472
1357
1390
709
441
963
1484
1454
1354
1636
1892
1644
1207
1231
1622
1790
1669
1485
1323
1113
971
980
997
914
863
940
659
56
-318
-25
495
327
-337
-803
-537
-267
-504
-680
-602
-339
-551
-936
-1012
-727
-274
-381
-664
-758
-588
-399
-423
-394
-356
-277
-340
-473
-468
-373
-247
-336
-467
-540
-640
-805
-895
-851
-881
-998
-1252
-1408
-1422
-1325
-1216
-1019
-707
-878
-1386
-1603
-1014
-155
-64
-477
-616
9
407
28
-85
672
1708
1582
736
581
1320
1946
1666
1503
1915
2249
1921
1335
1462
1972
2111
1815
1610
1600
1381
1095
994
1071
1024
802
722
594
145
-336
-348
107
169
-384
-915
-900
-525
-565
-857
-961
-765
-631
-890
-1063
-975
-647
-488
-697
-783
-672
-478
-436
-505
-428
-259
-160
-265
-434
-409
-224
-127
-281
-530
-664
-684
-640
-724
-884
-981
-1098
-1182
-1300
-1341
-1262
-1106
-717
-601
-1074
-1651
-1561
-572
166
-59
-680
-532
281
348
-107
54
1275
2085
1311
395
632
1757
2152
1600
1551
2144
2399
1677
1113
1562
2231
2253
1740
1509
1453
1187
957
975
1188
1217
942
560
141
-232
-255
100
306
-169
-829
-977
-788
-727
-867
-866
-766
-831
-1168
-1482
-1245
-736
-554
-824
-1089
-1006
-815
-652
-570
-532
-444
-394
-475
-665
-601
-292
-152
-248
-542
-789
-836
-736
-715
-836
-842
-962
-1286
-1471
-1382
-1145
-1024
-790
-579
-915
-1491
-1765
-956
190
309
-431
-793
86
636
181
-101
809
2227
2020
752
239
1219
2359
2092
1615
1919
2451
2102
1228
1341
2162
2534
2092
1583
1543
1449
1128
899
1110
1524
1273
582
27
-227
-102
133
291
-60
-609
-851
-896
-727
-661
-609
-634
-770
-951
-1208
-1030
-607
-366
-452
-729
-776
-594
-319
-128
-145
-148
-112
-130
-279
-304
-35
86
-33
-356
-663
-664
-570
-649
-883
-963
-982
-1307
-1681
-1762
-1598
-1396
-1417
-1266
-1100
-1412
-2015
-2241
-1164
3
-35
-908
-1162
-121
390
-31
-228
887
2274
1820
473
134
1497
2651
2143
1593
2004
2637
2140
1193
1397
2419
2854
2119
1401
1382
1433
1206
1119
1430
1491
822
-49
-262
10
179
16
-199
-341
-759
-1137
-1218
-865
-427
-481
-886
-1393
-1459
-1143
-733
-400
-526
-851
-1112
-954
-475
-162
-101
-239
-310
-298
-279
-276
-233
-90
-47
-296
-591
-777
-888
-879
-833
-843
-1063
-1454
-1836
-1938
-1677
-1429
-1438
-1298
-1164
-1562
-2205
-2331
-1171
56
30
-954
-1247
-77
549
114
-189
1040
2633
2173
655
275
1846
3151
2640
1958
2349
3114
2657
1589
1729
2874
3347
2549
1768
1720
1784
1544
1304
1499
1786
1312
311
-284
-126
268
335
83
-468
-900
-1039
-1060
-992
-795
-629
-897
-1422
-1763
-1625
-1080
-616
-698
-1202
-1504
-1335
-850
-530
-447
-536
-696
-708
-664
-624
-502
-264
-281
-616
-862
-919
-959
-966
-977
-1060
-1093
-1295
-1712
-1993
-1707
-1191
-1144
-1042
-1092
-1518
-1950
-1999
-846
191
150
-726
-956
233
715
276
-11
1275
2851
2292
785
379
1941
3161
2599
1945
2285
3040
2548
1418
1544
2665
3089
2259
1530
1536
1571
1342
1115
1268
1396
701
-180
-339
31
102
-285
-533
-720
-915
-1168
-1344
-1117
-776
-773
-1307
-1761
-1700
-1340
-924
-795
-959
-1187
-1299
-1143
-810
-516
-331
-408
-619
-671
-589
-551
-470
-248
-277
-540
-818
-1028
-1070
-1047
-958
-992
-1150
-1421
-1813
-1918
-1631
-1210
-770
-761
-1468
-2304
-2214
-798
378
229
-804
-835
484
981
410
24
1392
3123
2760
1208
656
2124
3365
2900
2339
2802
3451
2756
1611
1867
3072
3459
2459
1690
1863
1953
1549
1051
1281
1634
1022
-9
-480
-116
73
-188
-577
-929
-1096
-1337
-1396
-1343
-1114
-1092
-1560
-1859
-1872
-1567
-1215
-1075
-1155
-1279
-1251
-1123
-922
-734
-473
-307
-358
-465
-623
-692
-491
-120
-14
-342
-794
-946
-810
-666
-816
-1123
-1196
-1122
-1303
-1814
-1896
-1466
-711
-532
-1486
-2417
-2404
-970
230
38
-890
-1005
233
737
271
-31
1240
2865
2444
1050
694
2125
3184
2541
2072
2882
3662
2815
1448
1703
3208
3742
2638
1629
1790
2180
1881
1248
1259
1634
1204
229
-363
-172
85
-173
-601
-933
-1101
-1356
-1556
-1523
-1247
-1196
-1715
-2122
-2097
-1698
-1327
-1304
-1498
-1627
-1493
-1300
-1111
-1024
-869
-728
-682
-612
-722
-780
-683
-405
-253
-383
-617
-810
-796
-833
-837
-911
-1013
-1091
-1319
-1404
-1382
-960
-472
-700
-1401
-2022
-1459
-182
288
-269
-865
-28
939
779
189
569
2360
2969
1891
862
1486
3091
3152
2248
2266
3319
3670
2523
1675
2296
3320
3218
2343
1982
1999
1840
1484
1291
1591
1391
553
-94
-218
-48
-313
-599
-850
-1116
-1362
-1671
-1690
-1583
-1389
-1653
-2191
-2329
-2164
-1740
-1495
-1635
-1909
-1910
-1604
-1266
-1137
-1122
-1044
-1029
-905
-740
-674
-774
-712
-533
-436
-513
-793
-810
-790
-690
-856
-1226
-1190
-1127
-1027
-1162
-1057
-566
-630
-1225
-2024
-1586
-32
637
-129
-1285
-603
916
1163
426
209
1863
2966
2071
715
943
2864
3548
2512
1887
2656
3426
2748
1895
2335
3293
3095
2008
1691
2198
2335
1732
1114
1257
1496
862
12
-219
66
28
-542
-1010
-1297
-1409
-1476
-1554
-1531
-1573
-1846
-2301
-2416
-2121
-1770
-1556
-1705
-2031
-2127
-1862
-1390
-1077
-1050
-1080
-1099
-1011
-758
-526
-525
-549
-401
-286
-372
-683
-821
-619
-388
-451
-998
-1292
-1053
-759
-741
-791
-350
-392
-1047
-1842
-1649
51
902
235
-972
-662
741
993
434
444
2081
3044
1967
577
838
2788
3528
2590
2051
2693
3285
2565
1767
2435
3572
3446
2287
1683
2032
2259
1956
1504
1601
1728
949
4
-360
24
268
-42
-670
-1475
-1775
-1686
-1484
-1437
-1595
-1918
-2388
-2602
-2610
-2367
-1907
-1657
-1942
-2387
-2410
-1992
-1461
-1187
-1074
-1120
-1129
-996
-884
-724
-485
-216
-285
-492
-575
-631
-496
-472
-496
-632
-770
-791
-953
-895
-517
83
-175
-1167
-1825
-1383
188
686
-154
-931
-308
751
565
-28
307
1958
2582
1520
455
890
2420
2652
1878
1938
2784
2892
1894
1344
2272
3380
3078
2071
1731
2070
2105
1716
1444
1674
1726
1096
406
40
92
46
-93
-275
-714
-1249
-1643
-1616
-1404
-1196
-1501
-2073
-2381
-2450
-2153
-1877
-1813
-1989
-2126
-1964
-1732
-1610
-1587
-1354
-1109
-897
-747
-838
-892
-801
-466
-211
-277
-489
-735
-669
-500
-459
-714
-881
-756
-692
-703
-463
-25
-278
-1041
-1606
-791
653
827
-221
-1009
127
1134
814
111
595
2299
2475
1290
464
1407
2877
2595
1698
1924
2948
2940
1813
1473
2538
3394
2850
1928
1901
2339
2204
1715
1557
1988
1903
1002
279
282
648
475
-9
-538
-853
-1019
-1247
-1402
-1470
-1419
-1761
-2195
-2409
-2462
-2284
-2143
-2160
-2441
-2522
-2345
-2057
-1857
-1864
-1812
-1768
-1465
-1204
-1246
-1295
-1143
-874
-809
-912
-966
-873
-887
-925
-987
-953
-859
-848
-816
-420
208
-237
-1107
-1511
-617
942
1083
149
-560
288
1195
963
560
1167
2629
2544
1296
636
1583
2980
2721
1793
1919
2815
2806
1744
1366
2453
3424
2859
1739
1516
2109
2323
1919
1656
1894
1917
1156
502
480
806
836
327
-126
-512
-695
-822
-967
-918
-993
-1388
-1964
-2199
-2056
-1786
-1666
-2036
-2523
-2628
-2258
-1867
-1883
-2055
-1989
-1806
-1643
-1703
-1724
-1505
-1271
-1146
-1337
-1501
-1438
-1266
-1168
-1276
-1296
-1292
-1287
-1226
-1152
-462
18
-491
-1288
-1585
-309
911
831
-24
-192
975
1371
917
620
1836
3321
2728
1304
816
2168
3419
2876
2095
2393
3009
2665
1790
1850
2875
3292
2571
1905
2071
2312
2092
1768
1829
2068
1632
962
678
813
893
594
290
40
-323
-709
-683
-558
-692
-1170
-1776
-1858
-1744
-1756
-1894
-1985
-2035
-2324
-2557
-2504
-2141
-1961
-2105
-2254
-2200
-1993
-1945
-2102
-2099
-1717
-1463
-1653
-2113
-2159
-1744
-1504
-1622
-1852
-1835
-1571
-1400
-1207
-653
-531
-1051
-1676
-1227
221
913
444
-343
310
1308
1327
910
1141
2789
3311
2176
1140
1601
3101
3261
2452
2333
3049
3108
2037
1461
2352
3417
3070
1954
1679
2106
2050
1570
1500
2053
2148
1329
485
383
849
966
674
387
136
-348
-732
-578
-216
-121
-737
-1470
-1702
-1536
-1311
-1299
-1395
-1623
-1992
-2272
-2171
-1853
-1700
-1731
-1923
-2023
-2003
-2045
-2083
-2030
-1785
-1615
-1832
-2303
-2448
-2230
-2024
-1871
-1944
-2134
-2120
-1905
-1246
-738
-1065
-1725
-1981
-781
566
571
-310
-515
729
1368
1097
785
1724
3285
2972
1717
1228
2309
3443
2999
2431
2907
3471
2776
1567
1722
3065
3669
2749
1652
1688
2094
2060
1737
1687
2035
1737
1057
619
611
806
763
718
516
89
-525
-725
-383
-80
-135
-845
-1443
-1601
-1480
-1254
-1224
-1359
-1679
-1953
-2055
-1956
-1961
-1989
-1819
-1735
-1796
-2093
-2337
-2297
-1962
-1692
-1844
-2256
-2584
-2493
-2308
-2260
-2215
-2313
-2344
-2261
-1984
-1238
-1075
-1667
-2283
-1871
-256
534
59
-789
-157
1200
1287
809
840
2482
3505
2577
1594
1802
3065
3365
2641
2775
3692
3706
2394
1549
2477
3698
3487
2308
1849
2291
2223
1775
1562
1975
2343
1564
769
502
687
856
684
692
450
-48
-587
-576
-105
52
-196
-887
-1228
-1224
-1208
-1012
-993
-1213
-1490
-1682
-1650
-1570
-1739
-1787
-1630
-1506
-1592
-1936
-2249
-2181
-1766
-1575
-1847
-2413
-2668
-2545
-2333
-2291
-2323
-2414
-2530
-2399
-1971
-1255
-1390
-2129
-2451
-1506
-16
191
-629
-903
407
1264
905
509
1319
2983
2996
1837
1452
2546
3595
2993
2256
2985
4014
3462
1964
1672
2942
3799
3018
1902
1882
2225
1889
1430
1434
1977
1995
1061
450
360
542
582
481
557
265
-260
-752
-693
-196
53
-227
-895
-1139
-1199
-1129
-830
-776
-1038
-1357
-1465
-1354
-1300
-1519
-1594
-1432
-1219
-1272
-1730
-2135
-2049
-1597
-1410
-1790
-2286
-2531
-2545
-2508
-2442
-2321
-2412
-2527
-2584
-2046
-1551
-1996
-2619
-2517
-1121
-120
-459
-1303
-950
467
926
599
531
1827
2875
2223
1401
1724
3051
3432
2623
2482
3470
3845
2805
1874
2448
3651
3593
2467
1891
2256
2323
1842
1562
1773
2050
1473
738
524
605
606
373
461
424
-15
-603
-783
-383
-38
-29
-629
-1110
-1156
-1036
-735
-587
-779
-1186
-1326
-1064
-798
-979
-1286
-1364
-1117
-849
-1006
-1395
-1742
-1560
-1229
-1283
-1704
-2131
-2175
-2222
-2266
-2270
-2404
-2408
-2504
-2333
-1789
-1807
-2359
-2935
-2245
-755
-306
-997
-1720
-803
408
580
214
504
2014
2437
1548
1087
1877
3117
3022
2262
2676
3589
3360
2174
1822
2968
3781
3111
1950
1838
2344
2172
1652
1428
1746
1780
1099
533
441
527
451
319
329
139
-415
-722
-601
-303
-159
-429
-827
-1052
-1062
-1008
-750
-513
-751
-1163
-1196
-801
-602
-839
-1092
-1031
-756
-583
-798
-1226
-1340
-1133
-883
-1156
-1570
-1784
-1915
-1893
-2119
-2172
-2325
-2315
-2254
-2164
-1617
-1978
-2602
-3027
-2167
-658
-562
-1312
-1919
-843
265
231
-155
383
2037
2266
1328
917
1864
3021
2824
2277
2869
3728
3275
2110
1990
3361
4080
3195
2064
2064
2605
2340
1828
1699
1952
1783
1085
745
698
577
289
195
425
170
-656
-1084
-740
-189
-221
-840
-1265
-1164
-940
-970
-992
-821
-814
-1069
-1209
-937
-638
-685
-845
-891
-649
-416
-599
-995
-1143
-800
-520
-805
-1380
-1673
-1508
-1460
-1644
-1944
-2225
-2141
-2043
-1674
-1553
-2139
-2791
-2978
-1775
-735
-943
-1848
-1937
-697
-192
-383
-544
477
1796
1395
538
677
1942
2662
2032
1865
2837
3370
2565
1561
2120
3506
3696
2595
1833
2288
2579
2149
1668
1708
2165
1789
981
693
663
657
410
350
422
57
-583
-987
-638
-173
-272
-897
-1413
-1243
-1032
-928
-908
-1143
-1250
-1221
-1089
-895
-918
-988
-934
-773
-612
-529
-683
-1015
-1003
-675
-472
-729
-1210
-1502
-1428
-1345
-1462
-1696
-1964
-1909
-1889
-1465
-1367
-2123
-2732
-2699
-1404
-604
-1052
-2060
-2013
-590
-97
-404
-631
474
1646
1152
368
558
1911
2631
2069
1910
2725
3101
2377
1736
2415
3693
3698
2551
1885
2354
2739
2462
2101
1995
2157
1773
1215
953
835
833
621
626
517
-45
-624
-736
-356
-131
-373
-1053
-1470
-1393
-1238
-991
-902
-1142
-1482
-1553
-1287
-1007
-1015
-1122
-1029
-794
-573
-687
-907
-1013
-791
-376
-455
-893
-1355
-1316
-1008
-1026
-1227
-1635
-1757
-1663
-1605
-1129
-1138
-1801
-2557
-2600
-1225
-436
-945
-2014
-1913
-501
-145
-660
-966
293
1635
1160
213
129
1382
2227
1816
1785
2514
2819
2096
1400
2129
3433
3518
2493
1830
2286
2642
2385
2052
2066
2346
1866
1167
890
983
1178
936
704
429
-44
-452
-528
-242
-83
-402
-1090
-1547
-1484
-1242
-995
-989
-1327
-1647
-1621
-1396
-1165
-1136
-1219
-1159
-977
-778
-808
-1009
-1047
-754
-470
-531
-881
-1186
-1064
-909
-941
-1084
-1209
-1295
-1391
-1382
-901
-670
-1346
-2225
-2301
-1011
-101
-612
-1729
-1553
-257
-22
-565
-794
585
1724
1018
-1
90
1516
2155
1552
1362
2251
2772
1961
1194
1799
3137
3311
2320
1717
2165
2480
2187
1805
1924
2372
2017
1423
923
840
1038
1027
1010
640
129
-433
-377
-43
-16
-254
-844
-1111
-1244
-1276
-1071
-951
-1050
-1374
-1623
-1534
-1193
-1144
-1222
-1162
-1020
-878
-993
-1235
-1123
-736
-466
-584
-1123
-1397
-1160
-910
-1018
-1230
-1291
-1378
-1425
-1616
-1134
-598
-1110
-1941
-2483
-1446
-245
-515
-1489
-1684
-429
58
-562
-1114
-75
1631
1417
133
-340
806
2012
1718
1164
1774
2486
2053
1117
1272
2625
3149
2313
1533
1873
2369
2139
1637
1590
2162
2201
1602
950
747
931
1080
1106
875
333
-275
-344
-106
98
-41
-500
-858
-1049
-1099
-1077
-885
-823
-1032
-1341
-1449
-1247
-1109
-1088
-1011
-901
-903
-1042
-1140
-1019
-744
-558
-664
-957
-1211
-1093
-918
-1048
-1118
-1266
-1293
-1416
-1524
-1436
-866
-488
-1284
-2089
-2310
-1153
-179
-499
-1205
-1198
-137
-128
-742
-753
748
2113
1217
-79
-150
1343
2318
1674
1247
2037
2684
1982
1020
1380
2807
3133
2136
1529
2003
2397
1934
1533
1805
2493
2145
1008
543
915
1525
1319
735
354
165
63
-111
-115
5
13
-503
-1108
-1191
-998
-702
-612
-932
-1320
-1417
-1259
-1011
-887
-832
-878
-1120
-1224
-1015
-663
-617
-788
-862
-877
-891
-1043
-1104
-1059
-999
-1090
-1442
-1655
-1675
-1525
-1340
-857
-790
-1535
-2298
-2487
-1319
-208
-289
-1225
-1401
-493
-275
-486
-398
869
1834
1061
-51
-40
1391
2273
1701
1247
1904
2472
1892
1057
1449
2703
3009
2128
1513
1893
2109
1798
1548
1831
2329
1845
1000
706
999
1336
1119
749
434
214
-19
-163
-80
-34
-152
-620
-1014
-1020
-968
-837
-720
-950
-1233
-1416
-1379
-963
-761
-820
-1045
-1210
-1066
-793
-631
-743
-764
-702
-633
-815
-1054
-920
-812
-848
-1038
-1322
-1416
-1434
-1374
-1270
-857
-557
-1173
-2030
-2396
-1302
13
-63
-963
-1505
-557
125
-52
-270
418
1706
1464
382
26
1099
2280
1906
1197
1570
2354
2153
1158
1081
2341
3042
2308
1335
1461
2040
1919
1582
1493
1929
1944
1240
821
863
1156
977
637
595
500
225
-182
-293
-73
45
-289
-843
-1046
-873
-731
-739
-921
-1221
-1264
-1138
-931
-896
-1046
-1100
-1099
-953
-822
-755
-856
-1000
-974
-804
-735
-912
-1081
-1233
-1235
-1259
-1325
-1472
-1629
-1670
-1700
-1573
-1220
-993
-1494
-2143
-2246
-1233
-199
-493
-1312
-1319
-78
407
-125
-521
359
1819
1634
601
253
1285
2181
1679
1168
1793
2599
2127
1114
1236
2465
2891
2012
1379
1833
2279
1894
1380
1480
2210
2036
1097
624
846
1257
989
645
473
432
107
-412
-377
-40
203
-390
-1165
-1182
-893
-589
-625
-1014
-1221
-1126
-983
-919
-956
-913
-847
-931
-915
-686
-560
-789
-1044
-950
-595
-543
-937
-1279
-1289
-1157
-1092
-1448
-1735
-1659
-1681
-1669
-1656
-1176
-1034
-1606
-2294
-2238
-823
-102
-487
-1305
-995
239
312
-188
-304
1055
2219
1536
345
280
1624
2270
1691
1390
2043
2499
1809
984
1485
2656
2748
1914
1446
1898
2065
1604
1353
1618
2126
1833
1038
627
692
911
875
770
546
99
-336
-427
-133
48
-194
-640
-949
-959
-927
-852
-697
-782
-1011
-1195
-1133
-822
-690
-795
-938
-906
-704
-591
-693
-930
-868
-544
-531
-883
-1257
-1292
-1082
-1046
-1358
-1671
-1830
-1855
-1798
-1738
-1674
-1385
-1224
-1670
-2138
-2213
-1259
-268
-407
-981
-1075
-171
247
-85
-164
860
2130
1720
473
77
1269
2525
2138
1316
1620
2345
2253
1423
1323
2352
2848
2226
1526
1711
2152
1871
1377
1537
2195
2071
1004
274
559
1263
1291
547
29
-55
-43
-213
-433
-157
106
-249
-1005
-1392
-1088
-557
-355
-696
-1108
-1161
-989
-810
-730
-585
-439
-592
-780
-796
-612
-425
-435
-505
-668
-893
-1038
-1095
-1093
-1189
-1402
-1560
-1750
-1831
-1905
-1877
-1765
-1704
-1267
-1276
-1689
-2225
-2027
-727
-96
-355
-1123
-787
149
299
97
165
1417
1965
1093
237
604
2011
2387
1567
1287
2096
2589
1938
1134
1634
2715
2789
1994
1578
2017
2103
1761
1558
1769
2069
1548
863
622
799
980
636
325
94
-156
-309
-356
-142
-28
-331
-922
-1252
-1005
-635
-477
-581
-911
-1175
-1159
-886
-493
-336
-457
-780
-969
-788
-483
-352
-566
-792
-833
-907
-1106
-1311
-1332
-1317
-1504
-1685
-1816
-1921
-1992
-2215
-2189
-1805
-1200
-998
-1716
-2396
-2412
-1222
-85
-173
-877
-1127
-198
266
88
-17
705
1831
1550
683
482
1382
2161
1801
1478
2112
2813
2327
1299
1321
2477
3111
2535
1857
1965
2183
1869
1546
1733
2233
2014
1048
449
638
980
844
408
139
-2
-173
-339
-357
-224
-253
-646
-1034
-1023
-772
-604
-584
-711
-939
-1007
-839
-540
-366
-470
-606
-678
-664
-610
-539
-486
-585
-773
-977
-1163
-1175
-1169
-1372
-1582
-1667
-1657
-1830
-2067
-2142
-2065
-1789
-1810
-1513
-1235
-1559
-2038
-2253
-1145
-155
-246
-937
-1103
-50
426
66
-345
534
1932
1753
702
203
1143
2242
2066
1651
2110
2694
2328
1381
1414
2561
3198
2690
1868
1797
1952
1765
1540
1647
1924
1690
1100
484
300
332
394
488
430
-12
-740
-853
-585
-241
-293
-724
-896
-972
-895
-866
-728
-467
-543
-846
-886
-611
-357
-302
-431
-498
-553
-622
-602
-502
-474
-569
-706
-992
-1152
-1206
-1258
-1197
-1186
-1327
-1653
-2021
-2086
-1833
-1576
-1531
-1571
-1298
-1212
-1667
-2231
-1957
-654
66
-342
-1269
-1125
12
272
-207
-260
1046
2094
1369
126
282
1934
2780
2115
1653
2341
2946
2338
1565
2115
3301
3395
2359
1745
2210
2455
1939
1547
1735
2098
1766
836
288
373
625
566
398
177
-305
-651
-734
-532
-327
-395
-636
-934
-958
-894
-836
-635
-571
-733
-869
-762
-587
-603
-624
-607
-614
-744
-839
-692
-563
-611
-834
-1016
-1117
-1036
-994
-1145
-1280
-1300
-1324
-1581
-1731
-1719
-1545
-1469
-1619
-1816
-1467
-916
-1226
-1871
-2227
-1379
-230
-99
-776
-1254
-463
169
30
-164
669
1977
1791
755
389
1542
2841
2601
1901
2166
2928
2852
1955
1726
2732
3447
2903
1927
1727
1984
1864
1646
1666
1850
1528
722
77
43
418
471
218
-112
-539
-1000
-1071
-775
-404
-273
-723
-1229
-1469
-1297
-882
-546
-497
-930
-1344
-1326
-868
-473
-440
-595
-799
-870
-899
-804
-520
-288
-305
-575
-950
-1053
-807
-616
-652
-819
-980
-1255
-1535
-1625
-1481
-1317
-1393
-1700
-1979
-1708
-1163
-1183
-1725
-2141
-1688
-643
-371
-934
-1326
-566
450
421
22
279
1520
2136
1563
1119
1684
2733
2673
2035
2286
3244
3437
2384
1680
2379
3383
3200
2253
1908
2198
2084
1431
1106
1438
1683
1168
306
-119
-48
23
-78
-245
-471
-769
-962
-968
-963
-950
-1037
-1118
-1164
-1315
-1344
-1293
-1172
-1075
-1095
-1019
-940
-944
-993
-878
-558
-339
-499
-743
-675
-351
-15
-54
-344
-653
-636
-410
-427
-596
-860
-1021
-1125
-1252
-1389
-1532
-1616
-1684
-1823
-1881
-1802
-1547
-1201
-1464
-1957
-2093
-1363
-288
-157
-582
-773
-1
626
503
546
1240
2381
2331
1479
1316
2194
3135
2801
2190
2542
3292
3106
2149
1886
2686
3276
2689
1775
1604
1832
1592
1125
1029
1245
1046
330
-156
-205
21
-26
-363
-638
-883
-1107
-1266
-1166
-992
-914
-1066
-1395
-1517
-1477
-1213
-917
-820
-924
-1208
-1248
-917
-509
-313
-275
-298
-347
-437
-445
-167
119
196
56
-283
-565
-589
-555
-567
-585
-697
-958
-1409
-1680
-1606
-1378
-1305
-1523
-1717
-1797
-1656
-1428
-1003
-720
-1074
-1378
-1231
-416
266
200
-19
307
1030
1068
796
1061
2169
2958
2357
1576
1749
2694
3060
2491
2259
2818
3069
2336
1528
1690
2473
2570
1898
1312
1175
1024
716
622
783
816
229
-567
-916
-814
-682
-765
-940
-1096
-1297
-1615
-1749
-1567
-1185
-1014
-1256
-1570
-1662
-1397
-1016
-736
-724
-861
-836
-638
-401
-289
-244
-156
-63
-61
-118
-176
-195
-115
-50
-128
-393
-565
-622
-757
-858
-860
-784
-883
-1190
-1388
-1260
-1000
-1034
-1259
-1368
-1311
-1085
-858
-523
-350
-681
-984
-785
136
840
581
61
275
1109
1313
1004
1072
1943
2610
2021
1252
1346
2170
2530
1982
1593
1901
2167
1699
1144
1251
1747
1680
1050
694
726
560
78
-188
-2
240
-157
-772
-1087
-1094
-853
-738
-703
-954
-1285
-1485
-1287
-791
-647
-712
-984
-942
-726
-639
-472
-425
-306
-252
-280
-295
-165
15
72
124
94
-15
-151
-171
-46
146
196
39
-265
-531
-354
-73
-80
-305
-561
-607
-541
-532
-559
-667
-740
-762
-819
-785
-712
-694
-700
-482
-117
-185
-597
-903
-592
311
679
320
-222
-27
759
921
692
610
1083
1529
1239
862
854
1234
1355
1074
1068
1305
1291
809
427
717
1087
931
445
187
373
394
138
-98
-115
47
-13
-141
-387
-671
-744
-545
-162
-185
-501
-810
-764
-456
-298
-249
-356
-452
-560
-511
-311
-179
-135
-305
-366
-175
96
152
47
88
213
303
281
224
221
323
517
546
326
154
113
199
304
308
275
64
-180
-282
-246
-82
-104
-359
-645
-737
-723
-802
-855
-825
-709
-511
-629
-1106
-1427
-1209
-486
-152
-386
-727
-769
-354
-232
-276
-117
359
710
349
-35
68
629
943
695
646
1009
1179
808
471
814
1430
1445
961
683
835
908
636
501
710
901
600
116
36
100
47
-141
-122
110
-37
-454
-713
-440
-12
-78
-449
-678
-427
-176
-148
-146
-159
-49
-15
23
231
437
491
416
484
667
725
605
541
737
963
1008
778
502
558
738
709
514
304
192
58
-125
-234
-350
-545
-833
-1085
-1199
-1323
-1566
-1849
-1883
-1924
-2056
-2131
-2083
-1884
-2093
-2435
-2574
-2183
-1574
-1481
-1674
-1757
-1222
-929
-1066
-882
-232
690
736
216
66
587
1355
1539
1448
1600
1912
1799
1390
1396
1828
2142
1941
1536
1385
1365
1186
1067
1153
1283
1127
718
498
374
272
215
253
360
178
-240
-455
-221
83
96
-36
-127
-37
3
-19
107
355
600
514
295
432
805
1052
1001
842
856
1016
1169
1142
1028
979
1016
999
722
469
387
358
307
21
-379
-691
-858
-969
-1251
-1554
-1823
-2096
-2376
-2590
-2671
-2753
-2846
-3114
-3424
-3338
-2966
-2715
-2627
-2689
-2774
-2704
-2474
-1889
-1362
-1092
-1102
-968
-390
49
270
403
1039
1777
1799
1511
1390
1918
2554
2629
2487
2533
2677
2541
2219
2228
2634
2758
2341
1809
1649
1637
1535
1348
1100
987
756
500
302
146
134
87
32
-99
-300
-320
-135
9
-33
-133
-115
42
272
410
490
547
562
629
719
876
1034
1058
975
971
1023
1006
839
629
587
606
535
246
-202
-539
-598
-596
-850
-1260
-1639
-1919
-2127
-2355
-2524
-2646
-2807
-2990
-3217
-3321
-3344
-3370
-3308
-3187
-3044
-3048
-3139
-3073
-2762
-2280
-1930
-1751
-1545
-1384
-1165
-909
-449
281
742
845
772
1146
1818
2164
2285
2428
2938
3277
2985
2552
2578
3191
3512
3127
2656
2540
2575
2375
2071
2021
2072
1834
1330
982
960
912
717
507
456
419
120
-60
34
123
116
-29
-15
139
188
118
112
367
504
423
302
375
591
540
379
212
226
417
332
73
-119
-182
-199
-291
-464
-651
-846
-989
-1060
-1156
-1365
-1639
-1856
-1917
-1824
-1912
-2234
-2480
-2471
-2330
-2308
-2392
-2447
-2392
-2289
-2192
-2130
-1975
-1741
-1660
-1520
-1277
-1051
-901
-805
-650
-501
-311
-115
175
475
624
726
756
863
1038
1203
1518
1776
1807
1601
1510
1723
1986
2108
2045
2094
2100
1928
1730
1651
1868
1987
1799
1602
1506
1418
1260
1129
1241
1393
1247
873
568
549
626
617
501
397
328
154
21
-59
-84
-35
-116
-212
-325
-453
-502
-564
-574
-649
-741
-823
-889
-867
-936
-988
-1070
-1128
-1065
-1100
-1123
-1125
-1090
-1018
-1077
-1129
-1116
-1014
-870
-843
-897
-942
-883
-774
-628
-443
-423
-561
-664
-616
-378
-223
-272
-369
-381
-263
-268
-384
-375
-218
-25
-83
-326
-454
-364
-129
-18
-27
-119
-221
-202
-137
68
334
436
430
386
415
588
742
858
942
1104
1287
1252
1162
1129
1375
1698
1748
1603
1329
1286
1293
1267
1295
1173
971
701
477
393
363
235
-33
-232
-301
-425
-638
-775
-793
-735
-793
-919
-1004
-1071
-984
-939
-816
-724
-789
-800
-787
-549
-383
-286
-179
-94
23
-29
39
205
394
523
419
327
304
346
379
394
442
416
240
87
79
143
131
-1
-75
-96
-117
-251
-374
-343
-298
-287
-412
-488
-454
-402
-387
-427
-356
-231
-170
-216
-219
-125
-2
125
155
149
125
175
277
358
359
229
82
-16
23
69
32
-57
-205
-360
-519
-521
-411
-458
-739
-1052
-1027
-794
-778
-1094
-1299
-1079
-801
-907
-1252
-1255
-884
-631
-718
-784
-518
-191
-197
-355
-155
335
643
593
531
765
1018
1098
1169
1380
1605
1597
1468
1474
1588
1609
1533
1480
1488
1455
1300
1101
1045
1100
1019
846
663
576
484
284
151
47
30
-17
-130
-174
-211
-219
-223
-146
-37
34
47
12
67
191
288
326
343
377
382
330
326
403
453
396
234
135
129
97
-21
-201
-318
-412
-529
-740
-1002
-1195
-1348
-1396
-1526
-1749
-1974
-2185
-2262
-2270
-2243
-2377
-2574
-2659
-2588
-2422
-2416
-2407
-2378
-2238
-2000
-1823
-1668
-1561
-1373
-1047
-674
-454
-414
-320
71
568
835
866
992
1330
1571
1669
1759
2046
2326
2258
2056
2058
2325
2438
2245
2090
2180
2311
2203
1966
1831
1835
1804
1702
1598
1498
1424
1349
1231
1071
957
915
898
834
687
574
542
509
447
352
310
290
204
74
-30
-10
59
-32
-199
-277
-233
-188
-285
-418
-461
-400
-411
-592
-785
-886
-873
-895
-1041
-1200
-1332
-1403
-1481
-1571
-1610
-1638
-1698
-1815
-1925
-1936
-1887
-1835
-1856
-1910
-1891
-1812
-1740
-1768
-1802
-1677
-1486
-1355
-1347
-1369
-1261
-1089
-889
-734
-659
-593
-529
-409
-238
-62
62
132
266
417
541
597
667
838
1054
1247
1328
1346
1391
1521
1722
1890
1958
1918
1892
1928
2034
2143
2171
2128
2041
1984
1941
1908
1862
1755
1647
1549
1439
1296
1127
980
885
795
660
481
302
178
109
63
-52
-234
-397
-461
-452
-495
-599
-691
-706
-676
-702
-769
-808
-810
-767
-729
-728
-718
-704
-674
-634
-595
-585
-656
-727
-716
-613
-535
-600
-735
-856
-888
-874
-882
-904
-998
-1120
-1206
-1235
-1232
-1254
-1286
-1306
-1300
-1269
-1241
-1227
-1161
-1057
-962
-895
-829
-713
-555
-384
-196
-17
135
277
454
666
847
969
1079
1237
1394
1490
1520
1523
1580
1645
1670
1620
1498
1402
1339
1274
1157
975
818
722
599
412
200
34
-99
-245
-381
-417
-417
-573
-838
-1013
-888
-637
-570
-691
-799
-701
-552
-454
-365
-160
76
150
137
167
385
610
684
708
800
958
973
898
874
987
1111
1077
940
802
746
691
580
483
446
352
151
-78
-220
-220
-244
-318
-442
-602
-743
-815
-797
-800
-806
-877
-913
-868
-835
-792
-765
-666
-530
-461
-421
-367
-264
-162
-86
-11
100
197
243
258
284
360
434
448
397
372
361
364
356
290
222
160
114
43
-15
-53
-121
-186
-288
-364
-410
-437
-448
-484
-507
-538
-572
-594
-589
-528
-482
-487
-528
-523
-487
-454
-449
-453
-402
-330
-306
-351
-354
-293
-198
-118
-100
-118
-133
-101
-60
-1
17
8
22
51
81
88
126
162
192
234
287
321
344
374
432
543
660
723
726
752
835
924
960
994
1088
1186
1198
1110
1055
1098
1203
1228
1137
1032
976
966
884
728
597
529
469
332
147
-20
-140
-249
-397
-509
-577
-650
-777
-912
-970
-967
-958
-965
-975
-949
-923
-908
-845
-738
-627
-571
-505
-387
-244
-119
-74
-36
15
76
166
248
327
346
277
197
190
257
253
162
78
9
-67
-196
-316
-379
-421
-509
-685
-827
-893
-939
-1015
-1128
-1163
-1163
-1162
-1152
-1155
-1087
-995
-921
-823
-675
-491
-374
-319
-229
-24
270
514
653
745
868
1046
1219
1359
1452
1542
1638
1691
1692
1653
1615
1586
1553
1474
1340
1149
931
747
593
472
290
58
-163
-354
-485
-592
-687
-820
-958
-1037
-1091
-1110
-1151
-1179
-1119
-1014
-915
-862
-785
-673
-531
-372
-221
-68
79
245
402
566
693
767
855
966
1079
1139
1122
1081
1080
1077
1034
964
879
737
553
426
351
257
64
-199
-406
-525
-630
-799
-988
-1117
-1204
-1283
-1407
-1540
-1601
-1581
-1531
-1518
-1522
-1508
-1461
-1364
-1196
-1014
-862
-750
-643
-458
-230
-18
152
318
512
694
836
919
1014
1155
1294
1371
1369
1328
1303
1290
1294
1272
1178
1051
905
807
716
594
456
302
156
35
-48
-154
-315
-469
-528
-496
-450
-515
-633
-665
-603
-479
-394
-353
-318
-241
-110
11
139
262
365
469
559
671
787
890
964
1024
1066
1075
1058
1031
1032
1017
984
912
774
608
448
348
264
146
-54
-293
-477
-594
-692
-858
-1037
-1159
-1224
-1291
-1414
-1538
-1567
-1537
-1528
-1547
-1581
-1580
-1510
-1393
-1283
-1188
-1131
-1098
-1017
-861
-692
-556
-469
-404
-294
-154
-31
21
66
163
292
366
338
302
347
462
544
543
510
464
429
423
464
536
533
444
347
334
399
435
398
359
370
396
383
330
307
338
397
428
414
398
364
384
443
486
518
527
554
586
628
663
700
772
826
859
861
822
796
816
873
896
847
759
691
677
666
591
501
461
438
347
189
70
25
1
-77
-211
-325
-425
-525
-626
-692
-720
-785
-901
-1026
-1069
-1059
-1072
-1129
-1183
-1175
-1167
-1173
-1173
-1145
-1099
-1075
-1055
-1007
-915
-836
-794
-744
-645
-512
-424
-392
-344
-246
-143
-55
21
111
163
170
180
253
376
431
420
371
355
370
396
396
350
333
320
291
244
201
195
221
220
143
58
19
40
65
66
33
-12
-13
1
16
22
47
70
70
85
111
173
202
215
243
289
343
331
315
322
355
413
439
404
324
275
299
345
349
297
233
203
178
129
74
38
27
-11
-95
-181
-254
-272
-265
-268
-287
-354
-424
-434
-365
-272
-248
-305
-326
-263
-145
-57
-30
5
90
178
230
270
329
409
496
553
589
600
575
561
591
665
699
611
475
415
449
478
426
311
220
177
102
-13
-106
-163
-197
-271
-387
-475
-544
-598
-648
-686
-697
-719
-767
-804
-785
-746
-734
-730
-710
-655
-601
-566
-535
-477
-400
-316
-254
-236
-207
-154
-62
-1
8
8
23
42
51
43
12
-4
-28
-42
-44
-56
-81
-138
-166
-158
-155
-176
-212
-218
-176
-138
-153
-159
-119
-54
3
30
59
114
202
284
344
380
408
477
564
625
649
664
727
809
839
834
813
812
841
866
896
897
851
796
752
729
690
610
542
503
480
393
256
142
83
52
-26
-114
-192
-270
-374
-480
-530
-526
-544
-631
-739
-784
-757
-719
-733
-777
-799
-802
-798
-782
-754
-718
-685
-677
-682
-692
-660
-615
-576
-528
-506
-490
-489
-474
-445
-397
-347
-313
-284
-267
-239
-197
-151
-107
-71
-36
8
60
111
166
231
303
353
376
410
477
546
573
564
573
624
667
688
695
687
676
655
656
683
708
668
590
533
536
550
510
441
377
369
351
298
237
182
147
116
109
90
43
-13
-53
-32
-2
-16
-61
-103
-115
-91
-84
-111
-149
-171
-167
-163
-174
-221
-274
-311
-315
-317
-365
-442
-503
-520
-544
-601
-672
-707
-700
-686
-697
-751
-806
-824
-804
-753
-712
-714
-737
-740
-692
-612
-530
-490
-476
-432
-355
-265
-196
-125
-41
43
112
162
244
349
438
514
583
642
690
747
795
850
873
881
910
939
936
894
870
873
876
833
757
687
649
617
565
517
471
428
343
254
207
202
176
105
49
18
14
-15
-67
-101
-106
-90
-100
-120
-133
-153
-178
-175
-145
-132
-171
-227
-240
-200
-169
-190
-218
-230
-256
-293
-332
-332
-286
-280
-351
-442
-462
-414
-400
-454
-507
-504
-472
-486
-529
-524
-457
-416
-438
-456
-415
-334
-291
-271
-231
-176
-154
-154
-116
-35
39
56
47
69
119
155
162
161
187
214
207
192
179
179
192
213
238
232
203
179
195
236
270
280
264
253
256
270
287
304
315
325
332
319
291
272
305
350
354
308
248
241
272
291
269
223
187
148
102
50
11
-1
-24
-64
-122
-184
-224
-250
-270
-306
-339
-353
-386
-428
-459
-451
-423
-414
-426
-434
-407
-352
-303
-259
-225
-180
-130
-72
-9
70
151
208
253
300
369
444
502
535
565
600
622
625
629
637
616
563
500
464
447
397
290
169
93
49
-24
-136
-254
-333
-366
-409
-481
-559
-618
-645
-646
-618
-604
-626
-657
-654
-572
-479
-442
-446
-414
-317
-204
-144
-141
-115
-23
86
152
162
165
201
247
275
287
302
307
272
212
182
180
154
72
-15
-62
-85
-162
-281
-350
-355
-349
-403
-487
-541
-558
-565
-565
-538
-493
-476
-486
-481
-406
-289
-200
-132
-71
15
111
201
295
391
486
558
612
666
718
773
829
873
887
880
866
850
839
828
814
781
707
611
540
518
497
429
325
217
149
112
72
20
-31
-71
-120
-158
-183
-193
-188
-188
-190
-187
-189
-202
-214
-179
-119
-76
-88
-132
-134
-91
-28
-1
-10
-43
-68
-67
-51
-40
-55
-95
-137
-159
-169
-205
-255
-305
-338
-358
-400
-460
-528
-568
-582
-576
-582
-621
-678
-709
-683
-603
-547
-552
-572
-543
-467
-394
-340
-299
-229
-166
-131
-94
-39
47
107
143
189
228
257
260
274
315
353
368
353
343
330
308
285
276
282
263
203
163
142
140
121
80
62
50
26
-21
-44
-12
23
22
-7
-5
35
81
109
117
147
203
261
286
292
300
341
403
443
449
433
433
452
478
493
487
471
444
409
372
363
354
309
242
178
141
115
84
46
4
-44
-100
-141
-155
-163
-181
-214
-239
-239
-250
-269
-277
-264
-243
-249
-263
-277
-267
-240
-227
-211
-192
-175
-169
-173
-164
-151
-111
-69
-55
-60
-69
-55
-20
3
16
12
3
6
0
-1
-16
-18
-17
-33
-48
-84
-111
-123
-128
-128
-150
-180
-228
-259
-266
-256
-246
-259
-289
-315
-301
-275
-244
-223
-211
-197
-188
-158
-120
-74
-46
-38
-4
34
83
104
104
128
168
215
228
234
250
282
318
324
331
344
377
401
397
383
375
385
405
416
395
355
311
278
265
256
228
169
108
72
66
43
-14
-80
-133
-141
-144
-172
-222
-269
-287
-301
-309
-328
-355
-375
-389
-386
-381
-389
-394
-382
-361
-346
-343
-340
-319
-288
-261
-246
-231
-212
-196
-180
-146
-103
-60
-36
-22
4
33
70
88
111
153
187
207
189
165
174
201
249
262
239
192
152
163
191
216
206
181
163
154
157
165
183
192
193
197
212
228
231
233
251
282
300
286
265
266
299
310
289
262
246
258
261
248
215
176
141
127
138
132
92
23
-28
-44
-43
-72
-134
-178
-191
-188
-218
-255
-277
-280
-287
-323
-348
-369
-361
-359
-368
-381
-409
-442
-475
-464
-437
-425
-443
-466
-472
-456
-432
-417
-401
-383
-379
-385
-382
-374
-352
-320
-289
-269
-276
-290
-279
-233
-188
-167
-164
-160
-128
-84
-49
-9
21
43
48
62
112
170
217
225
239
284
309
318
321
346
379
393
396
396
417
441
447
440
446
462
458
430
401
392
394
382
364
351
360
362
340
317
312
317
311
297
291
285
284
277
253
232
211
198
189
178
158
124
86
64
68
63
40
18
-2
-19
-54
-99
-135
-149
-154
-171
-205
-244
-281
-304
-318
-338
-353
-367
-389
-409
-420
-415
-404
-405
-416
-424
-404
-374
-348
-339
-327
-289
-253
-228
-207
-165
-108
-63
-44
-37
-27
-9
16
45
76
73
49
28
32
55
61
43
5
-14
-38
-67
-95
-115
-124
-152
-191
-223
-221
-212
-230
-257
-265
-262
-256
-268
-265
-248
-216
-185
-180
-152
-120
-68
-22
18
66
100
132
152
182
230
281
324
343
345
351
364
383
389
390
387
368
342
303
275
256
236
199
136
75
25
-4
-25
-50
-80
-119
-141
-156
-168
-181
-188
-184
-174
-156
-142
-140
-135
-101
-46
9
37
39
46
90
163
217
243
238
242
272
304
336
346
339
315
295
280
274
256
210
179
151
130
81
22
-29
-57
-68
-115
-181
-250
-282
-291
-309
-333
-364
-383
-400
-405
-396
-386
-377
-377
-370
-335
-295
-271
-258
-237
-183
-111
-47
-23
1
49
107
145
182
222
249
261
262
277
301
317
303
285
279
279
260
224
198
184
163
118
70
26
-13
-36
-57
-86
-129
-168
-190
-202
-202
-213
-225
-239
-239
-226
-221
-217
-210
-193
-171
-156
-151
-141
-119
-86
-60
-40
-26
-24
-9
5
25
33
25
18
15
29
41
38
21
4
-2
-1
-15
-32
-40
-37
-45
-71
-101
-117
-114
-119
-125
-134
-145
-131
-117
-103
-103
-96
-67
-37
-1
23
44
68
89
119
143
161
180
188
209
243
266
264
255
264
280
288
277
246
241
246
245
223
189
174
175
179
160
126
111
104
105
93
80
74
47
18
4
20
53
54
36
18
26
56
62
62
68
86
94
85
86
92
91
92
74
59
40
21
9
2
-14
-58
-104
-137
-156
-177
-213
-249
-274
-304
-341
-390
-421
-433
-440
-452
-463
-463
-473
-492
-493
-462
-402
-366
-369
-370
-331
-259
-199
-162
-134
-97
-56
-22
15
63
122
164
180
188
206
239
256
264
285
307
317
297
281
286
299
301
273
235
222
213
201
181
145
107
66
49
49
59
52
19
-7
-5
19
31
27
25
32
60
63
56
58
77
113
132
135
130
141
166
191
212
222
228
223
207
197
211
220
200
164
139
122
91
41
-5
-27
-51
-101
-168
-216
-240
-248
-267
-302
-344
-381
-405
-394
-368
-361
-389
-427
-426
-382
-345
-336
-343
-314
-263
-216
-198
-192
-157
-94
-32
5
33
58
106
154
195
226
248
275
291
301
319
332
327
305
302
314
313
292
259
237
230
222
195
159
136
116
89
71
44
10
-19
-43
-64
-79
-92
-109
-125
-137
-143
-129
-113
-123
-131
-128
-103
-82
-75
-80
-69
-37
-20
-21
-19
-8
14
16
16
18
29
45
43
51
57
59
42
30
42
53
53
22
-17
-37
-37
-30
-51
-93
-133
-155
-162
-163
-178
-203
-219
-236
-251
-245
-222
-202
-200
-212
-209
-186
-161
-155
-150
-132
-101
-79
-65
-49
-29
1
22
42
63
87
101
119
143
175
202
210
215
232
250
273
286
287
281
279
277
263
251
244
232
207
185
161
136
121
97
79
69
45
7
-29
-39
-45
-60
-86
-107
-122
-135
-131
-128
-125
-134
-157
-156
-133
-117
-128
-141
-129
-102
-93
-102
-102
-79
-52
-44
-48
-40
-18
4
12
18
28
29
27
39
53
55
45
31
31
36
33
25
8
-6
-20
-26
-31
-42
-59
-76
-78
-85
-102
-118
-123
-115
-122
-133
-133
-120
-112
-110
-106
-94
-79
-74
-74
-64
-42
-33
-31
-26
-10
9
24
32
52
76
84
93
95
105
124
146
150
141
152
159
168
173
171
165
172
180
164
151
147
153
149
127
96
82
73
64
53
38
21
1
-8
-16
-23
-31
-45
-52
-45
-48
-60
-62
-46
-23
-7
-5
-4
-2
11
24
38
52
60
60
65
87
99
107
106
103
105
97
85
76
66
58
56
36
16
0
-14
-30
-47
-65
-94
-123
-150
-156
-156
-170
-201
-236
-255
-251
-248
-260
-278
-290
-297
-307
-303
-292
-282
-278
-274
-256
-232
-211
-191
-162
-132
-113
-91
-61
-35
-8
18
47
86
117
133
142
163
202
222
233
224
228
252
270
269
257
250
240
243
255
258
241
200
175
174
181
171
144
131
126
117
90
60
55
68
72
50
28
25
22
25
27
29
27
7
4
5
25
34
17
16
11
8
-2
-9
-11
-19
-29
-42
-46
-51
-55
-62
-79
-91
-104
-119
-130
-146
-151
-148
-147
-164
-185
-189
-184
-174
-183
-198
-193
-189
-175
-168
-163
-156
-149
-141
-137
-125
-106
-87
-74
-67
-53
-37
-25
-15
0
14
23
32
36
53
67
75
86
98
112
122
125
127
128
147
157
170
185
185
181
181
199
209
207
187
180
190
189
179
174
172
165
154
141
130
124
105
79
50
34
30
13
-10
-35
-53
-64
-92
-118
-139
-151
-165
-187
-198
-213
-214
-219
-236
-242
-244
-238
-241
-234
-213
-202
-191
-194
-181
-158
-136
-115
-110
-86
-62
-51
-41
-23
12
38
48
44
51
71
85
100
113
121
115
102
105
119
133
126
108
103
106
113
118
113
103
94
90
84
82
81
82
82
72
66
58
65
72
76
78
82
90
86
83
87
95
105
97
96
102
107
110
104
105
110
107
98
95
102
97
90
77
69
53
25
3
-3
-5
-24
-51
-72
-92
-106
-128
-155
-172
-185
-196
-206
-214
-232
-246
-251
-248
-239
-238
-244
-244
-240
-223
-197
-181
-178
-183
-179
-154
-119
-98
-92
-82
-62
-29
-9
2
13
31
49
68
85
89
95
105
118
132
129
122
112
109
115
124
120
94
75
61
63
64
45
20
-1
-4
0
-7
-29
-51
-54
-48
-42
-49
-65
-62
-46
-33
-39
-39
-32
-26
-24
-24
-3
14
21
22
27
43
50
55
56
73
97
96
77
65
77
92
88
78
72
74
68
50
43
47
53
44
22
6
0
-3
-7
-7
-1
-9
-28
-39
-38
-23
-21
-36
-44
-34
-27
-25
-25
-17
-3
5
8
10
29
47
60
71
80
94
99
101
104
107
113
118
118
111
100
93
96
100
87
76
69
62
56
47
45
39
30
16
7
5
-1
-8
-21
-29
-34
-38
-44
-57
-62
-64
-65
-68
-81
-100
-114
-113
-101
-107
-125
-140
-148
-149
-149
-158
-161
-161
-159
-165
-173
-175
-171
-159
-152
-147
-146
-143
-141
-134
-121
-105
-95
-88
-85
-71
-48
-39
-33
-20
-6
15
29
35
44
58
79
96
107
112
118
126
140
156
156
159
159
162
164
157
159
156
148
142
137
128
116
102
94
89
79
69
55
43
32
24
19
13
4
-7
-15
-17
-10
-15
-31
-37
-31
-21
-15
-15
-8
1
0
4
10
23
35
40
52
60
65
62
58
65
78
83
70
62
54
52
53
45
33
18
5
-7
-23
-40
-54
-62
-68
-81
-101
-116
-125
-127
-130
-139
-146
-148
-136
-121
-116
-120
-116
-96
-80
-71
-65
-60
-42
-31
-29
-23
-21
-6
-1
-2
3
19
32
30
28
33
44
47
34
26
17
16
16
3
-12
-27
-38
-53
-62
-72
-77
-84
-96
-108
-120
-122
-124
-122
-117
-112
-106
-105
-100
-93
-79
-75
-72
-59
-52
-41
-25
-9
7
13
26
40
59
70
70
82
94
108
111
106
104
108
112
106
97
89
79
76
68
60
48
35
26
15
9
9
3
-10
-12
-14
-15
-11
-14
-6
1
3
2
10
30
53
68
75
89
107
128
143
154
165
174
181
189
191
194
189
184
180
179
170
153
137
118
105
98
85
67
43
16
-4
-17
-33
-58
-86
-106
-118
-129
-142
-155
-171
-183
-187
-185
-186
-189
-194
-197
-184
-167
-151
-143
-134
-120
-107
-93
-83
-66
-50
-38
-29
-23
-9
3
13
26
28
27
33
43
49
54
51
51
58
56
41
31
25
24
18
5
-6
-19
-30
-47
-51
-43
-41
-48
-64
-72
-66
-57
-50
-50
-57
-55
-50
-45
-36
-29
-19
-10
-8
-4
3
15
24
24
29
30
34
46
51
58
70
71
68
63
63
63
56
48
42
34
24
18
15
6
-1
-5
-6
-15
-26
-29
-27
-25
-24
-29
-36
-39
-35
-26
-23
-24
-23
-25
-17
-3
1
6
12
17
23
31
36
44
50
53
57
56
60
63
69
77
78
73
70
76
82
82
83
89
91
87
83
90
103
108
103
95
86
84
81
78
70
65
57
37
18
12
11
9
-3
-23
-39
-50
-52
-55
-57
-69
-86
-106
-126
-134
-135
-139
-150
-167
-179
-176
-175
-176
-179
-172
-163
-157
-156
-150
-142
-123
-103
-91
-82
-77
-63
-48
-30
-16
-5
0
8
21
35
51
52
49
51
59
64
55
50
50
56
53
40
26
21
22
22
7
-8
-26
-31
-34
-37
-38
-46
-55
-63
-65
-64
-62
-59
-51
-51
-52
-52
-45
-34
-23
-10
1
9
15
32
56
71
81
89
101
111
123
136
152
169
169
166
165
175
188
191
179
166
159
157
155
142
127
111
89
67
47
29
13
-7
-29
-45
-60
-76
-95
-104
-109
-112
-121
-140
-154
-149
-139
-134
-136
-135
-132
-127
-119
-113
-105
-96
-76
-60
-50
-47
-37
-17
9
30
40
42
44
64
86
99
104
97
94
100
109
114
104
96
96
89
81
73
61
55
48
42
30
18
9
-2
-9
-15
-29
-45
-56
-57
-58
-61
-64
-67
-67
-68
-66
-66
-63
-57
-51
-45
-43
-37
-31
-20
-4
12
23
24
29
35
46
56
69
78
79
79
75
80
86
83
77
63
53
49
40
32
26
17
8
-9
-26
-39
-43
-46
-51
-60
-76
-91
-100
-102
-97
-94
-100
-109
-115
-111
-103
-95
-94
-94
-92
-91
-87
-79
-63
-48
-37
-36
-37
-35
-25
-9
6
18
20
20
27
36
46
52
51
56
55
55
59
58
64
67
59
52
46
47
50
55
52
51
48
46
39
37
39
37
34
22
12
9
10
13
12
10
4
2
1
3
8
10
11
1
-7
-4
0
8
11
13
12
12
14
16
24
31
31
28
26
18
17
14
16
19
19
18
10
4
2
2
-3
-9
-12
-12
-10
-18
-22
-24
-23
-24
-31
-38
-44
-44
-43
-43
-52
-59
-60
-62
-65
-70
-74
-75
-73
-70
-67
-72
-79
-84
-82
-80
-83
-83
-80
-68
-62
-59
-60
-56
-46
-35
-25
-18
-15
-12
-5
5
15
20
25
32
47
54
56
59
70
86
90
84
83
96
106
107
101
102
109
111
109
105
105
106
98
94
96
97
91
77
71
75
76
69
57
52
50
48
39
31
28
28
26
17
11
13
11
2
-9
-18
-18
-23
-31
-32
-33
-36
-42
-48
-50
-51
-53
-56
-58
-59
-58
-64
-67
-67
-65
-65
-68
-70
-76
-78
-86
-89
-87
-86
-90
-99
-103
-101
-100
-98
-92
-88
-84
-84
-82
-73
-69
-65
-59
-52
-45
-37
-31
-24
-15
-5
4
9
13
14
21
33
42
45
42
42
43
52
64
72
77
79
75
80
90
103
105
106
109
111
112
107
109
113
119
115
108
104
102
99
90
85
80
77
67
55
48
41
30
21
17
15
13
3
-7
-13
-11
-16
-24
-31
-36
-38
-41
-46
-51
-52
-57
-64
-66
-63
-61
-67
-75
-74
-67
-61
-63
-71
-65
-59
-55
-54
-58
-52
-49
-51
-51
-49
-45
-46
-47
-45
-40
-36
-43
-50
-49
-47
-47
-52
-50
-47
-44
-44
-48
-42
-37
-34
-37
-37
-34
-30
-26
-30
-30
-23
-16
-10
-7
-5
1
7
14
16
17
17
19
23
27
31
35
40
43
44
50
52
52
55
56
55
54
50
46
46
44
42
39
36
37
36
34
28
23
25
26
22
17
14
11
10
12
13
14
14
12
11
10
11
11
7
6
3
5
3
1
0
0
3
0
-2
-7
-11
-14
-14
-12
-14
-17
-24
-25
-25
-26
-27
-26
-26
-26
-27
-27
-24
-18
-13
-14
-13
-12
-7
-3
-2
-1
0
4
6
12
16
18
18
19
21
23
23
23
26
29
33
33
29
25
25
24
26
20
14
10
9
10
8
4
-1
-3
-5
-8
-15
-19
-20
-23
-22
-25
-28
-26
-24
-20
-20
-19
-21
-18
-16
-13
-7
-3
0
-1
2
7
7
9
8
13
14
12
13
11
16
15
13
9
5
3
1
1
4
5
2
-4
-6
-4
-3
-7
-13
-20
-22
-20
-19
-22
-28
-31
-36
-38
-37
-40
-40
-38
-35
-32
-32
-35
-36
-35
-33
-30
-30
-32
-31
-23
-14
-9
-7
-8
-5
0
4
7
8
9
9
11
13
14
16
16
21
26
27
25
25
28
33
36
33
31
32
33
37
38
37
36
35
35
36
37
40
40
37
35
31
29
23
18
17
18
18
17
14
11
11
8
12
12
9
7
4
1
2
4
4
2
2
-1
-2
-2
-2
1
2
5
3
1
-2
-6
-3
-1
1
0
0
0
3
2
2
0
-2
-3
-5
-6
-9
-10
-13
-17
-20
-26
-30
-39
-43
-44
-46
-51
-58
-61
-62
-61
-62
-64
-64
-66
-66
-63
-59
-53
-49
-46
-42
-33
-26
-22
-20
-14
-7
0
7
10
13
18
22
27
30
31
31
34
39
41
42
40
39
40
41
41
36
32
30
28
27
24
22
17
15
14
13
11
6
2
1
3
4
5
0
1
3
6
8
8
9
14
20
25
27
28
28
31
36
41
41
40
38
39
41
43
42
40
38
36
36
35
31
26
23
21
21
21
18
13
8
6
5
2
-2
-6
-7
-8
-8
-9
-12
-16
-18
-19
-19
-21
-25
-26
-27
-25
-24
-24
-26
-26
-25
-23
-21
-22
-23
-22
-19
-15
-14
-16
-17
-15
-10
-10
-11
-11
-11
-8
-6
-6
-6
-7
-7
-5
-3
-2
-4
-7
-5
1
4
3
0
-2
1
4
5
3
1
2
3
5
3
3
-1
-4
-4
-4
-5
-7
-11
-12
-11
-10
-11
-12
-14
-13
-13
-10
-8
-6
-4
-4
-1
3
6
7
6
8
13
19
21
19
23
27
31
32
32
32
34
36
38
38
36
35
36
37
38
35
29
27
27
27
25
19
15
13
12
11
8
1
-4
-6
-8
-8
-10
-14
-18
-20
-17
-16
-17
-20
-23
-20
-13
-9
-10
-10
-9
-3
3
6
7
6
9
14
19
21
20
19
21
25
29
28
25
23
24
27
27
24
18
16
16
15
12
4
-2
-5
-7
-8
-12
-20
-25
-29
-31
-34
-39
-44
-46
-46
-44
-46
-49
-53
-52
-48
-45
-44
-43
-41
-35
-29
-24
-19
-13
-10
-3
4
9
14
17
21
27
33
37
39
39
41
43
43
42
41
39
37
36
34
31
26
20
15
13
10
4
-3
-9
-12
-15
-19
-22
-24
-27
-29
-29
-30
-30
-30
-30
-28
-23
-18
-15
-11
-8
-3
3
9
14
19
22
25
29
35
37
36
37
38
42
41
40
35
32
31
29
24
18
13
8
4
1
-3
-9
-17
-21
-25
-26
-30
-35
-38
-39
-37
-37
-39
-40
-37
-33
-30
-28
-26
-23
-18
-11
-5
-3
0
5
10
16
20
21
21
23
28
31
32
30
28
27
26
26
22
17
12
9
8
7
2
-4
-6
-9
-8
-10
-12
-15
-16
-16
-12
-11
-11
-11
-9
-4
1
6
8
9
14
19
24
26
28
31
35
38
39
40
39
39
40
41
40
36
31
29
29
26
21
13
7
1
-1
-6
-13
-20
-26
-30
-31
-33
-37
-42
-46
-46
-44
-44
-46
-47
-44
-40
-35
-34
-33
-31
-27
-22
-15
-12
-14
-12
-9
-4
-1
-2
-5
-5
-4
-2
-3
-6
-11
-12
-13
-14
-18
-23
-25
-26
-26
-26
-30
-34
-35
-32
-30
-29
-29
-29
-25
-18
-11
-8
-5
0
8
15
22
27
32
38
46
54
59
61
64
69
73
76
76
76
74
75
74
73
68
61
57
52
48
41
33
25
19
14
8
3
-4
-9
-14
-17
-20
-22
-24
-27
-27
-26
-25
-24
-26
-24
-19
-14
-11
-9
-6
-3
1
4
6
7
6
6
7
6
5
2
-2
-4
-7
-12
-17
-23
-27
-33
-38
-45
-51
-58
-63
-69
-72
-77
-79
-82
-84
-83
-82
-79
-75
-73
-70
-65
-59
-52
-44
-36
-28
-19
-11
-1
10
18
28
37
44
51
58
64
69
74
77
80
79
79
80
80
79
75
70
66
61
57
51
46
39
32
27
21
15
9
5
1
-2
-5
-8
-12
-13
-13
-10
-10
-11
-11
-8
-6
-3
0
1
2
6
9
12
13
15
16
15
15
16
16
13
10
9
8
4
-2
-7
-12
-15
-19
-23
-28
-34
-38
-40
-43
-46
-51
-56
-59
-59
-57
-59
-62
-63
-63
-58
-57
-55
-53
-53
-49
-44
-39
-36
-37
-32
-26
-20
-17
-14
-12
-7
0
4
8
8
10
16
20
24
26
27
27
30
34
37
37
37
39
42
44
44
45
45
47
50
51
50
48
47
48
50
50
48
44
40
40
39
37
32
28
26
22
19
13
10
5
1
-1
-4
-8
-16
-18
-20
-20
-22
-27
-29
-30
-28
-26
-27
-31
-31
-28
-27
-25
-25
-25
-25
-21
-18
-17
-16
-15
-14
-10
-9
-9
-11
-11
-10
-7
-7
-9
-13
-14
-16
-15
-16
-19
-23
-25
-25
-27
-29
-32
-34
-34
-34
-36
-36
-37
-37
-36
-34
-33
-31
-29
-26
-22
-17
-13
-11
-6
-2
3
7
11
14
17
21
24
28
32
35
37
38
39
41
41
42
43
42
43
43
40
38
37
35
32
30
28
26
21
18
14
12
8
3
-1
-4
-6
-9
-10
-13
-16
-18
-19
-19
-18
-18
-17
-18
-15
-12
-10
-8
-6
-1
2
4
7
8
12
14
16
17
17
16
16
17
18
16
13
9
9
8
6
4
0
-2
-6
-7
-8
-11
-12
-15
-18
-20
-22
-25
-26
-26
-25
-25
-27
-29
-29
-27
-25
-24
-24
-23
-21
-18
-13
-10
-7
-5
-3
1
6
8
10
13
16
19
21
23
23
23
25
26
27
25
22
20
19
21
19
17
13
12
12
10
9
5
3
3
3
2
2
-1
-1
0
1
1
1
-1
1
3
5
5
3
3
5
9
11
11
10
10
12
15
14
14
14
13
14
16
13
10
8
6
8
6
1
-3
-6
-7
-8
-11
-15
-18
-22
-22
-22
-23
-25
-27
-27
-25
-23
-23
-23
-22
-18
-16
-14
-12
-10
-8
-6
-1
1
2
4
7
11
13
13
12
12
13
13
15
13
12
11
10
9
8
7
5
4
3
3
2
0
-1
-3
-2
-3
-4
-5
-6
-6
-6
-6
-5
-6
-4
-3
-2
0
3
4
6
7
9
12
14
17
19
21
23
25
27
27
28
28
26
27
26
24
22
21
18
14
12
9
7
4
0
-3
-7
-10
-13
-15
-17
-19
-21
-22
-24
-25
-23
-24
-22
-22
-22
-21
-18
-17
-15
-12
-11
-8
-5
-3
-3
-1
1
4
6
7
6
7
7
8
8
8
7
5
4
4
3
0
-3
-4
-5
-7
-9
-10
-13
-16
-16
-17
-19
-21
-22
-23
-20
-20
-21
-22
-20
-17
-13
-12
-10
-10
-7
-2
2
5
7
10
14
17
20
22
24
24
26
28
30
27
26
25
26
26
24
22
18
17
14
13
10
6
2
0
0
-2
-5
-9
-10
-10
-11
-12
-14
-16
-14
-14
-12
-11
-12
-12
-9
-7
-4
-4
-3
-2
1
3
6
6
7
9
12
15
14
13
13
15
16
15
13
11
10
9
9
7
4
0
-2
-4
-5
-9
-12
-14
-14
-17
-18
-20
-22
-25
-23
-22
-22
-23
-24
-20
-19
-16
-15
-13
-12
-10
-7
-3
-1
-1
2
4
7
8
9
10
11
11
13
11
12
10
11
11
10
9
7
5
3
3
2
1
-1
-3
-5
-4
-5
-5
-8
-8
-9
-10
-10
-10
-11
-11
-9
-11
-8
-10
-8
-7
-5
-4
-3
-3
-2
0
0
2
1
3
2
6
7
8
6
5
4
5
5
6
5
4
4
4
4
2
2
-1
3
0
2
1
1
1
1
2
1
1
0
1
2
2
2
3
1
3
1
4
1
2
1
2
3
2
4
1
3
0
2
0
-1
-3
-3
-3
-3
-5
-5
-6
-6
-6
-7
-4
-6
-3
-5
-1
-3
-2
-2
-1
2
0
3
1
4
2
3
4
5
5
5
5
5
2
3
2
2
2
2
1
0
-2
-4
-4
-5
-6
-6
-10
-9
-11
-11
-11
-11
-11
-11
-11
-11
-10
-9
-8
-8
-4
-4
-2
-2
0
1
4
5
7
6
8
10
12
13
15
14
15
17
15
15
14
13
11
11
9
7
6
3
1
-1
-3
-6
-8
-10
-13
-15
-17
-19
-19
-22
-22
-23
-22
-21
-22
-19
-21
-16
-18
-13
-12
-7
-7
-4
-3
0
4
5
9
9
12
12
17
15
18
16
19
16
18
15
15
13
12
11
8
7
3
2
-1
-2
-5
-7
-10
-12
-14
-15
-16
-18
-17
-18
-16
-17
-14
-13
-10
-9
-6
-3
-1
1
3
9
11
15
15
21
20
26
24
29
28
33
30
33
32
31
31
29
28
24
24
18
19
13
13
6
5
0
-4
-8
-11
-13
-17
-18
-23
-23
-26
-27
-27
-28
-27
-28
-25
-26
-24
-24
-22
-20
-18
-15
-14
-12
-11
-7
-6
-3
-3
0
1
4
3
4
5
5
6
5
5
3
3
1
-1
-1
-5
-5
-10
-9
-12
-15
-16
-18
-18
-21
-20
-23
-21
-25
-23
-24
-21
-21
-19
-17
-16
-12
-13
-7
-7
-2
-3
3
4
7
11
12
15
15
21
19
24
23
26
26
27
28
25
28
24
28
23
26
21
23
19
21
17
17
14
14
11
9
8
6
5
3
3
2
2
0
0
-1
0
-1
-1
-1
-1
-3
-1
-3
0
-2
0
-1
0
-1
-1
0
1
0
2
1
1
0
2
0
2
0
2
-1
-1
-1
-4
-2
-6
-4
-8
-4
-11
-6
-11
-6
-11
-8
-10
-10
-11
-13
-10
-14
-10
-15
-12
-15
-12
-14
-14
-12
-13
-12
-13
-9
-12
-9
-11
-8
-8
-7
-5
-6
-3
-3
2
-1
4
1
7
4
10
8
13
11
12
12
12
13
13
15
14
15
13
14
11
14
11
12
8
11
8
7
5
4
2
0
0
-2
-4
-5
-4
-8
-8
-10
-11
-12
-10
-12
-13
-10
-11
-8
-10
-7
-9
-6
-7
-4
-3
-1
2
0
5
2
8
4
11
7
14
12
17
15
20
20
20
22
20
24
22
25
22
22
20
19
18
17
15
13
11
7
5
2
0
-2
-4
-7
-9
-10
-11
-11
-14
-13
-16
-14
-16
-14
-15
-13
-16
-13
-14
-11
-10
-9
-5
-6
-2
-3
2
2
6
5
11
10
15
14
16
13
16
14
16
15
14
14
11
11
6
8
3
2
-1
-3
-6
-8
-10
-12
-12
-14
-14
-20
-19
-23
-20
-25
-25
-28
-27
-29
-29
-27
-28
-26
-26
-23
-22
-19
-17
-14
-10
-8
-4
-3
1
2
6
8
12
13
15
16
16
18
19
20
18
18
17
17
16
16
14
13
11
9
7
6
2
0
-3
-5
-6
-9
-10
-14
-15
-18
-18
-21
-19
-21
-18
-20
-16
-18
-14
-14
-11
-10
-7
-6
-4
-1
-1
2
-1
4
2
4
3
3
3
3
2
3
1
2
0
2
0
3
0
2
-1
1
-2
2
0
2
0
1
1
0
2
-1
5
0
5
1
5
3
5
5
5
6
6
6
7
7
8
6
8
4
7
4
4
2
2
1
1
-1
0
0
-1
1
-1
3
-1
2
0
4
1
5
2
4
2
3
2
4
2
3
2
4
2
5
6
5
8
7
10
7
10
9
11
7
11
7
11
6
9
4
6
3
3
0
-1
-3
-5
-5
-8
-9
-11
-13
-13
-15
-15
-17
-16
-18
-16
-17
-15
-16
-14
-11
-11
-8
-9
-2
-5
3
0
9
6
11
10
14
15
16
19
18
20
19
19
18
17
15
14
11
10
7
6
1
1
-6
-3
-10
-8
-11
-11
-11
-13
-13
-15
-13
-12
-12
-9
-9
-2
-6
1
-2
4
1
6
7
8
12
10
15
10
15
10
16
13
17
13
14
13
10
9
8
6
5
2
1
-3
-5
-8
-10
-10
-14
-10
-15
-13
-18
-16
-18
-18
-15
-18
-12
-17
-10
-13
-8
-10
-7
-3
-3
6
1
11
3
13
8
16
14
20
20
20
22
21
21
18
21
18
20
15
15
9
8
1
3
-7
-3
-13
-8
-17
-17
-20
-25
-24
-30
-23
-31
-22
-29
-21
-25
-20
-20
-18
-13
-11
-4
-3
2
4
7
10
13
18
21
24
25
26
26
26
26
24
26
24
23
21
16
13
10
7
4
-1
1
-6
-7
-16
-16
-22
-21
-24
-23
-25
-27
-24
-30
-25
-29
-22
-24
-18
-17
-14
-11
-10
-7
-6
0
2
7
9
12
14
17
17
20
19
22
21
24
23
25
23
19
18
15
14
11
12
5
8
0
-2
-5
-9
-8
-12
-11
-16
-16
-22
-21
-24
-22
-23
-20
-21
-19
-20
-19
-18
-17
-14
-13
-7
-6
-1
-4
4
2
7
7
13
15
17
20
19
23
21
22
20
21
20
19
19
15
16
11
11
9
8
8
4
6
0
0
-4
-3
-6
-4
-4
-7
-6
-12
-7
-13
-7
-10
-6
-5
-6
-4
-8
-3
-7
-2
-3
-1
-2
-2
0
-1
1
2
0
3
0
6
1
5
3
4
1
3
3
4
7
5
8
3
6
3
7
5
4
6
3
4
1
1
1
1
1
0
-1
-2
-4
-4
-7
-5
-9
-6
-9
-8
-10
-11
-12
-13
-11
-14
-12
-13
-11
-13
-11
-10
-12
-7
-11
-3
-8
-1
-4
0
1
1
5
3
8
7
12
11
12
11
12
14
12
18
15
19
13
16
13
13
12
14
10
12
7
7
2
2
0
-2
-4
-8
-5
-11
-6
-15
-9
-17
-13
-17
-16
-13
-18
-12
-19
-10
-16
-9
-11
-7
-6
-6
0
-6
4
-3
5
3
7
9
8
12
8
14
10
15
13
16
17
16
16
13
14
14
10
13
6
12
3
8
1
4
3
-1
1
-7
-2
-10
-2
-10
-3
-9
-7
-10
-12
-11
-13
-10
-10
-9
-9
-8
-7
-9
-8
-7
-6
-3
-3
2
0
3
2
3
1
2
5
5
8
9
10
9
7
8
7
11
8
12
11
12
10
8
10
4
10
4
10
6
8
4
2
2
-1
3
-1
5
0
2
-2
-4
-5
-11
-7
-12
-6
-11
-9
-13
-14
-14
-21
-13
-21
-9
-16
-8
-12
-10
-9
-13
-6
-11
0
-4
7
4
10
8
8
12
11
16
15
20
19
22
22
21
19
18
15
18
14
17
12
13
6
3
3
-5
1
-7
1
-10
-3
-11
-9
-11
-15
-11
-18
-7
-16
-6
-14
-9
-12
-12
-11
-9
-3
-4
2
0
3
0
1
0
5
4
11
9
16
10
13
9
10
12
12
18
15
20
13
16
9
10
7
7
10
5
11
3
6
0
0
-6
-6
-6
-7
-6
-7
-9
-12
-13
-17
-15
-17
-14
-16
-11
-14
-13
-15
-15
-13
-14
-9
-9
-3
-4
-3
-1
-2
-1
1
4
4
8
9
9
8
5
5
5
6
5
9
7
7
5
4
-2
2
-3
2
-2
6
1
3
2
-2
-2
-4
-1
-4
3
0
3
0
-1
-4
-5
-5
-5
-2
-3
-3
-3
-6
-7
-9
-8
-10
-6
-8
-5
-7
-5
-8
-6
-6
-4
0
0
6
2
9
2
11
4
11
9
14
13
15
16
12
14
10
11
9
12
9
12
10
8
3
0
-2
-6
-2
-6
-5
-6
-5
-10
-10
-12
-14
-10
-12
-6
-8
-3
-7
-3
-7
-6
-6
-4
-2
-1
3
-1
1
-1
-1
-1
0
0
4
5
6
4
6
3
6
7
8
9
11
10
10
10
7
7
5
8
4
9
6
7
5
3
0
1
-1
-2
1
-1
-1
-5
-4
-8
-6
-7
-9
-5
-7
-4
-8
-4
-8
-6
-6
-8
-1
-4
2
-2
3
-1
-1
2
-2
4
2
7
3
7
3
2
2
-4
-1
-3
0
-3
0
-2
-6
-4
-7
-6
-4
-4
-3
-3
-1
-4
-1
-2
-1
2
4
5
6
8
6
8
9
5
8
5
9
7
8
7
4
9
-1
7
-1
6
0
6
1
1
1
-5
1
-7
3
-5
4
-3
1
-2
-1
-3
-2
-2
-3
0
-1
-1
0
0
-1
0
1
1
1
3
2
4
2
3
2
0
1
1
6
2
7
3
4
2
3
4
2
7
2
9
3
6
1
5
2
3
4
3
6
1
4
-4
0
-5
-4
-7
-7
-10
-9
-10
-11
-12
-14
-12
-14
-9
-12
-6
-9
-4
-9
-2
-7
-2
-1
-1
4
0
6
-1
5
0
4
2
3
4
2
5
-1
2
-4
0
-4
-1
-2
-2
-1
-5
-2
-5
-4
-6
-5
-5
-3
-5
-3
-8
-5
-8
-5
-7
-6
-4
-7
-2
-8
1
-9
1
-5
1
0
0
5
-2
7
-4
6
-4
4
-1
3
2
1
4
-2
5
-1
5
4
8
7
8
10
9
12
10
12
12
13
12
12
11
10
8
8
3
3
2
-2
0
-6
-3
-13
-4
-15
-7
-11
-9
-9
-9
-4
-10
0
-8
3
-3
4
2
6
8
4
10
3
8
3
9
3
4
4
0
6
-1
3
-1
1
-3
0
-2
-1
-3
0
-5
-1
-4
0
-6
0
-3
-4
-2
-6
-2
-8
0
-10
2
-6
0
-2
-1
-1
-4
1
-7
2
-4
0
-4
-3
-1
-5
1
-6
2
-5
1
-4
0
-2
-2
2
-2
5
-1
4
0
4
3
5
5
5
4
4
4
1
2
0
0
-2
0
-4
-1
-6
-5
-6
-6
-5
-7
-2
-9
-2
-8
-1
-6
0
-3
-2
2
-1
5
0
5
1
7
2
5
5
5
5
4
6
4
4
3
2
2
0
1
-1
1
-3
-1
-3
-2
-5
-4
-4
-4
-4
-4
-4
-5
-1
-4
-1
-3
1
-2
2
-1
2
0
3
0
3
1
2
2
1
2
0
2
-4
1
-3
0
-3
1
-2
0
1
0
4
1
4
2
6
4
5
8
2
9
3
8
2
6
2
2
2
-2
0
-5
-3
-9
-6
-9
-7
-7
-8
-6
-7
-6
-6
-6
-4
-4
-2
-2
1
0
0
2
3
6
4
6
5
5
5
3
5
1
4
2
2
1
0
1
-2
1
-3
0
-3
-1
-4
-3
-4
-5
-2
-5
-5
-7
-7
-7
-5
-7
-8
-8
-8
-8
-6
-6
-4
-3
-3
-3
-1
1
-1
2
0
3
2
5
1
4
6
5
6
4
6
2
8
2
8
4
7
3
5
3
3
5
3
3
2
3
1
3
0
1
1
0
-1
-2
-2
-3
-3
-2
-5
-3
-4
-1
-5
-2
-4
-3
-1
-2
-1
1
2
2
3
5
3
5
4
4
5
6
7
4
8
3
7
5
7
4
6
2
2
3
0
2
-1
0
-4
-1
-3
-1
-3
-4
-4
-4
-3
-4
-1
-2
-2
-2
-1
-2
1
0
2
1
3
2
5
4
4
5
4
5
5
7
5
5
5
3
4
4
4
2
4
1
3
2
3
0
1
0
0
0
-1
-2
-2
-5
-5
-6
-4
-7
-5
-7
-8
-6
-8
-5
-10
-5
-9
-4
-7
-5
-5
-4
-4
-5
-1
-3
1
0
2
1
1
4
2
5
3
3
4
3
5
2
6
1
5
2
3
3
1
2
-2
1
-2
1
-2
-1
-2
-1
0
-2
0
-1
-2
0
-2
-2
-3
-2
-1
-1
0
0
1
-2
0
-1
2
1
1
0
0
3
2
1
4
2
4
1
4
0
3
2
1
2
-1
2
-2
1
-3
0
-3
-1
-1
-2
-2
-4
-2
-4
-2
-4
-1
-2
-1
-1
0
0
-1
0
0
2
1
2
1
1
2
1
2
0
2
1
2
-1
1
0
0
-1
-2
0
-4
-2
-4
-1
-3
-3
-4
-5
-5
-6
-6
-6
-5
-6
-6
