-12
-13
-13
-11
-10
-10
-8
-7
-6
-5
-3
1
3
6
8
9
10
12
14
14
15
15
17
17
15
14
13
12
11
10
9
7
7
7
7
7
5
4
5
5
5
8
8
12
13
15
14
14
12
13
14
15
15
17
16
15
15
14
12
11
11
10
8
6
5
3
0
-2
-2
-3
-3
-4
-5
-5
-4
-3
-3
1
3
3
3
4
3
3
2
2
3
4
3
3
2
1
-1
-4
-6
-7
-8
-9
-10
-11
-13
-14
-18
-20
-20
-20
-21
-20
-18
-18
-17
-16
-14
-14
-14
-14
-13
-12
-11
-11
-9
-10
-9
-9
-8
-10
-9
-8
-8
-8
-7
-7
-6
-6
-6
-6
-6
-6
-7
-5
-3
0
1
5
7
8
9
9
9
9
11
12
13
14
14
14
14
13
12
11
12
11
12
11
11
9
6
6
3
2
1
0
0
0
0
-1
-1
-2
-1
-2
-2
-3
-2
-2
-3
-3
-3
-3
-2
-4
-5
-5
-5
-5
-5
-3
-2
-1
-1
-2
-2
-3
-5
-4
-5
-3
-4
-4
-2
0
0
2
4
5
6
8
9
9
9
9
8
8
7
7
7
7
8
9
9
10
8
9
7
7
7
6
5
4
4
3
3
4
4
5
6
5
4
5
5
5
5
5
3
1
1
0
-3
-5
-5
-6
-6
-7
-6
-6
-4
-4
-4
-4
-4
-4
-5
-5
-6
-6
-5
-6
-7
-6
-5
-4
-4
-5
-3
-3
-3
-5
-7
-9
-11
-11
-12
-11
-11
-9
-8
-8
-8
-6
-5
-5
-4
-4
-4
-3
-4
-4
-5
-3
-5
-5
-5
-5
-4
-3
-2
-1
1
2
1
0
0
-3
-5
-6
-8
-8
-8
-7
-5
-5
-4
-3
-1
1
1
3
3
4
5
4
4
2
1
0
1
2
4
6
8
9
11
10
9
8
7
7
5
3
3
3
3
3
4
5
7
10
12
12
14
14
16
15
15
14
11
9
9
8
9
10
11
12
12
13
12
12
11
9
7
5
3
-1
-3
-6
-7
-7
-7
-5
-4
-2
-1
1
1
3
3
1
1
-1
-3
-5
-5
-5
-5
-4
-4
-3
-2
0
0
1
0
-2
-2
-5
-7
-9
-11
-13
-13
-13
-12
-11
-8
-6
-3
0
2
4
6
6
4
4
3
2
1
1
0
0
2
2
3
3
5
4
5
4
2
0
-2
-5
-7
-9
-10
-10
-8
-6
-4
-1
1
5
7
8
9
8
7
6
3
1
0
-1
-2
-2
-1
0
-1
0
1
1
1
0
-1
-3
-5
-7
-8
-9
-10
-10
-9
-8
-4
-1
2
5
6
8
9
9
8
9
7
5
4
3
3
2
2
2
3
4
6
5
6
7
6
5
3
1
-2
-2
-4
-3
-4
-2
0
2
5
8
10
10
11
11
11
11
8
5
3
0
-1
-1
-3
-2
-1
0
1
2
3
1
1
-2
-4
-6
-7
-10
-10
-10
-9
-8
-6
-3
-1
1
3
5
6
6
5
3
1
-1
-3
-5
-7
-7
-8
-8
-7
-7
-6
-5
-5
-4
-3
-4
-5
-6
-7
-9
-8
-9
-8
-8
-6
-4
-2
-1
1
3
4
5
4
3
1
0
-3
-5
-5
-8
-8
-7
-7
-7
-4
-4
-1
0
1
1
0
1
0
-1
0
1
0
0
1
2
5
6
6
7
8
8
7
7
5
4
2
0
-1
-2
-4
-3
-3
-2
-2
0
1
1
1
3
3
4
3
4
3
2
2
3
2
2
2
2
3
3
4
4
3
3
0
0
-2
-2
-2
-4
-4
-5
-5
-4
-3
-2
-1
-1
-1
0
1
1
-1
1
2
2
2
1
0
1
1
2
1
2
2
0
-1
-1
-2
-2
-1
-2
-3
-2
-3
-1
-1
0
0
0
1
2
2
3
3
5
5
5
4
5
5
6
7
6
5
5
4
3
2
1
1
1
0
-1
0
0
0
0
-1
-2
-1
-1
0
-1
-1
-1
-2
-2
-2
-2
-1
-2
-2
-2
-3
-2
-1
-2
-4
-5
-7
-9
-9
-9
-10
-8
-9
-10
-10
-8
-8
-7
-7
-6
-6
-5
-5
-6
-5
-5
-5
-4
-4
-4
-3
-1
-2
-1
0
0
-1
0
1
1
0
1
0
-2
-2
-2
-3
-2
-2
0
1
2
4
5
5
6
7
6
6
5
6
5
4
4
6
5
5
7
6
7
7
8
6
6
5
5
4
3
2
0
0
-1
-1
1
1
2
2
3
4
4
4
3
3
2
2
1
-1
-1
-1
-2
-2
-1
-2
-2
-1
-1
-1
-1
-2
-3
-5
-5
-7
-8
-9
-9
-8
-7
-7
-7
-4
-4
-3
-2
-1
-1
-1
-1
-2
-4
-3
-4
-6
-4
-5
-5
-4
-3
-1
0
2
2
3
2
2
0
0
-1
-2
-2
-2
-3
-3
-3
-1
0
1
3
3
4
3
5
4
5
4
3
3
1
2
2
2
1
1
1
2
2
3
2
2
2
1
2
0
0
-1
0
-1
0
1
2
1
2
3
4
5
5
6
5
6
5
4
3
4
2
3
3
2
2
3
2
3
2
3
3
2
2
2
1
1
2
0
2
1
2
2
2
3
4
4
5
3
4
2
2
2
2
2
1
0
-1
0
0
0
-1
-1
1
1
1
0
0
0
-1
1
0
0
0
0
2
1
2
3
5
5
5
5
6
5
4
4
2
0
-2
-3
-4
-4
-5
-5
-4
-4
-4
-4
-4
-2
-2
-2
-2
-2
-2
-2
-2
-2
-2
-1
0
-1
-1
-1
0
1
1
1
0
-1
-1
-2
-3
-2
-4
-4
-5
-6
-5
-5
-6
-5
-5
-4
-3
-2
0
-1
-1
0
0
0
1
1
1
1
1
1
1
1
2
3
2
3
2
3
2
2
2
1
0
0
0
-1
0
1
0
0
2
3
3
3
4
4
4
4
4
4
4
5
4
3
3
2
2
2
1
1
2
1
0
0
-1
-1
-1
-2
-3
-4
-4
-3
-3
-3
-3
-3
-3
-2
-1
-1
0
0
2
2
2
2
2
1
1
2
1
2
2
1
1
1
1
1
1
1
0
0
1
1
1
2
2
2
1
2
2
2
3
3
2
1
0
-1
-1
-2
-3
-3
-5
-5
-6
-7
-7
-6
-6
-6
-6
-6
-5
-5
-4
-6
-5
-5
-3
-2
-2
-2
-2
1
0
1
2
2
2
1
2
2
1
1
1
0
-1
0
-1
-2
-2
-3
-4
-4
-3
-3
-2
-1
-1
-2
-1
-2
-2
-2
-1
-2
-1
0
0
0
1
1
0
0
-1
0
1
2
1
1
0
0
-1
0
0
1
0
0
2
2
2
2
3
3
3
4
5
5
5
5
4
5
4
3
2
3
2
2
2
0
-1
-2
-3
-3
-5
-3
-3
-4
-4
-5
-4
-3
-3
-4
-1
-2
-1
0
1
1
2
3
3
3
5
5
5
5
6
7
7
7
7
8
9
9
8
8
8
6
6
6
5
5
5
3
2
3
1
0
0
0
-3
-1
0
-2
-2
-2
-2
-3
-4
-5
-7
-6
-5
-6
-6
-6
-7
-7
-6
-6
-6
-5
-5
-5
-3
-3
-3
-1
-1
-2
-1
0
-1
1
2
1
1
1
1
2
2
3
2
2
2
0
1
-1
-1
-1
-1
-2
-3
-3
-5
-6
-7
-7
-6
-6
-5
-6
-6
-5
-6
-6
-4
-4
-4
-4
-3
-3
-1
-1
-1
-2
-2
-2
-1
1
1
2
3
3
3
4
5
4
4
3
3
4
5
5
3
3
2
1
2
2
1
1
0
-1
-2
0
-1
-1
-2
-3
-3
-4
-4
-3
-4
-3
-3
-4
-2
-3
-2
-1
0
0
0
2
1
2
4
4
4
6
6
6
7
5
4
5
6
6
7
6
5
5
5
4
4
5
4
3
1
1
1
1
0
0
-1
-1
-3
-4
-3
-2
-5
-5
-5
-6
-7
-5
-5
-5
-6
-6
-6
-5
-5
-6
-4
-5
-4
-3
-1
-2
-1
0
0
1
2
2
2
3
2
3
4
4
4
4
3
2
1
3
3
2
1
1
0
-1
-1
-1
0
-1
-3
-2
-2
-3
-3
-2
-2
-3
-2
-1
-1
-1
0
0
0
0
1
1
2
2
2
2
3
3
5
6
6
5
5
5
5
6
7
6
7
6
5
5
6
5
4
4
3
1
4
4
2
2
1
0
0
0
0
1
-1
-3
-3
-1
-2
-3
-1
-2
-2
-3
-2
-3
-3
-3
-3
-3
-1
-1
0
1
1
-1
1
3
3
5
6
4
4
4
5
5
6
5
4
3
3
3
2
2
-1
-2
-2
-4
-4
-4
-3
-5
-4
-4
-6
-5
-5
-6
-7
-6
-5
-5
-4
-4
-4
-3
-3
-2
-2
-1
-2
-3
-3
-2
-2
0
0
0
1
2
1
1
3
2
2
3
3
2
4
5
3
3
4
4
4
4
4
5
4
3
3
2
1
-1
0
-1
-2
-3
-4
-5
-5
-5
-7
-6
-7
-8
-8
-8
-7
-8
-6
-7
-7
-6
-6
-6
-4
-2
-1
-1
1
1
2
3
3
3
4
5
5
5
6
5
5
5
5
5
6
6
5
5
4
3
3
4
4
4
5
5
4
2
3
3
2
1
1
1
1
0
-1
-1
-1
0
0
0
0
-1
-2
-1
-1
-1
-2
-1
-1
0
0
1
0
0
0
1
2
2
3
3
3
3
3
4
5
5
5
6
5
4
6
4
4
3
3
2
1
1
1
0
-2
-3
-3
-4
-3
-4
-5
-5
-6
-5
-7
-6
-4
-4
-4
-4
-5
-4
-3
-2
0
0
1
2
1
1
2
2
3
4
3
3
4
4
3
3
4
4
5
4
3
3
3
1
0
0
0
-1
-1
-1
-1
-1
-2
-3
-3
-4
-3
-4
-4
-5
-5
-6
-7
-7
-6
-6
-5
-5
-6
-5
-5
-5
-4
-4
-4
-3
-2
-1
0
1
1
2
3
3
4
4
4
5
6
5
6
6
5
7
6
5
4
5
6
5
4
4
4
4
4
5
3
3
2
2
2
1
0
-1
-2
-3
-4
-4
-4
-4
-5
-4
-4
-6
-5
-6
-6
-5
-6
-5
-4
-3
-4
-3
-4
-4
-4
-3
-3
-4
-3
-3
-2
-1
-2
-1
-1
0
-2
0
0
0
1
0
0
-1
0
-1
-1
0
-1
-2
-1
-2
-2
-2
-2
-3
-1
-1
-1
-2
-2
-1
-1
0
0
-1
-1
-1
-1
-2
-2
-1
-1
-2
-1
-2
-2
-2
0
-1
-1
-1
-1
0
0
-1
1
0
1
0
1
1
1
1
1
1
2
1
1
1
1
1
1
0
0
0
0
-1
0
-2
-3
-3
-3
-3
-4
-4
-5
-6
-5
-5
-4
-4
-4
-4
-3
-2
-2
0
0
0
1
1
2
3
3
3
2
3
2
3
4
3
4
3
2
3
2
1
1
0
0
0
-1
-2
-2
-2
-2
-1
-1
-1
-2
-1
-1
-3
-3
-1
-2
-2
-3
-2
-2
-2
-3
-2
-4
-5
-4
-3
-4
-3
-4
-4
-4
-3
-2
-2
-2
-2
-1
-1
0
0
2
2
3
4
4
5
6
5
5
5
7
6
7
5
5
5
4
3
2
1
1
0
0
0
-2
-2
-1
-1
-1
0
1
1
2
3
5
5
4
4
5
4
4
4
4
3
2
3
2
2
2
2
1
1
2
2
1
1
1
0
-1
-2
-2
-2
-2
-2
-2
-1
-2
-1
-1
0
1
2
1
1
1
0
1
2
1
2
0
0
-1
-1
-1
-2
-1
-2
-2
-3
-3
-2
-2
-4
-3
-3
-2
-2
-2
-3
-2
-1
0
0
1
1
2
2
2
2
1
1
1
0
0
0
0
0
0
0
0
0
0
0
-1
-2
-2
-1
-2
-2
-1
0
0
1
3
4
4
4
6
6
6
5
4
3
3
2
2
1
0
1
-1
-1
0
0
0
0
-1
-1
-2
-3
-2
-3
-4
-4
-5
-6
-7
-7
-7
-7
-6
-7
-6
-5
-5
-4
-4
-4
-4
-5
-4
-5
-5
-6
-6
-6
-5
-7
-7
-6
-5
-5
-5
-5
-5
-4
-3
-2
-1
1
0
2
4
6
6
6
9
9
9
11
10
10
9
9
10
11
10
10
9
8
8
8
9
8
7
6
6
5
5
4
4
3
5
5
5
6
8
10
10
12
10
11
10
9
7
6
3
2
2
3
3
2
3
5
7
7
8
7
7
9
9
8
6
3
1
1
0
-1
-3
-3
-4
-3
-3
-2
-1
0
0
0
-1
-2
-3
-4
-6
-9
-12
-14
-15
-20
-24
-28
-27
-27
-29
-31
-33
-31
-27
-25
-23
-20
-15
-12
-12
-11
-11
-8
-5
-6
-5
-3
-3
-5
-6
-7
-5
-1
-2
-4
-4
-5
-2
4
8
11
15
18
19
23
28
31
30
28
26
25
23
22
22
26
31
31
29
30
35
40
45
46
45
46
45
43
43
43
42
40
39
38
35
36
40
41
41
43
43
42
45
42
35
39
43
42
47
48
43
43
52
54
58
58
48
42
45
42
37
39
37
32
27
21
16
16
16
6
-4
-8
-13
-19
-21
-25
-26
-19
-21
-29
-31
-34
-33
-27
-27
-37
-41
-44
-49
-52
-54
-58
-53
-53
-61
-64
-60
-53
-44
-38
-38
-34
-25
-18
-15
-13
-10
-6
-3
0
-3
-5
-2
2
3
8
8
7
14
19
23
33
42
50
56
55
51
54
54
54
57
55
47
44
40
40
50
56
52
54
54
47
48
52
49
49
48
36
29
27
21
18
18
10
-3
-8
-12
-19
-21
-20
-22
-27
-32
-40
-45
-42
-40
-40
-40
-40
-39
-41
-37
-30
-25
-21
-20
-20
-21
-17
-17
-18
-10
-4
-6
-11
-9
-9
-6
-7
-11
-14
-14
-15
-23
-30
-28
-24
-21
-22
-16
-12
-9
3
14
26
37
42
37
39
49
49
49
54
67
88
119
146
173
234
329
384
408
430
441
470
497
446
351
325
288
197
111
28
-43
-57
-73
-176
-233
-207
-208
-231
-252
-305
-333
-275
-250
-307
-333
-300
-274
-245
-215
-223
-210
-124
-83
-120
-123
-113
-141
-150
-188
-278
-324
-334
-380
-448
-477
-498
-508
-487
-494
-525
-526
-490
-476
-486
-490
-497
-493
-467
-445
-439
-393
-326
-279
-203
-106
-13
99
215
318
410
511
596
658
702
730
736
747
758
758
733
699
679
656
643
628
619
600
585
550
506
487
463
425
373
337
306
284
250
206
174
153
133
105
85
62
41
37
13
-34
-67
-96
-135
-183
-231
-302
-366
-428
-505
-585
-663
-731
-793
-843
-887
-932
-957
-967
-986
-991
-990
-1002
-1005
-997
-1006
-1016
-983
-949
-919
-821
-684
-522
-324
-104
124
386
649
864
1071
1275
1405
1483
1555
1591
1571
1521
1445
1353
1273
1163
1028
917
797
656
507
377
252
110
-35
-189
-319
-430
-542
-643
-694
-719
-770
-791
-761
-723
-671
-599
-502
-400
-294
-201
-76
118
293
407
503
627
751
856
893
862
850
837
796
722
615
499
432
383
283
192
145
118
85
18
-76
-146
-144
-169
-262
-379
-465
-532
-601
-673
-794
-897
-962
-1018
-1091
-1156
-1222
-1277
-1289
-1308
-1340
-1362
-1350
-1329
-1307
-1273
-1215
-1122
-971
-804
-628
-439
-203
89
388
668
874
1074
1324
1540
1609
1607
1609
1600
1545
1386
1170
998
861
674
454
277
145
11
-142
-273
-387
-485
-554
-631
-705
-773
-820
-830
-753
-681
-639
-546
-369
-158
13
167
339
547
734
863
972
1158
1314
1332
1315
1316
1324
1358
1342
1150
1002
999
920
789
686
555
453
499
420
211
180
215
127
0
-122
-297
-346
-321
-480
-718
-785
-807
-893
-925
-1002
-1151
-1159
-1073
-1167
-1295
-1321
-1403
-1486
-1489
-1612
-1784
-1766
-1735
-1812
-1813
-1735
-1675
-1464
-1195
-1004
-766
-357
66
440
803
1090
1363
1723
2007
2043
2038
2093
2101
2026
1886
1664
1474
1367
1161
853
638
475
265
52
-177
-437
-632
-769
-946
-1133
-1301
-1419
-1458
-1393
-1327
-1308
-1172
-910
-628
-395
-160
90
360
620
790
894
1074
1289
1361
1378
1434
1482
1547
1629
1542
1393
1394
1385
1255
1112
945
751
694
617
335
128
87
-15
-182
-314
-459
-537
-481
-531
-716
-787
-755
-775
-802
-845
-978
-1043
-986
-1033
-1185
-1256
-1303
-1354
-1354
-1429
-1578
-1601
-1547
-1599
-1654
-1639
-1624
-1545
-1376
-1240
-1110
-833
-451
-110
231
566
861
1237
1655
1862
1889
2016
2143
2173
2110
1933
1735
1645
1531
1214
921
751
577
339
64
-202
-425
-567
-725
-937
-1135
-1261
-1339
-1339
-1266
-1246
-1211
-1033
-781
-564
-365
-152
102
393
612
744
894
1115
1322
1400
1446
1544
1632
1705
1765
1696
1591
1636
1612
1438
1320
1172
965
880
742
399
199
128
-66
-263
-375
-552
-674
-683
-797
-972
-1003
-990
-1097
-1156
-1192
-1309
-1366
-1317
-1387
-1541
-1542
-1533
-1577
-1538
-1555
-1647
-1593
-1488
-1547
-1598
-1531
-1499
-1457
-1379
-1317
-1214
-956
-620
-342
-28
345
701
1071
1503
1792
1909
2084
2250
2276
2229
2113
1900
1766
1632
1308
974
793
615
358
80
-197
-414
-534
-668
-884
-1063
-1153
-1220
-1257
-1211
-1167
-1122
-983
-780
-598
-412
-202
18
298
544
679
829
1071
1330
1472
1558
1658
1770
1882
1928
1840
1735
1761
1709
1519
1346
1161
965
836
649
337
134
44
-104
-292
-451
-596
-671
-696
-798
-956
-1040
-1051
-1122
-1220
-1296
-1380
-1414
-1378
-1407
-1499
-1496
-1449
-1433
-1394
-1397
-1433
-1399
-1348
-1397
-1456
-1459
-1443
-1429
-1407
-1354
-1242
-1014
-682
-366
-84
297
688
1079
1514
1813
1904
2040
2230
2261
2172
2003
1788
1645
1484
1130
755
564
440
204
-116
-391
-573
-667
-794
-992
-1191
-1295
-1345
-1375
-1336
-1296
-1264
-1112
-870
-651
-431
-182
98
445
743
887
1116
1458
1732
1858
1876
1909
1996
2097
2002
1780
1609
1511
1396
1154
922
677
505
405
228
-32
-183
-184
-264
-385
-540
-674
-665
-634
-759
-946
-990
-975
-970
-1013
-1118
-1181
-1138
-1057
-1087
-1139
-1144
-1147
-1134
-1148
-1252
-1363
-1364
-1405
-1542
-1644
-1717
-1750
-1701
-1659
-1634
-1475
-1119
-744
-405
-60
286
713
1222
1641
1793
1912
2136
2300
2312
2183
2005
1883
1828
1587
1176
926
847
692
386
58
-210
-354
-455
-659
-938
-1158
-1284
-1362
-1379
-1383
-1407
-1348
-1116
-835
-615
-402
-101
309
695
941
1220
1590
1908
2092
2165
2202
2315
2386
2163
1911
1790
1593
1311
1058
774
507
393
206
-65
-197
-249
-385
-516
-605
-791
-913
-904
-999
-1237
-1349
-1367
-1419
-1404
-1428
-1527
-1456
-1261
-1240
-1279
-1174
-1107
-1072
-1006
-1029
-1098
-1083
-1058
-1134
-1211
-1257
-1315
-1337
-1297
-1272
-1256
-1053
-696
-415
-149
165
485
907
1391
1673
1739
1911
2108
2155
2105
1982
1845
1777
1676
1366
1057
947
889
682
349
58
-149
-258
-403
-689
-984
-1166
-1287
-1386
-1414
-1449
-1442
-1288
-1039
-800
-561
-276
64
472
804
1100
1408
1708
1976
2133
2207
2302
2385
2231
2095
2000
1772
1522
1318
1075
844
734
491
220
151
67
-176
-392
-521
-719
-872
-941
-1122
-1337
-1403
-1441
-1532
-1499
-1498
-1573
-1470
-1286
-1278
-1306
-1202
-1169
-1169
-1131
-1212
-1292
-1215
-1193
-1294
-1285
-1207
-1220
-1159
-1024
-934
-816
-535
-182
85
390
682
919
1255
1631
1761
1730
1847
1924
1852
1749
1587
1422
1345
1197
842
578
524
411
145
-182
-464
-656
-780
-979
-1277
-1517
-1655
-1745
-1771
-1721
-1646
-1515
-1244
-912
-600
-257
129
567
1011
1375
1663
1976
2323
2577
2658
2707
2785
2751
2610
2459
2204
1926
1765
1478
1122
917
684
344
129
-14
-285
-498
-651
-922
-1177
-1277
-1412
-1594
-1675
-1777
-1899
-1842
-1718
-1729
-1708
-1550
-1469
-1424
-1331
-1346
-1406
-1375
-1438
-1599
-1643
-1649
-1693
-1653
-1539
-1507
-1412
-1175
-962
-714
-403
-43
309
683
1037
1283
1587
1952
2208
2224
2220
2256
2229
2170
1982
1735
1587
1484
1222
887
701
550
337
2
-398
-714
-939
-1156
-1470
-1768
-2002
-2168
-2259
-2237
-2137
-2016
-1779
-1437
-1035
-601
-184
260
815
1405
1776
2055
2402
2740
2985
3101
3075
2993
3053
3013
2718
2433
2249
2027
1775
1508
1118
799
647
387
-37
-380
-653
-975
-1223
-1514
-1888
-2100
-2114
-2200
-2340
-2322
-2253
-2147
-1943
-1827
-1814
-1699
-1532
-1525
-1558
-1599
-1706
-1755
-1754
-1841
-1960
-1914
-1782
-1673
-1513
-1309
-1050
-661
-201
259
678
1106
1517
1864
2203
2516
2668
2656
2661
2618
2467
2264
2047
1843
1662
1427
1077
816
718
577
273
-118
-450
-724
-999
-1351
-1754
-2099
-2357
-2575
-2724
-2721
-2631
-2452
-2148
-1778
-1348
-838
-272
332
1005
1566
1966
2400
2819
3124
3296
3359
3346
3372
3378
3204
2959
2772
2645
2483
2264
1971
1669
1460
1233
890
471
80
-313
-722
-1136
-1594
-1981
-2232
-2430
-2625
-2743
-2755
-2677
-2533
-2382
-2283
-2188
-2069
-1986
-1989
-2044
-2136
-2273
-2386
-2476
-2567
-2625
-2577
-2485
-2349
-2092
-1732
-1259
-706
-61
557
1146
1720
2265
2758
3174
3447
3452
3468
3472
3319
3034
2734
2487
2215
1927
1500
1151
1036
913
601
146
-207
-488
-799
-1217
-1738
-2233
-2653
-2980
-3291
-3482
-3494
-3414
-3171
-2806
-2383
-1882
-1241
-530
194
877
1391
1936
2523
2945
3202
3337
3384
3436
3517
3340
3129
3055
2927
2785
2647
2453
2247
2169
1973
1594
1254
926
532
44
-482
-1078
-1588
-1940
-2337
-2769
-3027
-3090
-3127
-3058
-2955
-2921
-2766
-2538
-2463
-2486
-2483
-2568
-2679
-2758
-2904
-3071
-3111
-3045
-2961
-2823
-2554
-2082
-1469
-695
78
734
1476
2266
2957
3570
4083
4253
4336
4449
4315
4008
3670
3342
3003
2664
2193
1667
1390
1241
958
487
52
-250
-562
-913
-1407
-1980
-2455
-2856
-3292
-3669
-3865
-3968
-3909
-3684
-3411
-2993
-2390
-1654
-876
-65
623
1258
1970
2571
2961
3184
3352
3413
3485
3454
3209
3011
2935
2888
2760
2697
2602
2529
2585
2496
2219
1928
1686
1310
850
295
-387
-944
-1374
-1876
-2410
-2762
-2967
-3094
-3106
-3138
-3166
-3085
-2977
-2993
-3067
-3136
-3246
-3339
-3461
-3648
-3786
-3781
-3682
-3557
-3317
-2895
-2282
-1455
-635
129
911
1805
2699
3447
4017
4277
4522
4731
4715
4453
4122
3863
3552
3183
2635
2097
1844
1686
1372
854
424
124
-125
-429
-931
-1499
-1991
-2396
-2849
-3279
-3605
-3806
-3816
-3704
-3556
-3287
-2794
-2086
-1286
-600
-16
643
1371
1992
2388
2577
2681
2868
2974
2835
2640
2520
2515
2524
2473
2382
2376
2542
2648
2586
2426
2291
2138
1884
1495
922
396
-24
-510
-1109
-1665
-2091
-2397
-2582
-2833
-3107
-3224
-3249
-3288
-3382
-3507
-3641
-3709
-3784
-3941
-4085
-4180
-4158
-4101
-3979
-3701
-3266
-2521
-1682
-927
-154
761
1793
2765
3619
4111
4525
4982
5187
5118
4890
4695
4426
4096
3577
2977
2613
2411
2139
1639
1162
841
587
349
-59
-611
-1159
-1581
-2041
-2552
-2986
-3368
-3575
-3635
-3659
-3599
-3287
-2688
-1959
-1334
-798
-181
532
1216
1693
1808
1867
2083
2155
1986
1724
1476
1361
1422
1374
1222
1294
1561
1798
1915
1955
1964
2028
2080
1860
1425
1066
790
399
-102
-621
-1116
-1413
-1589
-1909
-2263
-2430
-2512
-2621
-2732
-2954
-3156
-3204
-3298
-3519
-3765
-3904
-3965
-3948
-3890
-3797
-3483
-2830
-2071
-1439
-781
54
1004
2052
2885
3310
3796
4366
4682
4698
4577
4409
4227
4004
3489
2924
2637
2471
2164
1695
1287
989
802
618
239
-264
-706
-1094
-1518
-1924
-2333
-2754
-2982
-3063
-3172
-3169
-2919
-2379
-1720
-1171
-694
-91
681
1369
1737
1785
1882
2089
2065
1779
1380
1047
917
854
610
362
451
716
930
1034
1126
1275
1534
1715
1575
1280
1099
980
698
280
-230
-687
-905
-1107
-1489
-1872
-2073
-2194
-2322
-2491
-2742
-2880
-2905
-3025
-3260
-3487
-3582
-3592
-3556
-3514
-3420
-3019
-2390
-1769
-1194
-537
278
1214
2138
2712
3159
3697
4103
4295
4265
4161
4008
3825
3438
2882
2490
2264
2032
1615
1182
862
665
575
361
4
-374
-684
-1000
-1331
-1673
-2058
-2332
-2504
-2655
-2716
-2610
-2280
-1750
-1231
-795
-290
371
1073
1630
1895
1998
2172
2263
2150
1838
1414
1075
838
551
205
-22
-75
-15
38
61
130
306
536
656
598
501
476
414
247
-7
-338
-605
-794
-1053
-1380
-1651
-1860
-2032
-2188
-2392
-2576
-2651
-2722
-2823
-2926
-3010
-3006
-2947
-2837
-2716
-2416
-1928
-1435
-927
-402
278
1073
1909
2516
2943
3474
3891
4132
4186
4130
3983
3756
3368
2760
2294
1966
1587
1096
593
228
-21
-141
-309
-565
-774
-958
-1144
-1353
-1533
-1756
-1952
-2058
-2194
-2287
-2210
-1964
-1595
-1125
-701
-262
365
1064
1628
2025
2355
2593
2765
2788
2569
2242
1915
1606
1163
716
363
54
-127
-270
-401
-490
-440
-344
-332
-299
-304
-302
-308
-399
-560
-753
-848
-1000
-1215
-1414
-1623
-1757
-1857
-1977
-2165
-2283
-2310
-2367
-2412
-2480
-2580
-2610
-2544
-2465
-2382
-2100
-1634
-1177
-721
-253
341
1102
1953
2531
2902
3413
3857
4131
4225
4167
4022
3855
3522
2928
2417
2049
1643
1118
531
50
-296
-496
-679
-960
-1199
-1387
-1548
-1698
-1819
-1991
-2153
-2193
-2256
-2314
-2243
-2012
-1606
-1134
-742
-315
277
945
1530
1968
2267
2572
2862
2959
2862
2664
2439
2234
1947
1523
1134
857
636
408
168
-39
-175
-241
-348
-536
-707
-783
-871
-1082
-1309
-1526
-1691
-1790
-1965
-2209
-2393
-2460
-2521
-2583
-2652
-2716
-2673
-2612
-2573
-2566
-2538
-2450
-2341
-2211
-2082
-1773
-1295
-811
-344
69
668
1412
2204
2806
3201
3706
4152
4463
4522
4477
4406
4246
3940
3322
2778
2384
2000
1493
842
318
-59
-297
-562
-900
-1212
-1479
-1650
-1856
-2078
-2283
-2467
-2540
-2613
-2668
-2656
-2457
-2029
-1567
-1155
-736
-149
553
1217
1673
1946
2311
2693
2857
2790
2621
2446
2339
2167
1806
1469
1294
1190
1039
827
641
548
525
402
116
-178
-359
-527
-841
-1217
-1602
-1906
-2080
-2324
-2674
-2942
-3040
-3104
-3154
-3237
-3311
-3236
-3116
-3063
-3032
-2973
-2844
-2683
-2501
-2291
-1964
-1426
-852
-325
157
770
1530
2342
3054
3493
3956
4419
4724
4832
4803
4720
4535
4233
3681
3087
2678
2262
1756
1130
548
113
-196
-441
-787
-1125
-1414
-1650
-1851
-2071
-2274
-2511
-2660
-2785
-2906
-2917
-2762
-2421
-2014
-1581
-1188
-658
28
670
1165
1532
1875
2152
2397
2454
2335
2175
2045
1894
1620
1390
1219
1116
1067
968
852
795
856
833
672
487
265
69
-184
-539
-947
-1309
-1573
-1925
-2296
-2630
-2894
-3044
-3194
-3353
-3521
-3555
-3516
-3521
-3504
-3536
-3482
-3390
-3223
-3011
-2739
-2165
-1557
-931
-336
369
1232
2141
3038
3599
4167
4728
5111
5338
5347
5314
5141
4858
4344
3714
3273
2836
2335
1670
1070
629
271
15
-365
-766
-1091
-1372
-1655
-1956
-2196
-2489
-2693
-2874
-3067
-3143
-3051
-2760
-2357
-1947
-1554
-990
-286
392
960
1332
1635
1970
2200
2190
2064
1919
1767
1631
1397
1152
1030
1024
1036
983
950
977
1053
1104
1021
830
636
498
228
-166
-556
-946
-1263
-1568
-1946
-2339
-2593
-2740
-2928
-3120
-3329
-3459
-3504
-3572
-3672
-3771
-3782
-3769
-3727
-3624
-3404
-2940
-2338
-1739
-1135
-441
457
1447
2430
3173
3803
4479
5010
5362
5490
5512
5441
5215
4768
4135
3640
3224
2727
2107
1457
977
640
385
62
-332
-666
-948
-1207
-1520
-1837
-2143
-2425
-2656
-2906
-3112
-3102
-2842
-2452
-2072
-1703
-1202
-505
283
880
1246
1580
1965
2232
2220
2059
1848
1687
1559
1246
866
685
680
678
638
600
631
803
965
931
772
675
623
433
66
-360
-783
-1055
-1307
-1722
-2149
-2408
-2555
-2712
-2878
-3068
-3193
-3171
-3217
-3363
-3498
-3563
-3599
-3634
-3599
-3549
-3223
-2680
-2159
-1619
-992
-152
816
1888
2723
3364
4126
4789
5259
5502
5606
5584
5437
5107
4491
3932
3528
3078
2482
1801
1270
894
667
422
48
-297
-581
-836
-1139
-1458
-1804
-2135
-2397
-2728
-3050
-3179
-3080
-2745
-2405
-2113
-1675
-1018
-248
436
914
1215
1638
2045
2119
2022
1847
1666
1527
1289
875
555
538
557
490
420
422
546
718
817
693
556
559
456
144
-239
-628
-969
-1192
-1534
-2019
-2351
-2509
-2632
-2779
-2928
-3068
-3058
-3000
-3092
-3206
-3289
-3285
-3321
-3382
-3419
-3305
-2864
-2384
-1941
-1480
-788
164
1181
2137
2824
3567
4366
4949
5294
5426
5518
5452
5190
4637
3977
3544
3130
2611
1921
1315
942
707
553
273
-46
-302
-511
-759
-1092
-1419
-1784
-2092
-2426
-2809
-3072
-3130
-2934
-2634
-2338
-2018
-1465
-713
24
639
1052
1457
1882
2130
2134
1978
1826
1659
1449
1098
749
602
566
578
511
514
633
812
956
935
856
787
724
490
82
-324
-701
-1006
-1348
-1772
-2139
-2370
-2483
-2613
-2754
-2867
-2879
-2811
-2826
-2905
-3026
-3101
-3178
-3309
-3421
-3451
-3250
-2877
-2511
-2117
-1576
-765
219
1240
2092
2813
3668
4422
4945
5218
5384
5465
5367
5038
4430
3893
3513
3116
2560
1890
1416
1119
953
749
424
134
-116
-340
-682
-1067
-1467
-1888
-2255
-2699
-3134
-3409
-3414
-3217
-2999
-2705
-2333
-1699
-913
-222
294
744
1277
1645
1860
1860
1727
1631
1537
1301
931
763
728
754
801
800
881
1070
1346
1428
1353
1312
1231
1074
752
330
-148
-527
-821
-1286
-1718
-2036
-2234
-2348
-2481
-2626
-2753
-2703
-2694
-2798
-2940
-3076
-3165
-3338
-3528
-3716
-3778
-3601
-3236
-2887
-2486
-1839
-1025
-39
1010
1926
2703
3552
4351
4843
5124
5274
5328
5262
4962
4430
3886
3580
3311
2839
2284
1869
1667
1545
1386
1064
718
476
151
-276
-777
-1296
-1791
-2248
-2730
-3243
-3558
-3649
-3575
-3320
-3017
-2659
-2091
-1355
-669
-98
421
831
1233
1549
1590
1507
1431
1357
1201
1034
912
849
981
1143
1212
1312
1524
1756
1877
1914
1775
1565
1384
1075
604
115
-299
-709
-1098
-1443
-1794
-1998
-2065
-2161
-2306
-2397
-2455
-2537
-2654
-2864
-3156
-3403
-3595
-3829
-4099
-4220
-4177
-3959
-3471
-2958
-2387
-1584
-593
412
1436
2368
3095
3893
4547
4834
4916
4938
4902
4717
4369
3838
3375
3148
2930
2588
2176
1923
1823
1725
1569
1245
877
552
138
-446
-1061
-1627
-2195
-2688
-3170
-3632
-3859
-3797
-3569
-3287
-2925
-2496
-1905
-1199
-586
-164
182
587
860
1005
1023
912
840
863
839
736
818
1007
1212
1472
1666
1866
2122
2362
2392
2250
2077
1823
1520
1106
621
108
-317
-630
-996
-1312
-1515
-1648
-1739
-1819
-1941
-2084
-2187
-2360
-2651
-2973
-3301
-3582
-3834
-4114
-4354
-4451
-4313
-3945
-3375
-2730
-1984
-1107
-115
947
1966
2877
3594
4243
4734
4953
4973
4916
4834
4603
4256
3775
3358
3189
3016
2727
2382
2161
2053
1921
1685
1278
872
448
-84
-721
-1414
-1999
-2559
-3061
-3517
-3897
-4040
-3974
-3736
-3395
-2942
-2483
-1932
-1270
-715
-252
138
424
611
795
836
751
758
803
832
916
1067
1243
1522
1894
2152
2338
2551
2681
2648
2494
2242
1840
1451
1048
467
-91
-518
-869
-1168
-1378
-1583
-1770
-1826
-1891
-2045
-2192
-2374
-2623
-2919
-3225
-3562
-3872
-4100
-4318
-4475
-4470
-4244
-3821
-3152
-2380
-1621
-743
250
1284
2253
3112
3700
4205
4676
4859
4850
4757
4656
4454
4144
3744
3316
3126
3000
2746
2396
2093
1912
1706
1462
1032
499
16
-539
-1169
-1848
-2433
-2944
-3373
-3699
-4003
-4117
-4020
-3749
-3390
-2977
-2480
-1965
-1374
-790
-355
-27
313
575
707
826
849
825
948
1114
1180
1306
1571
1824
2126
2420
2591
2710
2825
2815
2611
2380
2097
1692
1235
732
202
-257
-562
-879
-1221
-1423
-1588
-1746
-1862
-2008
-2232
-2443
-2638
-2952
-3252
-3507
-3786
-4016
-4174
-4270
-4282
-4058
-3659
-3154
-2428
-1643
-820
55
999
1910
2748
3489
3950
4385
4723
4836
4793
4699
4620
4405
4107
3685
3304
3136
2946
2622
2170
1823
1558
1222
813
241
-322
-862
-1473
-2145
-2791
-3274
-3677
-3982
-4247
-4452
-4443
-4251
-3916
-3546
-3107
-2540
-1976
-1383
-841
-399
32
507
839
952
1162
1330
1406
1588
1719
1767
1942
2233
2347
2445
2684
2811
2866
2890
2790
2556
2366
2131
1655
1154
742
286
-177
-568
-1002
-1425
-1623
-1804
-2104
-2329
-2501
-2696
-2849
-2989
-3260
-3481
-3571
-3698
-3842
-3892
-3846
-3724
-3444
-3065
-2643
-2011
-1220
-478
253
1022
1796
2539
3289
3796
4134
4504
4722
4773
4748
4672
4476
4242
3933
3475
3144
2916
2591
2128
1633
1206
768
363
-124
-727
-1308
-1870
-2430
-2969
-3388
-3766
-4080
-4265
-4406
-4413
-4250
-3947
-3560
-3104
-2621
-2119
-1461
-765
-214
264
744
1180
1552
1878
2029
2119
2314
2447
2452
2475
2568
2643
2728
2800
2771
2787
2871
2834
2638
2386
2098
1763
1406
928
335
-219
-683
-1146
-1618
-2050
-2431
-2710
-2875
-3043
-3226
-3309
-3338
-3385
-3431
-3455
-3456
-3388
-3282
-3199
-3090
-2901
-2627
-2257
-1835
-1311
-677
-33
645
1322
2015
2710
3401
3908
4238
4572
4753
4786
4700
4514
4279
3980
3602
3089
2642
2300
1907
1427
897
457
41
-373
-815
-1357
-1881
-2371
-2874
-3368
-3772
-4103
-4384
-4516
-4557
-4485
-4245
-3876
-3389
-2799
-2187
-1519
-757
-17
671
1248
1697
2103
2501
2711
2780
2844
2794
2750
2745
2699
2688
2774
2832
2817
2866
2914
2910
2860
2666
2343
1952
1543
1019
362
-280
-893
-1494
-2011
-2452
-2839
-3100
-3183
-3265
-3295
-3200
-3096
-2975
-2855
-2772
-2718
-2605
-2476
-2411
-2344
-2253
-2141
-1978
-1725
-1374
-1000
-462
202
807
1445
2106
2724
3305
3866
4160
4253
4400
4378
4200
3940
3586
3190
2803
2353
1778
1340
1065
730
326
-120
-511
-874
-1229
-1644
-2177
-2667
-3134
-3624
-4074
-4387
-4561
-4614
-4495
-4327
-4074
-3608
-3009
-2293
-1519
-813
-169
536
1253
1780
2205
2509
2713
2892
2977
2898
2780
2834
2879
2847
2847
2835
2855
2962
3042
2925
2786
2644
2334
1935
1446
845
206
-370
-1009
-1695
-2226
-2622
-2919
-3106
-3174
-3171
-3051
-2807
-2616
-2457
-2263
-2082
-1992
-1930
-1875
-1885
-1832
-1770
-1782
-1741
-1579
-1351
-1116
-799
-430
-32
522
1133
1608
1992
2360
2708
3014
3276
3285
3165
3135
3002
2720
2378
2063
1775
1533
1220
748
437
257
4
-382
-849
-1263
-1642
-1992
-2434
-2933
-3311
-3564
-3734
-3851
-3821
-3652
-3349
-2893
-2418
-1892
-1289
-647
-22
559
1031
1416
1859
2198
2412
2554
2669
2805
2958
3037
2984
3024
3123
3186
3213
3166
3097
3018
2909
2614
2215
1856
1413
878
261
-365
-958
-1439
-1816
-2250
-2558
-2672
-2681
-2607
-2467
-2296
-2123
-1846
-1606
-1508
-1403
-1324
-1282
-1277
-1324
-1399
-1413
-1318
-1229
-1130
-999
-811
-565
-340
-138
44
282
543
804
1030
1179
1322
1449
1593
1693
1748
1717
1646
1633
1530
1356
1153
985
825
600
300
-105
-377
-585
-901
-1304
-1711
-1968
-2170
-2319
-2483
-2613
-2582
-2468
-2302
-2122
-1812
-1425
-1052
-697
-415
-107
229
556
822
1039
1245
1440
1725
1996
2214
2425
2622
2823
2995
3144
3181
3161
3144
3024
2791
2499
2197
1821
1406
968
459
10
-379
-747
-1116
-1408
-1584
-1694
-1704
-1718
-1710
-1615
-1467
-1307
-1204
-1088
-985
-913
-846
-827
-828
-825
-795
-814
-856
-834
-803
-712
-616
-548
-484
-393
-286
-251
-250
-304
-387
-418
-438
-481
-476
-436
-389
-312
-205
-75
121
318
395
466
554
564
521
452
350
200
8
-255
-508
-610
-681
-810
-962
-1025
-970
-885
-790
-733
-656
-540
-464
-400
-317
-170
-38
61
167
256
408
586
780
1010
1258
1494
1736
2020
2254
2439
2582
2662
2694
2642
2491
2258
2013
1717
1352
989
647
345
68
-191
-402
-529
-573
-615
-643
-642
-600
-550
-516
-509
-546
-548
-547
-559
-575
-616
-653
-665
-665
-712
-740
-727
-715
-689
-669
-645
-610
-567
-577
-650
-736
-831
-952
-1104
-1290
-1506
-1743
-1953
-2090
-2171
-2174
-2086
-1950
-1755
-1480
-1188
-854
-462
-69
198
408
617
780
909
963
938
899
898
848
733
680
667
645
594
514
480
489
503
433
336
280
206
119
42
10
6
51
127
189
306
465
633
845
1084
1262
1384
1534
1648
1691
1695
1627
1538
1443
1310
1123
967
851
754
672
581
526
530
576
610
620
635
608
577
522
409
269
108
-47
-236
-400
-544
-667
-720
-743
-743
-721
-658
-587
-544
-478
-491
-552
-642
-768
-929
-1138
-1377
-1679
-1933
-2138
-2347
-2499
-2612
-2681
-2698
-2687
-2660
-2589
-2416
-2224
-2020
-1732
-1396
-1038
-651
-285
62
460
876
1168
1369
1577
1738
1844
1915
1932
1931
1931
1857
1671
1529
1465
1347
1172
955
730
540
391
220
16
-126
-240
-330
-376
-366
-302
-208
-72
44
169
311
431
560
697
784
832
926
1023
1080
1129
1140
1166
1250
1323
1332
1328
1336
1357
1376
1351
1289
1219
1128
967
766
574
377
205
28
-180
-375
-514
-599
-709
-786
-834
-866
-870
-868
-885
-926
-949
-1013
-1126
-1221
-1351
-1503
-1661
-1818
-1977
-2095
-2177
-2276
-2323
-2315
-2272
-2193
-2081
-1966
-1855
-1709
-1574
-1452
-1319
-1196
-1050
-899
-743
-534
-248
69
386
700
989
1335
1682
1913
2064
2199
2259
2218
2112
1952
1781
1601
1341
999
715
532
378
191
-7
-154
-234
-267
-293
-322
-282
-196
-117
-44
66
199
363
534
617
677
764
852
957
1050
1074
1079
1133
1211
1251
1257
1254
1268
1275
1250
1211
1156
1126
1093
980
816
667
526
357
150
-92
-343
-569
-809
-1052
-1276
-1453
-1554
-1619
-1656
-1634
-1551
-1425
-1277
-1122
-989
-865
-781
-762
-791
-862
-952
-1069
-1219
-1407
-1551
-1636
-1673
-1677
-1654
-1569
-1428
-1255
-1066
-859
-653
-467
-312
-236
-208
-198
-210
-233
-275
-318
-352
-286
-159
-31
134
318
560
831
1052
1156
1231
1350
1377
1286
1120
947
827
687
475
249
178
231
276
295
347
516
755
971
1109
1211
1354
1467
1491
1422
1320
1220
1100
953
750
595
514
485
494
498
515
592
744
851
892
898
865
851
765
552
290
31
-222
-504
-812
-1082
-1241
-1341
-1405
-1430
-1387
-1227
-996
-787
-596
-382
-146
71
241
315
335
356
342
256
103
-64
-211
-348
-504
-662
-771
-809
-812
-835
-870
-827
-747
-665
-619
-638
-653
-638
-673
-775
-893
-1009
-1102
-1182
-1300
-1421
-1456
-1431
-1391
-1357
-1293
-1174
-1000
-821
-636
-421
-205
14
220
414
621
826
974
1101
1257
1396
1497
1585
1676
1803
1909
1929
1896
1902
1945
1936
1846
1703
1576
1455
1311
1116
914
747
584
412
214
29
-93
-183
-293
-444
-583
-679
-748
-810
-899
-992
-1026
-999
-984
-973
-925
-829
-688
-559
-457
-331
-143
48
197
305
430
584
710
775
799
831
895
944
938
903
894
901
896
855
770
701
630
526
364
160
-47
-256
-486
-755
-1044
-1305
-1528
-1727
-1928
-2091
-2191
-2244
-2262
-2276
-2275
-2207
-2098
-2004
-1903
-1789
-1627
-1425
-1235
-1053
-875
-665
-422
-193
-3
186
402
614
819
986
1117
1265
1425
1553
1642
1720
1805
1880
1940
1960
1966
1982
1958
1880
1732
1563
1400
1170
884
568
247
-50
-316
-583
-845
-1041
-1187
-1287
-1318
-1311
-1267
-1188
-1087
-975
-856
-715
-567
-441
-339
-235
-111
20
153
280
414
594
781
952
1112
1259
1402
1560
1673
1735
1774
1779
1746
1659
1537
1394
1245
1082
886
678
478
307
152
-26
-210
-403
-586
-766
-956
-1163
-1377
-1589
-1821
-2054
-2279
-2472
-2622
-2757
-2850
-2882
-2841
-2718
-2539
-2312
-2042
-1718
-1368
-1000
-633
-285
45
373
677
923
1154
1351
1506
1651
1762
1837
1902
1963
1974
1938
1872
1752
1623
1452
1202
901
575
242
-99
-429
-759
-1066
-1324
-1547
-1720
-1847
-1915
-1926
-1910
-1851
-1759
-1632
-1458
-1266
-1071
-859
-620
-382
-129
106
324
574
830
1068
1292
1521
1748
1968
2165
2336
2494
2628
2733
2796
2802
2778
2719
2635
2508
2350
2161
1956
1749
1516
1274
1013
765
519
242
-32
-291
-545
-793
-1034
-1283
-1520
-1698
-1852
-1985
-2098
-2205
-2276
-2306
-2305
-2305
-2271
-2207
-2134
-2026
-1888
-1743
-1584
-1367
-1117
-874
-607
-326
-51
226
479
685
870
1042
1170
1246
1290
1299
1272
1230
1159
1053
933
813
670
510
363
190
-14
-192
-383
-607
-811
-1016
-1235
-1429
-1603
-1790
-1947
-2043
-2120
-2164
-2154
-2098
-1993
-1832
-1628
-1407
-1151
-853
-553
-266
27
307
567
827
1069
1284
1507
1725
1900
2064
2225
2361
2495
2615
2669
2677
2685
2676
2604
2486
2330
2134
1941
1715
1441
1163
912
660
404
170
-61
-274
-443
-625
-838
-1037
-1200
-1358
-1505
-1643
-1784
-1880
-1907
-1921
-1918
-1866
-1779
-1652
-1468
-1245
-1013
-744
-448
-169
102
370
600
810
985
1097
1148
1155
1143
1086
991
870
725
593
468
338
209
99
6
-96
-199
-314
-434
-556
-704
-881
-1058
-1227
-1386
-1534
-1664
-1765
-1831
-1848
-1832
-1781
-1706
-1588
-1432
-1265
-1072
-870
-662
-446
-250
-77
88
254
415
555
665
735
804
866
909
936
961
987
1002
1017
1018
1016
1038
1062
1071
1072
1060
1038
1017
1002
962
908
864
816
757
689
604
491
382
249
91
-62
-213
-358
-494
-615
-725
-810
-838
-834
-799
-725
-628
-525
-385
-226
-90
34
150
241
324
395
451
495
541
583
622
667
711
778
847
923
992
1034
1040
1026
995
920
792
630
421
181
-75
-340
-609
-856
-1072
-1268
-1405
-1478
-1509
-1487
-1414
-1316
-1197
-1049
-902
-761
-620
-508
-427
-366
-320
-284
-252
-226
-213
-194
-146
-82
-3
79
158
241
312
364
393
390
353
274
180
68
-56
-173
-278
-365
-416
-415
-387
-317
-194
-62
80
231
352
448
527
563
538
485
416
319
224
135
34
-59
-101
-112
-93
-43
4
56
140
223
282
323
329
307
276
231
170
100
31
-27
-67
-78
-49
12
96
189
290
405
517
612
674
699
693
664
609
535
450
361
253
159
82
22
-16
-35
-43
-46
-30
-12
15
30
21
-1
-48
-95
-149
-211
-269
-323
-363
-398
-412
-424
-426
-395
-365
-343
-323
-303
-292
-285
-281
-295
-304
-305
-313
-326
-339
-335
-337
-329
-318
-325
-318
-321
-333
-351
-370
-401
-431
-456
-491
-517
-523
-521
-499
-464
-409
-354
-275
-175
-92
3
108
191
251
313
348
344
330
300
267
248
218
188
180
191
215
247
286
326
374
419
437
432
414
380
335
274
188
86
1
-53
-101
-127
-126
-97
-30
71
181
305
447
602
739
855
941
994
1018
1005
962
901
830
731
622
511
405
310
224
147
55
-43
-126
-211
-305
-405
-509
-625
-733
-833
-924
-974
-999
-999
-972
-909
-802
-672
-529
-392
-265
-132
-25
59
112
125
108
57
8
-73
-161
-242
-324
-385
-428
-445
-450
-441
-422
-410
-401
-399
-396
-411
-441
-482
-531
-585
-641
-673
-691
-676
-614
-528
-417
-274
-97
99
309
497
653
807
919
992
1017
1007
967
873
748
605
450
307
177
63
-31
-88
-115
-105
-43
37
140
262
381
485
597
700
788
860
907
940
949
962
966
957
935
902
862
801
746
679
594
498
382
257
136
19
-95
-199
-301
-381
-444
-478
-494
-488
-463
-437
-396
-352
-302
-266
-233
-207
-202
-197
-192
-192
-197
-203
-208
-213
-214
-195
-183
-171
-157
-154
-167
-206
-267
-349
-443
-553
-674
-802
-911
-999
-1077
-1108
-1097
-1071
-1022
-943
-851
-740
-610
-497
-401
-312
-237
-169
-110
-50
-9
29
80
121
162
220
272
316
385
453
498
527
564
569
564
560
544
512
472
439
407
392
391
398
423
462
512
568
616
658
683
700
700
662
600
523
445
364
293
229
172
143
123
122
144
170
209
245
275
286
287
286
276
246
204
158
102
41
-16
-74
-115
-135
-144
-143
-118
-83
-51
-3
30
40
42
30
-13
-86
-162
-251
-350
-458
-563
-648
-713
-746
-762
-753
-728
-699
-663
-627
-589
-548
-524
-515
-506
-496
-506
-512
-511
-522
-514
-512
-504
-487
-457
-420
-381
-335
-288
-246
-205
-155
-112
-75
-45
-21
-11
18
50
72
97
135
180
229
289
355
416
471
512
547
583
603
598
576
557
532
497
466
426
384
344
301
260
223
192
161
139
122
106
106
120
134
144
152
167
177
183
186
184
183
168
140
115
93
74
59
53
49
55
72
81
96
112
124
132
152
164
167
182
180
177
175
159
140
102
66
26
-4
-31
-71
-100
-130
-148
-163
-177
-182
-199
-223
-237
-259
-281
-309
-331
-367
-396
-412
-438
-455
-473
-487
-493
-487
-473
-461
-446
-426
-399
-356
-324
-280
-246
-206
-160
-120
-74
-29
22
80
137
186
226
284
339
392
456
514
560
579
590
587
576
560
516
470
420
366
321
269
218
165
101
30
-38
-100
-161
-216
-270
-317
-351
-389
-426
-446
-466
-469
-458
-443
-421
-400
-357
-314
-257
-195
-132
-55
31
110
177
250
324
384
441
469
479
488
496
492
479
469
459
452
438
408
379
342
292
234
170
104
40
-30
-114
-194
-271
-344
-414
-481
-540
-596
-633
-650
-649
-641
-626
-609
-580
-536
-493
-440
-383
-320
-264
-207
-141
-84
-35
8
52
100
149
200
240
273
315
348
387
422
443
461
484
511
528
540
562
566
563
534
490
440
375
300
204
110
4
-105
-201
-297
-392
-476
-541
-593
-627
-638
-647
-627
-590
-564
-517
-469
-413
-350
-283
-222
-168
-104
-39
28
92
160
226
298
387
465
540
608
657
685
705
703
682
661
627
568
484
402
320
253
179
90
-1
-93
-185
-277
-346
-412
-472
-527
-568
-602
-621
-618
-610
-592
-571
-554
-536
-493
-469
-457
-435
-411
-380
-339
-293
-261
-207
-145
-90
-28
30
95
136
181
220
245
281
312
339
363
375
383
395
409
409
399
395
376
349
316
269
214
147
74
-14
-94
-158
-220
-276
-321
-356
-382
-382
-379
-376
-358
-330
-306
-273
-233
-203
-174
-142
-133
-109
-77
-43
12
76
137
200
289
392
488
576
661
735
799
842
861
867
852
806
733
639
539
437
328
211
111
8
-90
-157
-223
-287
-338
-372
-408
-445
-477
-500
-518
-525
-530
-526
-503
-467
-410
-333
-237
-149
-43
75
189
286
368
436
478
491
480
452
411
364
305
230
156
93
36
0
-19
-34
-41
-29
-18
-12
6
9
-8
-38
-96
-162
-235
-311
-385
-461
-515
-557
-588
-592
-568
-523
-468
-399
-333
-271
-205
-144
-100
-67
-66
-81
-97
-107
-111
-110
-102
-88
-55
-5
62
144
226
312
391
446
495
542
554
539
511
472
419
358
294
221
161
110
51
-1
-45
-82
-117
-143
-172
-215
-250
-279
-322
-369
-408
-449
-480
-498
-495
-478
-432
-357
-257
-145
-26
105
247
379
500
610
702
791
850
881
891
896
889
852
800
749
696
639
586
525
464
409
354
287
231
174
105
30
-44
-128
-226
-317
-407
-491
-560
-628
-693
-742
-758
-766
-757
-729
-689
-651
-610
-560
-507
-448
-384
-340
-303
-265
-237
-216
-200
-181
-161
-139
-111
-71
-36
16
70
111
157
204
234
248
259
261
246
225
195
146
99
56
-2
-56
-106
-166
-224
-272
-323
-383
-432
-481
-526
-563
-594
-614
-622
-623
-612
-592
-555
-519
-465
-394
-321
-239
-142
-43
60
164
259
355
452
546
622
688
748
801
847
892
933
960
970
964
946
920
889
851
794
716
630
535
444
349
259
170
85
-2
-91
-163
-228
-285
-327
-366
-399
-435
-460
-470
-470
-466
-459
-444
-423
-393
-354
-300
-247
-183
-122
-64
0
60
99
122
135
132
114
88
58
23
-6
-37
-65
-86
-97
-97
-92
-71
-48
-31
-15
-5
-7
-24
-60
-104
-168
-236
-311
-388
-456
-507
-537
-552
-545
-521
-482
-438
-393
-332
-270
-210
-167
-150
-140
-140
-136
-147
-148
-137
-120
-88
-45
20
102
204
311
423
530
629
709
761
805
830
823
798
758
696
618
544
478
409
358
308
250
212
179
146
119
98
74
51
28
-19
-58
-89
-140
-187
-234
-274
-302
-313
-316
-312
-286
-248
-207
-151
-89
-31
16
66
106
130
138
136
127
115
89
49
16
-20
-68
-118
-153
-194
-236
-282
-333
-376
-412
-434
-458
-474
-482
-504
-513
-509
-504
-491
-471
-446
-429
-400
-363
-325
-273
-225
-186
-151
-106
-61
-20
31
68
97
122
144
157
176
210
224
239
262
272
285
305
328
344
356
364
357
362
366
359
355
346
321
297
288
267
242
226
201
170
147
123
96
82
68
51
32
29
32
37
53
63
63
61
66
72
69
80
70
68
69
72
68
71
85
83
87
87
82
77
76
64
37
9
-22
-70
-115
-175
-243
-310
-372
-436
-496
-544
-591
-625
-632
-629
-625
-605
-578
-550
-505
-453
-414
-379
-353
-338
-326
-303
-283
-277
-272
-274
-284
-273
-247
-205
-152
-91
-29
43
125
201
275
347
399
429
446
446
428
403
371
324
275
240
208
178
159
147
136
135
146
157
172
192
202
204
204
200
195
179
167
157
143
129
124
135
148
177
214
254
287
312
338
360
380
384
370
349
329
297
262
238
207
189
172
152
137
121
107
79
43
6
-51
-113
-179
-246
-326
-396
-458
-519
-563
-594
-605
-603
-589
-556
-509
-452
-398
-355
-321
-283
-248
-227
-228
-247
-251
-264
-267
-264
-249
-231
-199
-147
-89
-17
61
134
198
253
291
307
318
321
297
262
222
179
130
84
37
4
-16
-35
-48
-54
-58
-62
-59
-61
-49
-37
-40
-49
-60
-62
-50
-28
-10
15
43
83
125
177
229
279
328
371
401
423
446
462
471
474
473
472
471
477
477
471
455
425
391
349
295
234
155
75
-5
-74
-148
-220
-277
-337
-378
-397
-402
-399
-387
-382
-373
-360
-357
-360
-363
-361
-374
-391
-403
-409
-402
-389
-371
-342
-289
-227
-172
-102
-29
39
96
159
210
248
277
278
273
268
259
245
229
208
192
181
169
159
144
123
99
73
48
13
-28
-74
-129
-178
-234
-271
-306
-335
-339
-336
-308
-264
-210
-156
-92
-30
23
73
122
146
152
149
135
118
99
84
75
85
94
121
158
211
252
291
330
366
390
399
395
367
332
275
208
142
76
16
-45
-89
-131
-153
-157
-159
-145
-134
-126
-123
-127
-144
-181
-225
-285
-358
-426
-486
-539
-579
-591
-594
-581
-542
-480
-402
-310
-204
-108
-18
58
128
181
224
242
246
244
227
215
215
209
212
225
236
252
274
287
294
308
301
285
259
218
169
115
58
0
-56
-99
-151
-184
-194
-193
-166
-142
-103
-65
-24
18
50
72
99
118
120
128
114
102
92
90
94
105
130
152
170
189
194
197
203
195
182
158
135
103
77
37
12
-9
-30
-38
-40
-23
-9
15
33
42
45
36
34
20
-5
-44
-104
-154
-207
-272
-329
-371
-409
-435
-441
-441
-435
-421
-391
-367
-336
-298
-276
-259
-242
-228
-221
-204
-194
-180
-163
-134
-100
-66
-26
17
68
120
169
204
232
252
269
280
281
273
265
256
237
220
212
206
200
202
203
197
188
173
160
143
120
91
68
38
7
-10
-25
-32
-34
-35
-21
-8
14
30
35
40
36
32
18
-2
-23
-44
-57
-57
-55
-50
-17
21
54
100
154
206
251
291
322
343
355
353
321
298
262
209
166
133
91
47
18
-11
-41
-49
-55
-62
-59
-63
-71
-81
-81
-99
-129
-152
-178
-222
-262
-301
-344
-370
-376
-382
-373
-357
-334
-307
-272
-225
-190
-147
-107
-87
-73
-64
-61
-52
-38
-36
-30
-5
28
64
101
146
184
223
268
299
328
340
336
315
287
255
210
170
129
85
52
19
-14
-37
-51
-62
-77
-91
-107
-124
-140
-170
-204
-237
-265
-291
-314
-329
-348
-361
-355
-331
-296
-253
-203
-147
-81
0
72
143
205
250
289
308
319
330
323
311
290
271
244
224
200
175
156
142
130
116
98
69
46
31
4
-30
-66
-98
-126
-154
-176
-212
-242
-270
-280
-293
-298
-295
-291
-274
-258
-240
-214
-192
-153
-115
-83
-56
-37
-21
2
24
42
55
68
72
73
86
100
106
119
135
146
169
197
211
236
260
274
287
296
309
304
284
259
212
184
156
111
62
22
-11
-44
-59
-84
-107
-126
-136
-155
-174
-184
-194
-199
-197
-191
-199
-195
-198
-194
-183
-166
-148
-132
-96
-56
-12
44
96
145
201
252
278
294
307
301
286
260
221
169
129
96
51
21
2
-16
-42
-53
-64
-75
-74
-83
-99
-115
-128
-158
-181
-192
-203
-219
-228
-228
-231
-223
-210
-192
-171
-153
-128
-102
-73
-54
-36
-26
-24
-24
-16
-15
-23
-28
-39
-48
-46
-32
-17
0
19
26
53
74
97
122
134
147
155
160
159
167
175
171
165
159
145
146
154
152
151
145
137
133
138
137
118
88
54
19
-17
-35
-63
-93
-105
-121
-123
-106
-88
-63
-27
12
38
58
85
101
115
130
136
125
113
101
90
78
71
55
41
33
15
5
-6
-12
-29
-36
-40
-53
-55
-54
-52
-54
-49
-46
-39
-29
-30
-39
-36
-35
-41
-43
-45
-53
-62
-69
-78
-96
-108
-112
-125
-133
-133
-134
-131
-129
-137
-141
-137
-141
-152
-164
-181
-196
-206
-214
-233
-235
-227
-219
-194
-154
-120
-76
-19
28
73
131
174
201
227
246
250
253
252
239
220
213
211
205
206
198
186
181
178
179
170
166
151
121
88
46
14
-21
-56
-95
-124
-147
-159
-157
-154
-144
-122
-99
-81
-62
-32
-18
-9
-3
-5
-8
-11
-19
-28
-31
-30
-28
-12
5
23
48
71
93
118
144
153
156
156
142
120
98
63
21
-14
-44
-78
-87
-90
-100
-105
-96
-86
-63
-30
-14
-6
-1
-7
-18
-36
-51
-78
-103
-108
-122
-130
-115
-101
-85
-46
-7
14
32
57
72
83
88
80
64
55
36
15
8
10
17
39
69
89
113
144
169
190
206
217
224
227
219
201
179
151
113
75
52
22
-5
-35
-66
-97
-127
-146
-170
-187
-201
-215
-223
-235
-254
-269
-281
-286
-282
-273
-258
-241
-216
-183
-141
-87
-35
14
53
84
108
130
153
157
156
152
137
128
117
100
92
83
85
92
102
98
85
74
50
18
-8
-30
-53
-90
-118
-140
-151
-144
-140
-127
-103
-73
-36
-1
32
54
77
94
98
96
92
88
77
71
68
60
60
60
55
64
74
91
97
114
132
136
144
141
146
149
138
123
111
104
102
106
105
100
103
96
96
104
115
120
105
94
73
50
27
-7
-39
-64
-92
-127
-151
-173
-182
-182
-174
-164
-151
-139
-132
-136
-130
-118
-118
-120
-125
-134
-146
-149
-144
-120
-93
-57
-29
7
41
73
106
125
134
141
125
95
61
32
5
-21
-40
-59
-63
-57
-45
-21
8
45
58
76
90
88
92
84
66
35
7
-29
-64
-92
-119
-141
-145
-145
-145
-128
-102
-81
-61
-31
-14
-6
0
2
-3
-4
-10
-28
-41
-43
-42
-29
-3
19
50
96
136
160
185
201
212
217
209
183
143
102
58
18
-16
-50
-82
-101
-104
-108
-98
-67
-47
-25
0
9
9
12
7
-10
-24
-46
-74
-100
-117
-127
-124
-108
-96
-70
-34
-7
24
55
84
97
103
94
74
57
31
6
-22
-34
-48
-52
-32
-10
25
72
114
156
196
233
256
264
259
238
202
164
114
63
17
-23
-53
-73
-77
-81
-70
-53
-40
-23
-13
-8
-16
-34
-52
-81
-116
-160
-193
-219
-237
-248
-246
-217
-177
-132
-87
-38
15
63
111
146
167
177
177
159
137
115
85
53
26
2
-25
-40
-51
-48
-46
-44
-51
-49
-55
-74
-84
-100
-114
-127
-152
-178
-195
-207
-207
-203
-180
-162
-148
-130
-108
-81
-56
-34
-26
-23
-22
-31
-46
-48
-48
-47
-41
-34
-24
-5
23
43
73
109
139
164
189
198
194
189
180
156
139
122
98
81
71
64
64
82
90
96
112
130
137
143
147
130
108
77
49
10
-23
-55
-93
-118
-131
-137
-141
-127
-117
-91
-53
-26
-2
24
42
60
80
92
95
98
96
97
93
88
80
83
86
97
100
107
105
90
76
53
33
6
-24
-61
-89
-117
-149
-171
-185
-189
-188
-181
-174
-164
-149
-141
-131
-122
-112
-123
-136
-141
-148
-157
-154
-154
-158
-147
-132
-113
-83
-44
-11
17
47
73
88
97
104
103
92
72
44
14
-12
-35
-40
-35
-23
-5
24
50
83
119
140
160
172
188
195
193
187
166
139
99
76
47
24
-7
-35
-56
-75
-77
-80
-77
-77
-66
-58
-54
-50
-53
-60
-62
-65
-72
-73
-73
-76
-81
-76
-61
-52
-31
-9
6
23
41
58
69
77
84
84
82
73
67
57
49
40
23
8
2
-1
-5
-1
-1
-2
-10
-14
-15
-28
-36
-47
-59
-73
-82
-92
-89
-80
-69
-56
-50
-40
-37
-25
-20
-5
7
14
14
8
6
-1
-10
-9
-7
0
5
11
18
31
44
54
69
78
104
118
137
150
160
166
170
187
190
199
196
193
187
177
162
150
134
116
99
75
52
23
1
-33
-52
-73
-93
-109
-125
-134
-150
-156
-169
-176
-185
-195
-198
-196
-198
-195
-188
-172
-161
-139
-114
-91
-57
-27
0
23
47
64
77
95
104
115
126
137
135
134
141
136
132
126
125
115
113
108
96
82
71
51
28
8
-17
-47
-71
-92
-115
-136
-143
-151
-159
-160
-155
-145
-137
-131
-126
-110
-97
-86
-78
-59
-44
-35
-16
-7
4
7
23
41
54
75
82
97
106
125
141
149
167
171
173
170
162
163
145
140
119
104
97
86
77
63
61
50
46
40
23
6
-9
-24
-49
-66
-92
-119
-139
-157
-166
-181
-189
-182
-185
-178
-170
-154
-142
-129
-113
-114
-105
-95
-85
-83
-67
-47
-30
-4
19
43
59
87
106
118
129
132
131
119
110
85
60
34
15
-6
-24
-33
-43
-54
-60
-59
-52
-45
-45
-45
-51
-50
-54
-69
-80
-94
-104
-113
-121
-124
-124
-114
-98
-80
-59
-42
-22
-1
17
36
46
54
55
54
50
44
38
34
28
24
23
24
32
35
42
54
65
77
82
91
95
102
100
96
90
82
77
63
60
56
53
48
38
29
13
2
-10
-23
-37
-55
-71
-82
-92
-96
-104
-97
-91
-76
-61
-48
-26
-10
4
9
17
18
15
10
0
-7
-12
-26
-37
-44
-43
-44
-41
-35
-36
-30
-24
-14
-4
2
10
13
16
18
18
16
17
19
14
-1
0
1
-2
4
11
12
16
25
33
36
37
43
45
49
50
43
39
29
22
6
-5
-10
-22
-28
-37
-41
-42
-44
-37
-28
-21
-7
7
16
25
30
41
51
60
63
71
79
90
98
103
111
105
104
98
88
72
59
52
38
24
12
-2
-6
-10
-13
-14
-11
-13
-24
-19
-19
-22
-27
-31
-37
-53
-58
-67
-77
-86
-89
-90
-97
-98
-96
-89
-74
-54
-36
-27
-19
-15
-11
0
1
1
3
2
-6
-12
-14
-17
-15
-11
-8
1
11
17
26
40
51
57
62
66
62
62
65
60
54
52
48
46
47
46
47
55
56
51
50
48
44
37
27
12
-2
-10
-25
-36
-39
-43
-50
-43
-34
-29
-17
-4
7
13
29
33
38
43
40
40
41
41
40
46
52
54
57
60
65
65
71
74
65
63
51
31
23
8
-16
-42
-62
-87
-105
-119
-131
-136
-130
-126
-124
-107
-96
-78
-65
-57
-52
-50
-49
-59
-68
-70
-76
-81
-86
-92
-102
-102
-97
-83
-67
-50
-31
-20
-7
0
2
2
5
3
-9
-18
-27
-38
-35
-32
-27
-17
-6
6
24
45
62
85
100
100
103
101
95
85
73
53
29
16
10
-2
-3
3
6
9
14
16
22
35
44
46
49
49
47
44
43
47
44
48
51
56
59
63
69
73
75
74
77
69
56
45
32
16
4
-9
-22
-26
-31
-32
-29
-28
-20
-14
-6
0
-2
1
-4
-13
-26
-40
-50
-65
-73
-77
-85
-90
-96
-94
-87
-79
-67
-58
-47
-43
-37
-43
-50
-55
-66
-82
-101
-109
-121
-125
-118
-118
-114
-99
-84
-66
-46
-26
-6
5
23
33
48
52
52
48
45
40
36
40
37
41
48
55
64
75
86
94
102
112
116
118
116
110
100
91
87
80
70
69
67
68
67
69
74
74
79
84
87
86
83
76
67
59
45
33
26
16
10
6
3
3
7
18
24
24
27
27
21
13
0
-19
-37
-58
-78
-92
-102
-108
-120
-119
-114
-109
-96
-85
-70
-51
-38
-29
-24
-22
-34
-40
-48
-64
-80
-91
-96
-103
-101
-94
-81
-67
-49
-37
-25
-15
-8
-6
-1
-1
-7
-13
-21
-25
-28
-32
-34
-33
-25
-18
0
21
36
56
74
88
93
97
98
93
90
86
78
77
73
60
52
52
43
31
29
27
23
23
24
19
17
16
6
-3
-5
-12
-16
-13
-8
-5
1
9
13
21
29
30
36
37
30
17
6
-13
-32
-45
-62
-81
-95
-102
-113
-119
-113
-111
-107
-95
-82
-70
-55
-41
-37
-34
-37
-46
-53
-59
-60
-59
-59
-52
-52
-43
-33
-29
-18
-12
-7
-3
2
2
-1
-2
-10
-18
-22
-32
-41
-43
-44
-46
-36
-27
-20
-8
9
18
30
46
58
66
80
88
92
102
109
113
115
118
116
114
111
107
95
88
81
74
69
62
56
50
50
49
45
47
52
51
56
59
59
62
67
70
64
58
51
40
36
25
10
-4
-16
-28
-35
-35
-40
-39
-33
-33
-31
-25
-24
-24
-21
-22
-30
-32
-38
-46
-53
-56
-60
-63
-59
-58
-59
-53
-41
-33
-28
-21
-20
-25
-27
-31
-37
-46
-57
-68
-84
-96
-110
-115
-118
-121
-119
-116
-115
-113
-109
-107
-96
-81
-70
-61
-51
-36
-27
-15
-1
12
23
34
41
46
50
59
65
69
74
67
63
60
60
53
50
51
54
56
57
60
61
68
72
71
68
64
62
63
58
49
43
35
29
20
11
0
-3
-3
-7
-10
-10
-5
0
6
8
5
4
8
10
10
10
12
18
19
23
26
32
40
47
48
52
54
53
53
50
48
45
41
33
21
7
-4
-14
-22
-32
-42
-51
-58
-62
-70
-73
-77
-86
-91
-93
-94
-94
-94
-90
-80
-68
-59
-46
-30
-19
-9
3
17
27
39
47
49
56
52
43
37
36
32
28
30
25
29
34
40
50
59
68
74
80
84
73
68
63
50
37
16
-6
-27
-43
-57
-74
-80
-81
-89
-87
-81
-74
-67
-57
-49
-51
-47
-44
-49
-54
-60
-66
-66
-59
-57
-54
-41
-30
-15
3
15
30
45
58
65
72
76
70
68
58
45
33
23
14
5
-1
-11
-20
-23
-27
-29
-35
-36
-40
-46
-49
-56
-62
-64
-65
-64
-61
-55
-50
-41
-29
-19
-3
9
18
29
39
46
51
57
57
50
46
40
32
34
35
35
36
44
47
51
62
68
71
75
73
66
62
56
41
27
13
1
-11
-24
-30
-35
-36
-37
-35
-31
-30
-29
-25
-23
-22
-21
-22
-24
-30
-33
-36
-37
-32
-27
-25
-16
-3
4
15
27
34
40
49
50
49
50
47
42
38
33
19
8
4
-2
-9
-12
-14
-14
-12
-14
-24
-26
-30
-39
-45
-46
-51
-56
-55
-58
-59
-54
-48
-40
-31
-22
-16
-6
5
13
19
25
21
19
16
14
9
4
2
-1
-3
-5
-5
0
7
16
22
31
35
38
41
38
30
22
15
2
-12
-20
-31
-36
-39
-40
-38
-37
-32
-32
-23
-18
-15
-7
-5
-7
-9
-14
-17
-19
-18
-21
-23
-20
-20
-16
-7
-2
5
13
24
30
38
44
45
49
52
52
51
47
40
35
32
32
27
23
20
19
18
17
17
15
13
7
-1
-6
-13
-18
-21
-25
-30
-30
-28
-30
-25
-16
-12
-5
8
15
18
24
31
35
41
46
45
52
57
56
61
66
66
69
72
72
68
69
68
61
55
45
31
18
8
-5
-19
-26
-38
-47
-50
-53
-55
-56
-53
-51
-47
-43
-43
-43
-40
-44
-48
-48
-47
-49
-47
-44
-43
-39
-32
-25
-19
-12
-8
-7
-3
-3
-8
-10
-17
-26
-32
-36
-40
-43
-41
-41
-41
-31
-25
-21
-11
-4
-1
0
2
-1
-5
-9
-19
-28
-35
-47
-54
-60
-64
-65
-64
-60
-57
-51
-45
-41
-37
-36
-35
-39
-37
-40
-43
-42
-43
-38
-30
-23
-13
0
17
32
49
65
76
87
95
99
99
98
92
81
72
62
51
43
34
29
24
25
23
25
30
29
26
28
24
18
11
0
-12
-22
-29
-37
-41
-44
-43
-39
-29
-18
-7
5
21
29
38
47
51
52
53
50
42
39
33
26
25
26
24
27
32
35
39
44
45
42
42
36
26
18
6
-8
-22
-33
-46
-55
-58
-64
-68
-64
-62
-59
-54
-48
-44
-42
-38
-40
-40
-41
-43
-48
-46
-46
-47
-41
-37
-33
-24
-13
-3
6
15
22
26
29
32
31
29
25
19
13
8
3
1
0
-2
-3
0
5
9
13
17
19
18
16
13
8
1
-6
-14
-23
-27
-30
-33
-33
-30
-28
-26
-20
-16
-11
-6
-3
-2
1
2
4
5
6
5
7
10
15
19
24
30
35
41
47
50
52
53
51
48
44
39
32
25
17
9
3
-5
-10
-17
-21
-27
-32
-34
-39
-42
-46
-48
-49
-51
-51
-54
-54
-54
-50
-48
-41
-35
-29
-21
-12
-4
5
15
21
28
33
35
39
43
43
43
43
40
37
39
37
37
36
34
32
31
31
29
26
23
15
9
4
-1
-7
-12
-17
-23
-24
-26
-27
-24
-23
-22
-20
-17
-15
-14
-10
-10
-9
-7
-6
-5
1
5
6
11
16
20
25
31
31
35
38
37
35
35
31
27
24
20
13
6
3
-4
-9
-10
-16
-21
-24
-28
-34
-37
-39
-44
-49
-52
-58
-61
-63
-65
-67
-64
-62
-62
-55
-49
-44
-35
-26
-22
-17
-9
-4
-2
3
5
3
5
8
8
10
15
14
17
19
21
24
29
31
31
32
31
27
25
23
18
14
12
8
4
1
-3
-7
-8
-9
-13
-12
-13
-17
-17
-16
-17
-16
-12
-12
-8
-1
4
8
16
23
27
35
42
47
52
58
59
61
65
64
64
65
65
59
58
56
52
50
47
40
33
27
18
7
2
-8
-19
-28
-34
-43
-48
-49
-54
-55
-51
-50
-47
-39
-35
-32
-25
-19
-19
-14
-11
-11
-10
-6
-5
-4
1
5
8
14
20
23
27
31
31
30
32
28
23
19
11
1
-5
-13
-22
-27
-33
-38
-40
-40
-42
-42
-40
-40
-44
-44
-46
-51
-52
-56
-60
-60
-60
-59
-56
-49
-42
-33
-21
-9
2
16
26
34
42
49
50
53
52
50
47
44
40
37
35
32
28
28
29
27
27
27
22
18
14
5
-2
-6
-14
-23
-29
-33
-36
-36
-32
-30
-26
-18
-12
-5
2
7
9
13
15
15
15
15
10
8
9
10
11
18
21
25
33
39
44
51
55
55
54
52
45
39
34
25
16
12
6
1
-2
-3
-5
-6
-5
-8
-10
-12
-18
-26
-33
-43
-54
-61
-66
-73
-75
-75
-76
-69
-59
-50
-38
-24
-13
-3
9
15
18
23
25
22
22
18
15
13
15
15
17
23
26
30
35
40
40
38
35
28
19
12
0
-13
-23
-33
-41
-42
-44
-44
-39
-32
-25
-14
-4
1
9
15
14
12
11
6
1
-3
-6
-12
-12
-10
-7
-1
8
15
22
31
37
41
45
44
39
34
28
18
11
5
-3
-7
-7
-6
-4
2
8
14
21
26
28
28
28
21
14
6
-6
-19
-26
-36
-44
-47
-49
-49
-44
-36
-31
-24
-16
-12
-8
-7
-8
-11
-14
-21
-29
-32
-35
-38
-37
-33
-31
-22
-12
-5
5
16
21
26
30
28
24
21
15
6
0
-6
-12
-14
-12
-12
-10
-2
4
10
19
25
26
29
32
26
22
18
8
-1
-5
-10
-16
-14
-14
-13
-6
1
5
13
21
23
24
28
23
18
16
11
2
-1
-5
-12
-12
-8
-7
-1
7
12
17
26
30
30
34
33
28
23
19
8
3
1
-4
-6
-2
-2
0
9
15
16
24
28
24
23
21
13
3
-3
-17
-27
-34
-43
-49
-50
-50
-53
-47
-42
-41
-37
-33
-33
-32
-29
-33
-38
-37
-38
-41
-39
-35
-33
-24
-13
-6
6
20
30
39
49
54
53
55
54
46
41
34
22
15
11
3
-2
-1
-1
-4
-1
1
-1
1
2
-3
-6
-8
-17
-23
-25
-30
-37
-34
-32
-33
-25
-16
-11
0
11
16
20
29
29
27
27
23
17
14
10
3
3
6
5
9
17
21
25
34
38
39
43
41
34
31
25
13
7
3
-5
-12
-13
-18
-19
-17
-17
-18
-16
-15
-21
-22
-24
-31
-37
-41
-49
-55
-56
-57
-58
-54
-47
-43
-32
-21
-12
-2
9
17
22
29
30
30
33
32
28
28
28
24
25
27
27
28
30
29
26
27
24
17
13
9
-1
-9
-15
-24
-30
-31
-35
-37
-33
-30
-29
-21
-16
-12
-7
-1
1
2
5
5
5
8
8
8
11
15
18
24
32
34
39
43
45
44
46
44
39
37
31
23
16
11
6
2
1
-3
-5
-5
-6
-9
-9
-11
-14
-17
-21
-27
-31
-34
-39
-42
-40
-41
-41
-38
-32
-28
-23
-15
-11
-6
-2
2
4
9
9
7
9
10
8
8
11
9
10
12
11
12
14
13
11
12
9
5
2
-2
-6
-9
-11
-16
-18
-19
-21
-22
-19
-18
-18
-15
-12
-12
-10
-8
-7
-8
-4
-6
-9
-8
-6
-7
-4
-2
0
3
9
11
14
21
24
24
27
29
26
28
29
25
22
22
19
17
18
17
15
16
17
12
13
12
9
7
6
1
-3
-4
-7
-12
-11
-11
-14
-11
-9
-8
-4
1
2
6
10
10
9
12
12
10
12
12
5
5
6
3
2
3
2
0
3
2
-1
2
1
-3
-3
-4
-7
-8
-5
-9
-10
-7
-8
-8
-5
-2
-3
1
3
0
1
3
0
-2
0
-5
-10
-10
-12
-16
-15
-16
-19
-20
-20
-23
-24
-20
-22
-22
-19
-19
-21
-17
-15
-17
-15
-11
-13
-10
-7
-7
-6
-2
-2
-3
0
2
-1
1
3
1
2
3
0
0
3
1
0
2
4
3
6
8
7
11
16
14
14
18
17
17
20
19
15
16
16
12
11
13
8
6
8
3
1
4
3
1
3
1
-2
0
1
-1
1
4
3
3
7
8
9
13
16
14
18
20
18
18
21
19
17
20
18
14
16
15
10
10
9
3
4
4
0
-3
-2
-6
-10
-10
-12
-14
-14
-14
-19
-19
-18
-21
-22
-19
-21
-21
-19
-20
-22
-20
-20
-21
-18
-16
-17
-15
-12
-11
-10
-4
-3
-2
3
5
4
7
9
8
7
9
8
7
8
5
3
3
2
-1
0
0
-2
-1
-1
-3
-4
-3
-4
-8
-7
-7
-10
-8
-8
-9
-8
-5
-6
-4
1
1
1
5
5
4
5
4
1
1
1
-3
-6
-5
-7
-9
-7
-5
-5
-1
2
1
5
9
9
12
15
16
14
15
13
11
12
12
11
13
15
14
15
19
18
20
21
20
17
16
14
7
3
-1
-6
-10
-12
-15
-17
-17
-16
-16
-13
-10
-8
-4
0
0
0
1
-1
-3
-3
-4
-5
-5
-5
-6
-5
-1
1
5
11
14
16
20
22
22
24
25
22
20
17
15
11
11
7
6
7
6
6
8
10
9
10
10
7
4
1
-3
-9
-12
-17
-24
-28
-30
-33
-32
-29
-27
-24
-21
-18
-15
-10
-7
-5
-1
0
0
1
1
-2
-1
0
-1
0
2
4
5
7
10
12
14
15
13
11
10
5
1
-4
-7
-13
-13
-15
-17
-16
-16
-15
-14
-10
-8
-5
-1
-2
-3
-2
-4
-7
-9
-10
-14
-16
-15
-18
-18
-16
-15
-13
-7
-4
-1
3
6
5
7
8
7
5
7
7
6
8
10
12
16
19
21
26
29
30
31
32
30
27
24
19
12
8
3
-5
-8
-12
-17
-18
-18
-17
-15
-11
-10
-9
-7
-5
-6
-4
-3
-5
-5
-4
-6
-6
-3
-1
2
6
9
11
16
20
22
23
26
25
23
22
17
13
12
8
2
2
2
0
2
5
5
7
9
9
9
9
6
2
-1
-6
-12
-17
-20
-26
-29
-30
-32
-33
-31
-28
-27
-22
-19
-17
-13
-9
-10
-7
-6
-7
-6
-4
-4
-2
1
4
6
9
13
16
20
24
26
25
27
23
21
18
13
8
4
-1
-7
-13
-15
-18
-19
-20
-20
-20
-18
-17
-17
-16
-17
-18
-19
-19
-19
-19
-18
-18
-17
-15
-14
-11
-6
-1
2
6
11
13
17
19
21
22
23
23
24
23
23
22
21
21
21
21
23
24
25
26
25
25
24
22
21
19
16
11
6
4
0
-5
-8
-13
-16
-19
-21
-22
-23
-23
-22
-20
-19
-18
-17
-16
-12
-10
-8
-4
-2
2
6
11
14
19
21
24
27
28
30
32
33
31
30
28
26
23
19
15
10
6
2
-2
-6
-10
-12
-14
-17
-18
-19
-20
-21
-22
-23
-22
-23
-23
-24
-25
-25
-25
-26
-26
-25
-23
-22
-21
-20
-19
-18
-16
-12
-10
-7
-4
-2
-1
2
3
4
6
8
9
10
12
12
13
13
14
12
12
11
9
8
7
3
0
-2
-6
-8
-10
-13
-16
-16
-18
-19
-19
-17
-17
-14
-13
-13
-11
-9
-7
-5
-2
0
1
4
7
8
10
13
14
16
17
18
19
22
22
23
24
24
22
22
22
20
19
17
17
17
16
15
15
15
15
15
14
13
13
13
13
12
11
11
9
10
7
6
4
4
3
2
2
1
2
0
2
2
1
3
2
2
3
3
2
3
4
4
5
7
7
7
8
8
7
7
7
6
7
7
4
4
2
-2
-5
-5
-8
-12
-12
-14
-17
-17
-16
-17
-16
-16
-16
-16
-14
-15
-17
-15
-15
-17
-16
-16
-15
-14
-12
-11
-10
-9
-8
-8
-5
-4
-4
-3
-3
-4
-4
-4
-5
-7
-7
-10
-11
-12
-10
-10
-9
-7
-6
-4
-2
-3
-2
-1
-3
-3
-4
-5
-6
-7
-8
-8
-8
-7
-6
-3
-1
1
3
6
8
9
10
11
11
12
12
10
10
10
10
10
12
13
15
17
19
21
23
24
23
23
22
19
16
13
10
6
5
2
0
1
0
-1
1
3
2
4
5
5
5
8
6
4
3
2
-2
-2
-2
-5
-4
-1
-1
1
4
6
7
11
11
9
10
8
5
2
0
-4
-9
-9
-10
-13
-11
-10
-11
-9
-6
-7
-7
-4
-5
-7
-8
-11
-15
-17
-18
-23
-25
-25
-28
-28
-26
-24
-23
-20
-17
-15
-13
-10
-11
-10
-8
-9
-11
-11
-14
-15
-12
-10
-9
-5
-2
1
5
8
9
11
13
12
11
10
7
4
2
1
-2
-2
-2
-4
-3
-1
-1
1
3
3
5
6
5
3
3
2
-1
-2
-2
-4
-4
-2
-2
1
4
7
9
12
15
14
15
16
15
16
17
14
14
13
12
11
11
12
11
12
13
13
14
16
15
13
13
10
5
2
1
-4
-6
-7
-11
-13
-13
-13
-12
-12
-12
-12
-10
-10
-11
-11
-10
-12
-12
-12
-13
-14
-13
-13
-12
-10
-8
-6
-4
-1
0
1
3
4
5
6
7
5
4
3
2
1
1
0
0
0
-1
-1
0
0
0
1
-1
-3
-4
-7
-10
-12
-12
-13
-14
-14
-13
-13
-12
-10
-9
-7
-5
-4
-2
0
0
0
2
3
2
4
6
5
6
8
9
10
13
15
15
18
18
17
17
17
15
15
14
11
8
7
4
2
2
0
-2
-2
-3
-4
-3
-3
-5
-6
-5
-8
-11
-10
-11
-13
-12
-12
-14
-13
-12
-11
-9
-6
-6
-4
-1
1
0
5
6
5
8
10
8
8
10
8
9
11
10
9
10
11
9
10
10
7
5
5
2
0
1
-3
-6
-7
-10
-13
-14
-15
-18
-16
-16
-18
-16
-15
-15
-15
-12
-12
-14
-10
-10
-12
-8
-5
-7
-6
-1
-2
0
5
7
9
14
16
15
18
21
19
22
24
20
19
20
16
12
14
11
7
9
7
3
4
5
1
1
3
1
-3
-3
-5
-9
-9
-12
-15
-14
-14
-16
-16
-12
-13
-11
-7
-5
-5
-1
1
0
4
5
5
6
8
6
5
9
9
10
14
14
14
17
19
17
18
20
18
18
19
14
12
13
10
5
6
5
1
2
2
-1
-1
0
-2
-3
-1
-5
-7
-6
-7
-10
-8
-7
-11
-10
-9
-11
-10
-5
-4
-4
-1
1
-1
2
4
3
6
8
6
7
8
8
8
13
14
14
15
16
14
17
19
16
16
17
13
11
12
9
6
7
6
4
4
4
1
-1
1
-3
-4
-4
-7
-10
-9
-11
-15
-14
-13
-17
-15
-13
-15
-14
-10
-9
-8
-3
-1
-1
1
3
1
4
8
7
10
13
12
13
17
18
17
20
21
19
20
19
16
15
15
11
10
10
7
4
3
1
-2
-2
-3
-6
-6
-7
-10
-13
-11
-13
-14
-13
-14
-18
-17
-16
-17
-14
-10
-10
-8
-5
-4
-3
2
4
4
8
11
11
13
15
14
16
18
16
17
19
19
18
18
18
15
14
13
11
10
8
6
3
1
1
-3
-3
-6
-8
-8
-9
-11
-11
-11
-14
-14
-13
-12
-12
-12
-9
-9
-7
-5
-5
-3
0
1
2
5
6
5
7
9
7
7
8
7
8
9
9
10
10
9
8
5
6
5
5
4
2
0
-2
-4
-7
-9
-9
-12
-12
-14
-14
-14
-13
-11
-12
-11
-12
-11
-10
-10
-10
-10
-9
-8
-7
-5
-6
-5
-4
-1
-1
1
2
1
4
5
4
5
5
4
3
4
1
-1
2
-1
-3
-1
-1
-3
-4
-2
-4
-5
-4
-4
-5
-4
-4
-6
-5
-3
-6
-5
-3
-4
-4
-3
-2
-1
2
3
1
4
6
5
7
10
10
10
12
12
11
13
12
10
11
10
7
7
8
6
5
7
5
4
5
3
1
2
1
-2
-2
0
-4
-3
-2
-6
-7
-7
-7
-9
-6
-6
-8
-4
-2
-4
-1
1
-1
1
3
2
1
4
3
1
3
5
2
4
6
2
1
2
-1
-2
1
-1
-3
-2
-3
-7
-6
-7
-10
-11
-11
-13
-15
-12
-13
-16
-13
-13
-17
-15
-14
-17
-14
-10
-12
-10
-7
-7
-9
-4
-2
-5
0
1
-1
1
4
4
4
9
6
4
7
6
3
6
7
5
5
7
3
2
3
1
-2
-1
-4
-7
-6
-5
-8
-4
-4
-7
-7
-5
-7
-7
-3
-4
-4
-1
0
-3
0
1
0
1
4
4
6
9
9
9
13
13
11
15
15
12
13
14
12
11
13
10
9
11
8
4
6
6
3
4
5
1
2
2
-1
-2
-1
-4
-8
-6
-7
-8
-7
-6
-8
-7
-5
-7
-6
-2
-4
-5
-2
-1
-3
0
2
1
3
6
3
3
4
3
1
5
5
4
5
4
2
3
3
0
-1
-1
-3
-5
-4
-7
-10
-10
-12
-16
-16
-17
-19
-19
-16
-18
-18
-15
-15
-16
-14
-14
-13
-11
-9
-11
-10
-6
-5
-5
-2
-1
-1
1
2
2
4
5
4
6
8
5
5
4
2
0
-1
0
-1
-1
-1
-3
-1
-2
-4
-5
-5
-6
-7
-5
-6
-7
-6
-7
-8
-5
-6
-8
-7
-5
-4
-4
-1
-1
1
4
5
5
8
7
5
6
7
6
6
10
9
8
11
11
10
10
10
9
10
10
8
8
8
6
5
6
5
1
1
0
-2
-2
-1
-2
-3
0
-2
-2
0
0
0
0
1
-1
1
2
1
2
4
3
3
4
4
4
6
6
5
6
5
4
5
4
4
4
4
2
0
1
0
-3
-2
-4
-6
-6
-7
-9
-9
-9
-11
-11
-9
-11
-11
-10
-10
-11
-10
-10
-12
-11
-10
-11
-10
-6
-7
-6
-3
-3
-2
0
1
1
1
3
1
1
3
1
1
3
4
3
4
5
4
4
3
2
1
1
0
-1
-1
-2
-2
-2
-2
-3
-2
-3
-4
-4
-1
-3
-3
-4
-2
-2
0
0
0
1
1
0
2
3
1
2
3
3
4
5
5
5
6
7
7
8
9
7
8
8
7
7
9
7
6
7
7
7
9
8
7
7
6
6
4
6
4
3
4
3
2
3
2
1
3
2
2
2
2
1
1
3
1
0
1
1
0
1
2
0
2
3
1
2
2
1
1
2
3
2
3
4
1
3
3
1
1
0
0
-2
-2
-2
-4
-3
-3
-4
-3
-4
-5
-4
-4
-6
-7
-7
-7
-9
-7
-8
-9
-8
-8
-9
-8
-7
-7
-8
-5
-6
-6
-4
-4
-5
-4
-3
-2
-2
0
0
-1
0
0
0
0
0
-1
0
0
0
1
2
0
2
2
0
-1
0
-1
-3
-1
-2
-4
-3
-3
-4
-3
-2
-2
-2
0
-2
-2
0
-1
-2
-2
0
-1
-1
1
0
2
5
4
4
5
5
5
7
8
7
7
10
8
8
9
8
8
8
8
6
6
7
4
3
3
1
2
3
1
1
2
2
1
1
1
0
-1
-1
-2
-3
-2
-2
-3
-1
1
-1
2
1
2
2
3
2
3
4
3
2
3
2
1
2
1
1
2
2
2
3
3
3
3
3
2
0
2
0
-1
0
-1
-2
-3
-3
-4
-5
-3
-5
-6
-5
-6
-5
-5
-3
-5
-5
-3
-3
-4
-3
-4
-4
-3
-3
-4
-3
-2
-3
-2
-2
-1
-1
1
1
1
3
2
2
2
3
2
2
3
1
2
2
0
-1
0
1
0
0
1
0
1
1
1
0
2
1
-1
-1
-2
-3
-2
-3
-3
-2
-2
-2
-1
0
-1
-1
1
0
0
1
0
-1
0
1
-1
0
0
-1
0
1
1
2
3
2
4
5
6
6
5
5
4
4
3
2
0
1
0
0
1
1
0
1
3
3
2
4
3
3
5
3
2
2
1
0
1
1
-1
-2
-1
-1
-1
0
0
0
1
2
2
2
3
2
2
2
2
0
0
-1
-3
-2
-1
-2
-2
-2
-3
-2
-2
-2
-3
-2
-3
-4
-4
-4
-6
-6
-6
-7
-7
-6
-7
-7
-6
-6
-5
-4
-3
-6
-5
-4
-4
-4
-4
-3
-4
-3
-3
-5
-4
-3
-2
-1
0
0
0
2
1
1
2
1
0
0
1
-1
0
0
-1
-1
1
0
0
1
3
2
3
3
2
3
3
2
2
2
1
0
1
-1
-2
0
-1
-1
0
1
1
0
3
2
2
4
3
2
3
0
-1
0
1
0
2
3
2
2
3
3
2
4
3
3
4
3
2
0
1
0
-1
0
0
0
2
3
3
3
4
2
2
4
4
3
4
2
1
1
1
0
0
1
1
1
2
1
1
2
2
3
3
3
0
0
