4
3
4
3
3
3
2
1
-1
-1
-1
0
1
1
2
1
1
-1
-1
-2
-3
-4
-4
-5
-6
-6
-4
-3
-1
-2
-3
-3
-4
-6
-6
-7
-7
-7
-8
-6
-6
-4
-2
0
0
-1
-2
-4
-5
-6
-6
-7
-4
-3
-1
1
1
1
2
3
2
2
0
-2
-2
-2
-1
1
3
5
6
5
5
6
6
5
5
3
3
1
1
1
3
4
5
5
6
5
4
3
3
2
2
1
1
0
0
1
3
4
4
4
2
1
0
0
-1
-1
0
0
1
1
2
2
2
2
2
0
0
-1
-2
-1
0
0
2
3
3
3
2
2
1
0
0
-2
-3
-4
-4
-4
-4
-2
-1
-1
0
-2
-2
-3
-4
-3
-3
-3
-4
-4
-3
-2
-1
0
1
1
0
-1
-2
-3
-4
-3
-4
-2
-1
-1
-1
0
0
0
1
0
-2
-2
-2
-3
-2
-1
1
1
1
1
1
1
1
1
0
-1
-3
-4
-4
-4
-4
-3
-2
-1
-1
-1
-1
-2
-2
-1
-3
-3
-4
-4
-3
-2
0
1
1
1
0
0
-2
-2
-2
-3
-2
-2
-1
-1
0
-1
1
2
3
3
2
1
-1
1
3
3
6
5
5
4
4
4
6
4
4
3
2
1
1
0
1
3
4
5
6
5
5
5
5
5
6
5
3
2
2
2
2
3
3
4
4
1
0
1
0
-1
0
-1
-1
-3
-3
-3
-2
-1
-1
-1
-2
-4
-5
-5
-4
-4
-2
-2
-1
-2
-1
-1
-2
0
-1
0
-2
-4
-5
-6
-6
-4
-3
-2
-3
-2
-2
-1
0
1
2
3
4
3
2
4
5
5
5
6
5
4
4
2
2
1
1
1
1
1
1
2
2
2
2
2
2
0
0
-1
-1
-1
-1
1
2
2
2
1
0
0
-1
-2
-3
-5
-6
-9
-8
-7
-5
-4
-4
-4
-3
-2
-1
-1
-3
-4
-5
-7
-8
-8
-7
-6
-6
-5
-4
-4
-4
-2
-3
-2
-4
-4
-6
-6
-7
-6
-6
-7
-7
-7
-7
-5
-4
-4
-3
-2
0
0
2
4
4
5
5
3
3
2
2
1
1
1
1
2
2
3
5
6
7
7
6
5
3
3
3
4
5
6
5
5
6
7
8
9
7
7
3
1
-1
-2
-1
-1
0
0
-2
-1
1
2
3
6
6
5
4
3
1
1
0
-1
-2
-2
-2
-3
-2
-2
-2
-2
-2
-1
0
-1
-2
-2
-2
-2
-3
-5
-6
-6
-8
-7
-7
-7
-4
-6
-6
-6
-5
-4
-4
-3
-2
-3
-4
-6
-6
-7
-7
-6
-5
-4
-4
-5
-4
-4
-3
-2
-1
0
-1
-2
-2
0
0
2
3
4
6
6
6
7
8
6
7
5
3
1
2
2
2
3
3
4
4
3
4
5
5
3
5
6
5
5
3
2
2
2
1
2
1
0
-1
-1
0
-1
-1
-1
-3
-2
-2
-3
-4
-3
-2
-2
-3
-2
-3
-4
-4
-4
-5
-5
-3
-5
-5
-4
-4
-4
-4
-3
-3
-3
-2
-1
-1
-1
-3
-3
-3
-2
-4
-4
-4
-3
-4
-4
-2
-2
-1
1
0
1
2
3
3
3
5
3
1
1
0
0
0
0
0
0
1
1
1
2
1
2
1
0
-1
0
0
-1
0
0
0
1
1
1
1
2
2
1
1
-1
-2
-1
0
0
-1
-2
-1
-1
-1
0
0
2
2
0
-1
0
-1
-1
-1
0
-1
0
-1
-2
-2
-1
1
1
1
1
1
1
1
-1
1
0
-1
-1
0
-1
-1
0
1
1
1
2
2
2
3
3
2
3
2
3
2
2
1
1
2
1
1
1
2
2
1
3
1
1
2
2
2
3
2
3
3
4
5
4
3
3
2
2
2
2
2
2
0
2
2
0
0
2
3
3
4
5
4
3
4
4
4
3
4
3
3
4
3
3
4
3
2
3
2
1
2
3
2
1
1
-1
-1
-1
-1
-1
-1
0
0
0
0
0
0
0
0
-2
-1
-2
-2
-2
-2
-2
-3
-2
-2
-2
-1
1
-1
0
-1
-1
-2
-3
-4
-5
-5
-4
-4
-2
-1
0
0
0
0
-1
0
1
-1
-2
-4
-6
-7
-6
-7
-7
-6
-6
-5
-5
-5
-5
-3
-2
-4
-4
-6
-7
-8
-8
-8
-9
-9
-8
-8
-7
-7
-7
-6
-4
-4
-4
-3
-3
-2
-4
-5
-4
-5
-4
-4
-3
-1
-2
-3
-2
-1
-1
0
1
1
1
1
0
0
1
1
1
3
2
3
3
2
3
2
4
4
3
2
1
1
1
1
0
1
1
2
2
3
3
4
5
6
6
6
5
4
5
5
3
2
2
1
0
0
1
2
3
4
4
4
4
5
5
3
3
3
2
2
0
0
-1
-1
0
-1
0
0
2
2
2
3
3
2
1
2
1
1
1
1
1
2
2
2
3
3
2
3
3
2
1
1
2
2
2
2
2
3
3
3
4
5
5
5
5
5
4
4
3
3
3
2
2
3
2
2
2
2
2
2
3
3
3
2
2
2
2
1
1
1
0
0
0
0
0
-1
0
-1
-1
0
0
-1
0
0
-1
-1
-1
-2
-3
-4
-3
-3
-6
-6
-5
-6
-5
-5
-6
-5
-5
-4
-5
-5
-4
-3
-3
-5
-6
-5
-5
-4
-4
-5
-5
-4
-4
-4
-4
-4
-5
-4
-4
-4
-4
-4
-3
-3
-1
0
0
0
0
1
1
1
0
1
1
0
0
0
0
1
1
1
2
1
2
1
3
3
3
3
3
3
3
3
3
3
2
3
3
4
3
4
4
4
4
4
4
4
3
4
4
3
3
3
3
2
3
2
1
1
2
1
2
1
1
0
0
-1
-1
0
-1
-2
-2
-2
-2
-1
-1
-2
-2
-2
-2
-2
-3
-3
-3
-3
-5
-5
-5
-5
-5
-5
-5
-6
-6
-5
-5
-3
-4
-4
-4
-3
-4
-4
-4
-4
-4
-4
-4
-4
-4
-3
-3
-3
-3
-3
-4
-4
-3
-2
-2
-3
-3
-4
-4
-4
-4
-3
-4
-5
-5
-5
-5
-3
-1
-2
-2
-2
-1
-2
-2
-1
0
0
0
-2
0
0
0
2
1
1
1
1
1
1
1
3
3
4
4
4
6
6
6
7
5
5
5
4
4
4
5
4
4
3
1
3
3
2
4
4
3
3
3
2
3
4
3
4
5
2
1
2
2
3
2
2
0
1
1
1
2
3
2
2
3
2
3
4
4
3
4
3
2
4
5
4
6
5
2
4
3
2
4
4
3
3
5
1
3
4
1
1
3
1
0
2
1
-1
1
-2
-3
-1
-2
-5
-2
-2
-4
-3
-2
-5
-4
-3
-6
-4
-4
-6
-5
-5
-8
-8
-6
-10
-8
-5
-7
-8
-5
-8
-8
-4
-4
-6
-3
-4
-7
-3
-2
-3
0
1
-4
-1
0
-2
0
2
-1
0
2
0
-1
3
2
-1
4
3
1
5
3
1
3
3
0
3
1
-2
2
2
-1
1
3
-1
-2
2
-1
-1
2
0
0
3
0
-2
3
1
-1
2
1
-3
2
1
-3
2
1
-3
1
3
0
1
5
0
1
6
0
-1
3
0
0
5
0
-2
2
1
0
4
3
-1
3
3
-1
4
5
0
3
5
0
2
5
1
2
4
1
2
5
2
1
4
3
0
4
2
-1
4
3
0
3
1
-1
1
2
-2
1
3
-1
0
3
-1
-2
1
-4
-5
-1
-3
-6
-3
-4
-7
-3
-4
-7
-4
-3
-5
-2
-2
-5
-1
1
-4
-3
0
-4
-3
-3
-6
-5
-2
-5
-5
-2
-2
-1
1
2
2
5
5
3
5
4
1
2
2
-1
0
2
-1
-1
2
1
0
3
-2
-3
1
-2
-3
-2
-3
-5
-2
-3
-4
-1
1
0
3
1
0
2
1
-2
-2
-2
-3
-2
-3
-3
0
2
1
1
2
2
0
1
1
-1
1
2
0
1
3
0
3
4
0
3
6
2
5
7
2
4
6
1
2
5
0
0
3
-2
0
7
7
10
13
14
14
16
15
14
14
14
13
8
9
10
7
10
11
5
6
5
-3
-4
-3
-11
-8
-6
-11
-7
0
-1
6
11
4
9
10
0
-2
-1
-11
-11
-10
-18
-15
-10
-12
-9
-4
-5
-2
0
-5
-6
-4
-6
-7
-12
-13
-14
-19
-20
-25
-29
-26
-26
-30
-26
-22
-21
-14
-9
-11
-4
1
-2
0
0
-4
-1
-1
-7
-5
-4
-5
-2
-3
-5
0
1
-1
0
0
2
8
10
14
21
25
30
32
30
31
28
23
19
14
10
11
8
7
13
15
17
24
24
24
26
23
18
15
6
0
0
-5
-7
-6
-8
-3
-1
-2
0
0
-6
-5
-9
-18
-16
-19
-29
-26
-28
-36
-30
-31
-37
-29
-24
-28
-24
-22
-27
-21
-18
-26
-27
-25
-28
-28
-30
-35
-35
-28
-21
-19
-14
-4
6
14
20
20
24
34
35
31
38
44
51
66
69
71
91
98
91
94
85
79
88
80
69
77
81
80
94
101
99
110
108
89
80
72
53
37
26
10
4
9
9
5
6
7
6
10
8
1
8
11
0
5
10
-3
-6
-8
-22
-26
-22
-43
-58
-52
-64
-73
-75
-95
-110
-114
-135
-150
-152
-170
-187
-185
-192
-197
-177
-172
-170
-148
-139
-137
-119
-100
-101
-86
-78
-82
-80
-72
-78
-84
-71
-70
-74
-64
-62
-70
-54
-36
-38
-24
9
35
64
103
132
171
215
237
240
238
225
211
197
177
166
166
160
155
162
181
207
224
235
250
279
310
334
337
329
329
323
302
273
246
206
164
122
94
74
68
64
43
35
36
33
25
20
-9
-54
-87
-119
-156
-191
-225
-262
-291
-325
-365
-403
-418
-428
-448
-478
-497
-499
-491
-486
-489
-447
-367
-296
-265
-260
-256
-224
-196
-229
-274
-280
-275
-299
-321
-357
-356
-313
-269
-217
-118
35
218
415
582
737
845
864
802
714
594
458
323
174
59
9
7
37
119
208
297
380
442
492
520
526
504
472
426
401
398
383
369
372
363
334
299
236
168
92
-17
-151
-237
-290
-339
-356
-357
-348
-305
-245
-228
-197
-167
-178
-204
-256
-354
-434
-481
-572
-664
-725
-765
-779
-755
-740
-719
-668
-645
-611
-550
-496
-464
-436
-413
-369
-320
-313
-331
-326
-284
-257
-287
-341
-350
-303
-200
-62
152
509
900
1146
1232
1241
1228
1188
996
638
343
134
-91
-258
-323
-304
-148
64
183
324
526
666
731
721
600
520
500
426
346
313
320
382
443
410
389
391
312
169
7
-145
-254
-351
-458
-471
-385
-258
-130
-38
39
153
263
298
272
205
144
84
-25
-147
-255
-342
-406
-469
-534
-549
-509
-488
-476
-430
-388
-369
-347
-371
-437
-491
-550
-649
-719
-772
-838
-830
-781
-735
-639
-485
-338
-160
-4
41
23
88
190
322
591
974
1257
1283
1145
1000
960
794
331
-197
-456
-631
-902
-1066
-961
-583
-129
106
205
533
934
1075
1028
857
630
503
377
154
25
38
80
175
265
293
414
540
427
199
32
-102
-212
-318
-454
-437
-244
-47
88
212
350
512
653
668
597
477
323
156
9
-119
-237
-314
-373
-411
-392
-340
-347
-399
-444
-461
-474
-533
-658
-805
-903
-968
-1038
-1138
-1225
-1268
-1234
-1156
-1093
-1031
-905
-731
-523
-304
-163
-117
-89
-29
23
96
162
345
854
1443
1568
1314
1137
1211
1225
729
-107
-472
-361
-585
-1018
-1079
-603
80
473
390
563
1205
1523
1340
1054
845
733
676
380
133
153
204
284
421
397
337
565
677
425
60
-190
-229
-176
-285
-432
-226
210
523
612
650
776
983
1061
887
622
463
364
181
27
-13
-33
-56
-41
-69
-39
66
59
-88
-202
-248
-293
-383
-627
-860
-922
-931
-1030
-1162
-1255
-1287
-1227
-1198
-1274
-1363
-1306
-1195
-1090
-981
-899
-834
-704
-543
-480
-418
-393
-407
-403
-309
-151
100
488
992
1331
1239
938
813
865
650
4
-572
-579
-503
-753
-985
-761
-167
361
364
170
483
924
890
569
364
312
428
415
250
320
510
613
737
785
615
605
677
481
112
-181
-296
-228
-204
-371
-339
16
365
568
741
908
1147
1384
1421
1291
1196
1120
949
775
584
351
139
-65
-259
-350
-398
-494
-542
-560
-525
-365
-270
-369
-454
-457
-488
-579
-785
-1044
-1177
-1241
-1384
-1489
-1584
-1698
-1643
-1506
-1433
-1279
-1062
-965
-831
-658
-585
-517
-451
-509
-513
-422
-303
79
637
1133
1619
1976
1823
1472
1264
1005
572
-48
-621
-839
-826
-906
-821
-358
205
645
805
825
1059
1306
1048
551
273
187
176
111
74
295
676
936
1134
1256
1190
1129
1030
659
159
-256
-543
-663
-689
-669
-407
118
604
952
1217
1417
1629
1776
1697
1464
1232
984
695
400
155
-29
-221
-432
-586
-655
-646
-581
-524
-421
-236
-87
-29
-74
-219
-360
-496
-834
-1275
-1594
-1821
-1948
-1996
-2063
-2093
-1959
-1769
-1530
-1301
-1167
-1047
-897
-748
-621
-538
-594
-640
-618
-553
-567
-673
-662
-268
332
816
1242
1592
1811
1822
1627
1328
1144
849
322
-127
-391
-518
-528
-486
-424
-146
81
37
55
233
296
253
268
319
520
759
935
1218
1567
1682
1681
1688
1508
1177
807
460
190
-118
-609
-820
-568
-311
-226
-68
396
1090
1560
1610
1736
2066
2331
2343
1918
1279
961
822
295
-369
-779
-991
-1014
-935
-970
-927
-589
-268
-114
-58
-56
-85
-141
-457
-947
-1252
-1491
-1895
-2279
-2483
-2597
-2596
-2479
-2393
-2177
-1705
-1249
-962
-724
-459
-233
-124
-185
-303
-438
-526
-531
-530
-540
-244
409
1098
1566
1661
1615
1606
1444
923
436
58
-284
-546
-843
-1047
-784
-285
-68
66
240
433
677
753
513
334
293
190
176
234
271
476
820
977
1082
1186
1146
959
703
254
-118
97
547
454
55
75
432
916
999
618
711
1473
1569
1275
1174
959
1108
1563
999
102
289
315
-90
-231
-582
-1023
-706
-612
-980
-756
-503
-594
-430
-350
-625
-511
-573
-1302
-1788
-1867
-2219
-2684
-2858
-2914
-2716
-2256
-1836
-1549
-1088
-575
-134
138
212
197
193
25
-332
-458
-343
-46
534
1356
1823
1976
2079
2077
1854
1433
881
274
-131
-571
-977
-1125
-859
-437
-63
118
186
502
816
720
382
252
124
63
141
216
352
785
1203
1472
1712
1729
1593
1367
862
192
-13
123
-22
-466
-730
-549
-5
387
289
363
1003
1492
1486
1459
1397
1552
1906
1651
865
659
712
389
92
-324
-795
-816
-751
-1113
-1176
-991
-940
-722
-554
-662
-528
-356
-813
-1361
-1615
-1940
-2383
-2819
-3207
-3182
-2796
-2484
-2193
-1772
-1244
-596
-87
3
100
330
332
29
-329
-521
-392
80
671
1269
1683
1949
2128
1984
1486
897
417
-198
-783
-1244
-1437
-1246
-741
-195
251
606
864
1146
1186
868
415
18
-405
-686
-731
-613
-235
373
963
1490
1952
2200
2192
1909
1221
531
322
180
-427
-978
-1100
-844
-337
-81
-81
547
1446
1668
1836
1982
1978
2313
2535
1670
1061
1156
763
236
-161
-844
-1232
-1064
-1401
-1712
-1433
-1269
-1113
-664
-537
-452
35
52
-469
-822
-1196
-1868
-2440
-2893
-3282
-3359
-3310
-3196
-2816
-2229
-1583
-822
-299
26
505
930
847
516
219
-51
98
475
904
1485
2028
2116
2010
1836
1427
1083
530
-422
-1069
-1188
-1326
-1295
-799
-204
449
946
1066
1202
1365
1044
401
-181
-726
-1002
-977
-918
-620
96
823
1431
1987
2324
2360
2114
1565
1067
742
97
-791
-1295
-1315
-1083
-878
-825
-430
484
1169
1481
1830
2247
2762
3140
2809
2089
1808
1589
1053
332
-495
-1151
-1401
-1618
-1927
-1914
-1659
-1344
-930
-577
-319
64
241
-83
-589
-998
-1517
-2184
-2864
-3321
-3521
-3592
-3580
-3394
-2967
-2344
-1596
-910
-346
151
599
876
921
809
823
1147
1642
2087
2366
2426
2338
2114
1642
994
412
-259
-1020
-1574
-1811
-1697
-1281
-747
-138
705
1400
1720
1934
1998
1680
1162
486
-276
-806
-1088
-1233
-990
-435
142
818
1492
1914
2146
2208
2013
1651
1023
99
-656
-962
-1117
-1300
-1340
-1017
-369
318
820
1265
1822
2508
2986
2998
2789
2669
2516
2159
1592
833
162
-340
-906
-1474
-1825
-2014
-2071
-1957
-1769
-1489
-1088
-769
-641
-593
-645
-896
-1352
-1910
-2387
-2741
-3046
-3317
-3447
-3330
-2955
-2534
-2156
-1697
-1181
-737
-353
-59
127
440
931
1555
2402
3282
3591
3377
2982
2514
1930
1069
-107
-1146
-1638
-2110
-2493
-2355
-1650
-726
213
798
1211
1937
2437
2286
1796
1269
641
113
-457
-964
-961
-578
-229
161
649
1053
1460
1588
1199
826
849
599
-65
-553
-763
-637
-495
-672
-703
10
537
781
1249
1642
2062
2779
2926
2490
2633
2695
2164
1657
1077
261
-115
-570
-1404
-1694
-1604
-1724
-1647
-1470
-1461
-1065
-582
-700
-1016
-1152
-1436
-1984
-2597
-3083
-3265
-3288
-3329
-3301
-3092
-2635
-2118
-1719
-1451
-1155
-798
-491
-377
-269
288
1217
2194
3052
3520
3480
3337
3095
2372
1238
155
-741
-1396
-2077
-2698
-2641
-1722
-683
62
729
1352
2050
2613
2564
2005
1561
1136
479
-129
-508
-583
-285
16
210
576
1053
1242
1252
1187
1093
998
636
-100
-732
-926
-994
-1132
-1212
-977
-405
273
725
1096
1718
2484
2952
2973
2833
2771
2777
2501
1793
979
422
-11
-566
-1158
-1564
-1621
-1471
-1333
-1263
-1107
-923
-778
-781
-962
-1246
-1578
-2003
-2487
-2832
-3046
-3125
-3085
-3001
-2830
-2430
-2091
-1880
-1605
-1355
-1216
-1079
-1004
-805
22
1114
2136
3041
3547
3518
3402
3112
2393
1560
437
-837
-1693
-2260
-2795
-2701
-1980
-1161
-120
847
1555
2354
2990
2882
2455
1944
1122
371
-236
-846
-1051
-780
-484
-36
626
1114
1378
1580
1607
1491
1076
278
-509
-959
-1253
-1491
-1520
-1221
-693
-191
228
614
1136
1787
2297
2357
2343
2521
2632
2584
2370
1929
1416
989
387
-310
-807
-1208
-1503
-1546
-1440
-1272
-919
-701
-740
-717
-698
-1024
-1540
-2005
-2438
-2705
-2912
-3140
-3210
-2967
-2714
-2461
-2206
-1974
-1680
-1437
-1427
-1417
-901
-3
1135
2352
3341
3808
3881
3600
3057
2350
1283
19
-1002
-1795
-2580
-2928
-2653
-1923
-1016
-136
540
1361
2265
2705
2676
2433
2070
1591
1039
324
-153
-237
-228
-174
101
476
856
1145
1138
1068
1110
922
362
-256
-766
-1025
-1019
-1086
-1054
-600
-89
245
595
886
1140
1578
1764
1550
1574
1788
1865
1934
1911
1644
1450
1209
558
-86
-519
-1051
-1515
-1708
-1768
-1590
-1204
-1039
-1050
-935
-952
-1271
-1690
-2184
-2680
-3017
-3214
-3278
-3068
-2665
-2324
-2018
-1676
-1408
-1289
-1378
-1540
-1430
-831
107
1246
2524
3416
3743
3638
3327
2822
2005
698
-725
-1658
-2405
-2916
-2920
-2299
-1319
-118
784
1392
2215
2859
2890
2501
1980
1355
911
461
-85
-294
-109
95
428
838
1067
1220
1297
1088
715
558
445
122
-377
-775
-903
-715
-538
-591
-503
-5
412
649
902
1031
1236
1607
1656
1384
1466
1605
1577
1544
1318
912
659
345
-248
-697
-1042
-1407
-1574
-1584
-1572
-1370
-1073
-1034
-1163
-1256
-1380
-1736
-2198
-2640
-2973
-3113
-3058
-2949
-2737
-2239
-1706
-1167
-799
-802
-933
-716
-466
-69
830
1914
2762
3322
3341
2925
2810
2430
1365
25
-1042
-2004
-2569
-2852
-2870
-2083
-903
31
829
1885
2664
3100
3126
2628
2005
1531
857
28
-422
-545
-404
-75
222
515
1005
1345
1344
1282
1062
654
168
-402
-1029
-1302
-1333
-1341
-1161
-773
-286
223
667
1004
1399
1644
1597
1444
1382
1336
1331
1215
924
680
513
295
-60
-451
-840
-1141
-1371
-1576
-1662
-1564
-1390
-1254
-1151
-1146
-1257
-1401
-1667
-2075
-2493
-2830
-3016
-2952
-2721
-2464
-2046
-1567
-1106
-685
-371
-253
-26
382
986
1839
2720
3161
3213
3091
2906
2635
1911
810
-238
-941
-1732
-2334
-2555
-2186
-1429
-615
5
726
1699
2414
2705
2583
2310
2017
1703
1135
560
265
174
139
195
297
419
602
782
985
981
578
65
-350
-688
-988
-1240
-1390
-1152
-689
-334
49
492
947
1568
1965
1811
1625
1625
1474
1276
1068
678
412
332
69
-235
-370
-602
-875
-1115
-1426
-1662
-1690
-1772
-1884
-1875
-1856
-1931
-1985
-1975
-2018
-2103
-2287
-2465
-2576
-2535
-2383
-2170
-1963
-1791
-1468
-1035
-600
-38
905
2021
3181
3995
3999
3550
3272
2914
2040
952
-171
-939
-1456
-2156
-2640
-2107
-999
-249
274
737
1511
2396
2704
2291
1933
1748
1360
873
368
144
320
502
382
347
421
444
362
81
-149
120
306
-127
-561
-607
-395
-294
-548
-814
-398
99
102
88
238
603
1198
1387
985
1112
1587
1637
1490
1322
1068
1071
989
346
-157
-316
-656
-1113
-1520
-1955
-2128
-2101
-2280
-2502
-2445
-2333
-2404
-2509
-2438
-2186
-2007
-1986
-2049
-2028
-1771
-1466
-1436
-1559
-1494
-1168
-556
258
1307
2637
3850
4252
3998
3584
3219
2646
1472
7
-908
-1368
-2001
-2453
-2303
-1491
-321
624
1022
1681
2625
2958
2660
2217
1798
1404
991
343
-13
212
415
399
472
493
410
279
-148
-662
-790
-813
-1029
-1133
-1035
-735
-320
-132
21
401
659
574
426
287
295
510
477
287
442
822
1090
1229
1207
1236
1426
1354
918
526
268
-66
-455
-941
-1418
-1692
-1935
-2295
-2647
-2839
-2889
-2834
-2834
-2848
-2636
-2310
-2071
-1886
-1706
-1507
-1208
-1085
-1197
-1278
-1176
-1067
-824
-367
503
1948
3271
3619
3370
3318
3327
2984
1933
584
-247
-478
-1119
-1810
-1794
-1013
-22
615
834
1425
2546
2985
2590
2073
1764
1516
1213
599
167
399
778
921
1002
933
763
563
-41
-799
-933
-843
-1192
-1559
-1525
-969
-141
170
65
405
929
923
701
345
136
436
624
214
214
803
1223
1441
1421
1266
1336
1352
768
189
-80
-368
-731
-1044
-1355
-1397
-1338
-1616
-2090
-2381
-2446
-2597
-2935
-3251
-3160
-2843
-2642
-2524
-2390
-2115
-1737
-1480
-1526
-1502
-1263
-790
-267
478
1694
3120
3900
3749
3366
3179
3021
2151
799
-275
-677
-1283
-1934
-2108
-1505
-417
458
741
1064
2217
3043
3025
2591
2247
1987
1721
1124
481
469
700
718
747
806
786
774
404
-382
-922
-1136
-1509
-1964
-2078
-1795
-1103
-445
-41
496
1143
1350
1210
1046
776
582
311
-244
-619
-285
158
395
665
1007
1425
1709
1516
1008
722
427
-133
-719
-1154
-1481
-1602
-1733
-2075
-2374
-2397
-2437
-2647
-2810
-2774
-2605
-2544
-2574
-2571
-2268
-1871
-1652
-1654
-1541
-1247
-801
-307
271
1354
2797
3671
3435
3038
2913
2826
2083
759
-436
-836
-1102
-1743
-1984
-1402
-221
785
1280
1484
2360
3251
3242
2650
2179
1971
1746
1309
686
601
922
1082
1027
961
893
883
728
165
-550
-1130
-1414
-1610
-1792
-1768
-1307
-578
119
522
690
1010
1181
1017
778
436
-102
-287
-367
-502
-257
141
200
453
940
1084
1130
1075
709
357
72
-503
-1046
-1369
-1654
-1898
-2063
-2382
-2654
-2707
-2748
-2839
-2872
-2758
-2575
-2340
-2134
-1873
-1703
-1707
-1808
-1787
-1657
-1356
-734
106
1215
2474
3245
3196
3012
2928
2680
1863
600
-538
-899
-1262
-1954
-2067
-1324
-221
746
1383
1783
2726
3503
3354
2776
2338
1937
1566
1144
663
755
1179
1323
1374
1553
1519
1413
1247
712
-138
-1001
-1729
-2267
-2494
-2551
-2192
-1350
-354
371
977
1511
1830
1907
1658
960
88
-473
-908
-1174
-1117
-879
-622
-128
471
861
1117
1209
1070
851
493
-125
-792
-1326
-1825
-2227
-2491
-2792
-3066
-3102
-3000
-2881
-2701
-2538
-2388
-2070
-1759
-1580
-1402
-1444
-1616
-1570
-1366
-914
-54
1013
2050
3128
3465
3134
2826
2629
1917
734
-556
-1409
-1606
-1945
-2239
-1783
-494
690
1490
1825
2440
3415
3797
3368
2827
2457
2021
1573
1046
878
1235
1541
1583
1682
1740
1580
1260
484
-378
-866
-1292
-1928
-2332
-2398
-2082
-1433
-954
-351
590
1319
1542
1717
1531
1242
1014
343
-593
-959
-1078
-1274
-1139
-1004
-736
-41
437
405
566
761
603
348
-72
-679
-1001
-1286
-1805
-2307
-2620
-2866
-3025
-3160
-3204
-2945
-2601
-2379
-2126
-1738
-1360
-1039
-917
-1003
-979
-578
126
870
1640
2464
3042
3037
2462
1900
1496
779
-403
-1547
-2096
-2387
-2370
-2120
-1385
-125
1176
1980
2501
3310
3938
4059
3637
3019
2464
2009
1376
859
832
981
1068
1223
1505
1831
2097
1891
1266
495
-292
-1048
-1844
-2514
-2779
-2540
-2139
-1513
-717
220
1163
1789
1978
2002
1841
1283
595
-178
-874
-1213
-1312
-1460
-1405
-1041
-563
-116
228
455
576
484
140
-386
-977
-1504
-1988
-2528
-2953
-3121
-3025
-2757
-2462
-2119
-1616
-1068
-697
-473
-423
-496
-683
-1057
-1452
-1582
-1276
-537
448
1352
2247
2904
2973
2642
2349
1842
887
-366
-1456
-2039
-2251
-2298
-2125
-1361
-270
755
1384
1987
2694
3280
3383
3152
2927
2794
2590
2174
1851
1819
1843
1691
1527
1468
1468
1284
831
182
-410
-958
-1487
-1904
-2008
-1847
-1492
-1045
-579
-21
720
1270
1417
1390
1215
889
506
63
-505
-894
-1108
-1312
-1392
-1335
-1238
-1040
-796
-598
-318
-119
-130
-271
-464
-801
-1209
-1770
-2447
-2979
-3379
-3588
-3532
-3218
-2680
-1862
-994
-282
226
629
702
393
-132
-413
-352
-100
410
1155
1892
2252
2238
2033
1977
1630
665
-593
-1392
-1894
-2304
-2498
-2292
-1400
-289
482
978
1928
2859
3134
2904
2578
2419
2302
2004
1637
1737
2123
2349
2548
2840
2953
2690
1944
786
-221
-1007
-1850
-2604
-2812
-2528
-1896
-1132
-514
290
1338
2041
2109
2022
1843
1522
1008
199
-621
-1038
-1256
-1536
-1726
-1720
-1544
-1331
-1328
-1382
-1198
-944
-867
-950
-976
-920
-905
-1160
-1579
-2022
-2389
-2720
-3052
-3268
-3248
-2924
-2421
-1773
-1145
-390
299
705
916
1121
1388
1837
2513
3009
3187
2800
2286
1958
1773
1050
30
-840
-1411
-1898
-2455
-2652
-2186
-1083
-263
252
796
1808
2727
3014
2777
2523
2397
2059
1576
1207
1241
1435
1599
1767
2130
2615
2878
2628
1933
1154
397
-457
-1557
-2509
-2883
-2712
-2286
-1699
-847
249
1383
2103
2494
2675
2611
2143
1370
415
-326
-810
-1366
-1885
-2087
-1980
-1743
-1583
-1614
-1599
-1491
-1582
-1832
-2014
-2138
-2049
-1942
-2006
-2071
-2014
-2091
-2302
-2497
-2618
-2576
-2566
-2499
-2117
-1521
-1036
-581
-156
397
1168
1871
2593
3542
4283
4085
3343
2542
2064
1548
390
-992
-1582
-1634
-2057
-2381
-2156
-1194
-21
666
794
1384
2418
2791
2535
2200
2029
1887
1552
928
658
989
1339
1458
1622
1800
2017
2111
1707
985
584
670
538
-150
-848
-1074
-862
-759
-936
-791
57
814
1025
1258
1423
1602
1832
1567
774
469
365
-160
-616
-918
-1301
-1491
-1654
-2121
-2367
-2306
-2433
-2646
-2684
-2707
-2598
-2408
-2458
-2667
-2682
-2562
-2608
-2787
-2845
-2654
-2412
-2301
-2206
-1936
-1537
-1068
-643
-173
599
1804
3287
4501
4898
4452
3944
3459
2597
1031
-591
-1725
-2179
-2699
-3364
-3157
-1720
114
1120
1614
2287
3543
4101
3438
2522
2104
1731
996
182
-242
143
755
1032
1290
1848
2371
2597
2302
1542
1037
937
539
-334
-981
-1046
-709
-497
-556
-384
321
956
1038
967
1047
1246
1320
1006
498
488
703
567
254
154
71
-122
-528
-1140
-1558
-1781
-2282
-2960
-3355
-3463
-3421
-3433
-3560
-3579
-3294
-3037
-2969
-2913
-2636
-2259
-2077
-1980
-1673
-1191
-870
-754
-858
-988
-930
-692
-393
182
1277
2584
3386
3491
3469
3579
3420
2526
1126
-60
-645
-1425
-2368
-2599
-1818
-698
242
881
1543
2723
3531
3397
2975
2811
2485
1894
1148
546
600
957
1068
1183
1563
1770
1777
1579
1061
508
214
-138
-612
-854
-845
-520
38
474
750
1241
1621
1599
1535
1425
1111
799
486
10
-101
140
153
46
89
141
49
-253
-864
-1384
-1708
-2163
-2759
-3177
-3316
-3297
-3304
-3419
-3453
-3399
-3318
-3313
-3409
-3313
-2929
-2542
-2224
-1826
-1467
-1136
-881
-984
-1155
-1089
-836
-369
499
1529
2645
3362
3402
3254
3314
2883
1802
612
-385
-1001
-1559
-2039
-1983
-946
173
916
1478
2227
3055
3486
3306
2860
2578
2176
1511
785
481
625
977
1248
1466
1744
2015
2062
1736
1329
971
527
-152
-807
-1131
-1060
-802
-547
-137
496
1133
1554
1737
1788
1876
1791
1289
618
264
249
242
89
-138
-170
-32
-64
-466
-994
-1404
-1805
-2279
-2728
-3019
-3161
-3167
-3230
-3401
-3471
-3395
-3434
-3561
-3511
-3310
-2943
-2540
-2279
-2039
-1548
-1178
-1247
-1378
-1428
-1164
-517
271
1171
2446
3316
3305
3174
3177
2937
2118
837
-430
-1002
-1584
-2248
-2196
-1255
-101
857
1459
1995
3097
3841
3704
3238
2901
2425
1899
1329
851
920
1251
1397
1523
1767
1851
1785
1384
694
229
-44
-585
-1191
-1344
-1094
-493
-14
393
1105
1885
2126
2075
1874
1506
1264
803
-75
-648
-607
-524
-320
-27
97
381
718
572
140
-233
-766
-1456
-2061
-2692
-3183
-3419
-3573
-3729
-3837
-3819
-3665
-3485
-3323
-3121
-2913
-2620
-2228
-1932
-1787
-1553
-1444
-1519
-1640
-1645
-1170
-253
773
1742
2716
3103
3058
2920
2763
2271
1338
64
-913
-1451
-2000
-2180
-1720
-722
317
1216
1727
2581
3690
4116
3816
3403
3032
2492
1863
1153
928
1233
1427
1387
1518
1744
1833
1633
1022
285
-121
-300
-664
-1104
-1189
-800
-87
532
969
1588
2460
2819
2526
2152
1674
1101
482
-476
-1408
-1494
-1178
-1022
-639
-70
404
812
849
479
280
-15
-744
-1584
-2255
-2771
-3086
-3386
-3808
-4006
-3990
-3823
-3735
-3710
-3507
-3035
-2701
-2457
-2075
-1658
-1253
-1040
-1127
-1275
-1040
-642
-16
778
1670
2372
2651
2504
2218
2118
1686
788
-374
-1083
-1520
-1894
-1930
-1422
-492
450
1293
1867
2720
3641
3985
3766
3364
2901
2408
1912
1244
866
978
1091
1082
1256
1530
1832
1980
1620
980
466
21
-479
-876
-1053
-773
-193
339
833
1412
1956
2347
2467
2185
1759
1181
338
-474
-949
-1147
-1136
-974
-725
-249
311
553
520
409
233
-106
-687
-1441
-2079
-2571
-3101
-3656
-4108
-4419
-4470
-4319
-4084
-3709
-3198
-2724
-2224
-1676
-1225
-872
-717
-847
-1169
-1387
-1632
-1617
-1066
-82
1054
2127
2631
2677
2813
2840
2406
1472
375
-571
-1088
-1633
-2018
-1745
-904
10
819
1518
2349
3451
3995
3795
3393
3100
2699
2159
1494
985
1007
1142
1091
1111
1317
1570
1660
1371
796
369
126
-108
-304
-312
-64
411
791
1096
1449
1799
2025
2018
1742
1372
963
319
-331
-680
-818
-829
-714
-609
-340
86
309
249
219
90
-239
-714
-1304
-1924
-2400
-2903
-3521
-4004
-4353
-4528
-4503
-4283
-3996
-3535
-3043
-2572
-1986
-1417
-1094
-1023
-1091
-1378
-1521
-1525
-1397
-1001
39
1303
2269
2674
2581
2536
2514
1994
788
-239
-805
-1204
-1779
-2063
-1644
-552
471
1031
1597
2568
3561
3700
3234
2725
2437
2063
1416
760
571
905
1209
1362
1592
1933
2292
2444
2132
1456
813
195
-457
-979
-1170
-998
-517
-7
589
1339
2020
2376
2498
2340
1917
1370
598
-197
-650
-798
-925
-927
-765
-480
-96
107
18
-67
-117
-345
-712
-1161
-1679
-2138
-2609
-3153
-3650
-3970
-4223
-4346
-4225
-3927
-3520
-3068
-2627
-2090
-1408
-957
-901
-1018
-1185
-1340
-1425
-1539
-1464
-691
580
1805
2615
2841
2825
2957
2795
1797
723
25
-416
-944
-1512
-1597
-783
447
1098
1500
2090
2955
3381
3075
2414
2077
1961
1483
820
530
851
1313
1631
1749
1998
2332
2483
2238
1728
1139
490
-119
-674
-965
-890
-465
58
590
1223
1754
2024
2000
1812
1487
1117
549
-97
-500
-534
-418
-332
-281
-207
91
273
134
-173
-366
-528
-787
-1172
-1645
-2022
-2295
-2624
-3006
-3321
-3530
-3720
-3880
-3964
-3838
-3534
-3193
-2907
-2549
-2034
-1536
-1263
-1125
-1059
-1083
-1131
-1144
-949
-337
741
1815
2470
2484
2320
2304
2288
1702
829
163
-168
-552
-1046
-1120
-461
647
1312
1583
1942
2687
3201
2994
2379
1991
1841
1505
973
722
927
1326
1520
1566
1691
1955
2005
1699
1156
632
162
-176
-373
-409
-236
123
545
895
1261
1418
1386
1181
899
550
229
-170
-515
-584
-465
-344
-233
-158
-93
93
187
-8
-281
-501
-739
-1048
-1445
-1789
-2050
-2306
-2587
-2772
-2929
-3010
-3144
-3300
-3361
-3391
-3433
-3323
-3083
-2877
-2533
-2098
-1795
-1462
-1196
-1000
-684
-335
-10
750
1921
2772
2926
2516
2199
2208
2003
1084
274
-2
-101
-576
-1006
-762
224
1060
1202
1310
1876
2691
2855
2402
1948
1918
1862
1448
971
932
1322
1646
1703
1789
1975
2107
1872
1291
528
-124
-778
-1311
-1085
-269
222
397
707
1145
1697
1716
1050
671
839
424
-235
-793
-1347
-1049
-317
-562
-922
-324
129
378
660
278
-151
-77
-529
-1423
-1793
-2077
-2458
-2644
-2843
-2871
-2526
-2389
-2636
-2808
-2838
-2755
-2930
-3248
-3260
-2859
-2463
-2062
-1768
-1516
-958
-483
-393
-393
-129
380
1183
2013
2463
2483
2430
2406
2371
1945
1192
533
231
-97
-674
-954
-532
327
884
1167
1595
2423
2995
2867
2433
2230
2174
1793
1122
709
894
1316
1510
1588
1821
2084
2117
1825
1388
1006
592
4
-618
-882
-778
-576
-421
-224
122
507
723
653
558
554
439
101
-313
-569
-524
-376
-336
-230
24
193
209
74
-117
-348
-683
-1221
-1750
-1984
-2050
-2152
-2404
-2604
-2598
-2478
-2500
-2643
-2726
-2694
-2636
-2603
-2491
-2134
-1655
-1279
-1014
-825
-638
-496
-627
-973
-1319
-1462
-1331
-590
715
1970
2666
2899
3120
3459
3612
2988
2068
1299
700
-321
-1301
-1577
-1031
-224
211
469
1115
2278
2944
2967
2801
2761
2584
2184
1663
1429
1604
1757
1598
1420
1461
1475
1250
651
-85
-502
-709
-943
-984
-590
-120
260
516
643
888
995
678
208
-100
-434
-692
-963
-1322
-1163
-558
-251
-141
160
351
513
592
120
-486
-779
-1146
-1676
-2037
-2360
-2524
-2464
-2411
-2370
-2162
-2003
-2108
-2311
-2547
-2563
-2562
-2615
-2545
-2250
-1900
-1483
-1094
-819
-547
-461
-558
-596
-421
-116
709
1812
2618
2858
2806
2815
2969
2780
1866
937
384
-133
-1063
-1647
-1423
-416
546
959
1317
2281
3298
3465
3146
2824
2683
2451
1900
1226
1116
1400
1477
1313
1187
1119
1032
735
101
-378
-453
-488
-691
-820
-659
-264
162
204
140
261
338
-27
-504
-817
-957
-929
-1003
-1141
-942
-427
-132
59
303
453
476
336
-93
-518
-818
-1260
-1779
-2129
-2325
-2363
-2326
-2327
-2270
-2094
-1965
-1869
-1755
-1664
-1550
-1448
-1463
-1435
-1314
-1265
-1247
-1189
-1168
-1120
-1045
-1043
-1054
-997
-785
-204
911
2171
3008
3145
3102
3271
3394
2959
2018
1057
430
-133
-939
-1374
-1000
-173
442
847
1383
2332
3211
3388
3106
2991
2949
2590
1993
1437
1154
1097
931
614
466
482
394
85
-347
-715
-770
-727
-587
-53
597
703
488
267
122
-9
-425
-1099
-1325
-1146
-1262
-1360
-1247
-883
-95
616
611
622
1015
1060
831
399
-412
-1072
-1357
-1860
-2403
-2417
-2266
-2026
-1689
-1500
-1255
-792
-540
-609
-809
-1024
-1288
-1678
-2165
-2432
-2437
-2441
-2377
-2208
-1882
-1343
-930
-865
-844
-627
-280
329
1331
2354
3035
3183
3103
3150
3194
2577
1554
801
406
-157
-852
-1131
-684
290
974
1340
1868
2809
3457
3492
3211
2921
2625
2066
1253
622
429
323
37
-176
-111
190
535
688
636
646
754
658
226
-284
-627
-949
-1297
-1722
-1920
-1800
-1665
-1736
-1568
-1040
-499
-76
145
258
584
1009
993
726
520
262
-61
-441
-923
-1279
-1398
-1588
-1775
-1759
-1622
-1379
-1106
-886
-668
-390
-330
-432
-730
-1101
-1469
-1891
-2305
-2491
-2434
-2432
-2410
-2295
-1951
-1442
-1086
-1070
-979
-671
-211
270
923
2063
3324
3957
3769
3569
3569
3394
2526
1282
353
-99
-722
-1442
-1490
-608
594
1373
1844
2558
3621
4122
3743
3047
2536
2018
1152
55
-793
-1125
-1201
-1190
-875
-180
609
1213
1431
1354
1155
679
-132
-987
-1523
-1939
-2415
-2872
-2986
-2534
-1856
-1366
-975
-295
437
888
1033
897
736
854
861
407
-8
-134
-193
-168
-221
-500
-654
-591
-676
-761
-616
-439
-324
-170
-134
-161
-229
-576
-1153
-1711
-2029
-2267
-2534
-2831
-2911
-2731
-2425
-2057
-1712
-1359
-1043
-829
-817
-746
-575
-297
25
516
1460
2715
3726
3992
3810
3590
3361
2643
1490
504
-38
-452
-889
-1020
-488
718
1777
2202
2383
2818
3175
3025
2343
1405
531
-272
-1079
-1638
-1633
-1201
-574
79
708
1297
1778
1839
1331
468
-549
-1627
-2704
-3589
-3941
-3600
-2865
-2276
-1733
-943
1
698
989
1070
1171
1245
1059
667
477
588
714
707
572
502
566
583
318
63
-2
-25
-72
-194
-426
-489
-368
-417
-617
-756
-904
-1134
-1366
-1638
-1906
-2111
-2322
-2579
-2677
-2571
-2486
-2400
-2230
-1960
-1546
-1015
-634
-323
273
899
1366
1862
2539
3333
3969
3837
3101
2747
2694
2147
1173
417
119
154
-78
-478
-182
866
1591
1617
1465
1616
1932
1716
828
17
-292
-591
-1067
-1373
-1176
-595
44
373
647
1022
1232
964
273
-648
-1575
-2345
-2983
-3444
-3533
-3222
-2674
-1996
-1266
-429
439
1126
1511
1765
1982
2108
1986
1739
1561
1437
1303
1154
976
857
862
699
321
28
-185
-451
-670
-817
-885
-749
-565
-496
-433
-380
-483
-669
-938
-1282
-1567
-1892
-2294
-2571
-2679
-2719
-2555
-2277
-1961
-1457
-863
-380
125
596
838
1087
1312
1290
1363
1848
2524
3145
3373
2999
2635
2523
2054
1196
488
-68
-507
-903
-1354
-1304
-421
473
734
890
1165
1427
1398
825
30
-413
-749
-1344
-1754
-1740
-1460
-1003
-580
-303
100
456
361
-94
-651
-1281
-1846
-2208
-2507
-2583
-2248
-1620
-817
8
672
1273
1902
2414
2702
2867
2932
2895
2688
2382
2082
1652
1127
615
32
-503
-769
-955
-1089
-1015
-834
-612
-190
202
432
592
577
273
-128
-545
-1045
-1547
-2060
-2474
-2708
-2757
-2707
-2548
-2275
-1888
-1476
-1144
-744
-145
500
938
1181
1261
1273
1287
1299
1174
1077
1297
1752
2049
1939
1519
1102
923
572
-102
-647
-661
-454
-443
-589
-498
156
826
777
260
12
31
-189
-852
-1575
-1952
-2007
-2118
-2218
-1924
-1308
-686
-284
65
493
948
1031
631
116
-326
-660
-984
-1383
-1699
-1513
-893
-163
582
1345
2231
3162
3739
3810
3714
3430
2774
1882
958
213
-209
-518
-858
-927
-615
-240
43
295
461
613
643
421
91
-143
-304
-527
-766
-982
-1067
-1065
-1143
-1266
-1406
-1498
-1580
-1647
-1661
-1480
-1088
-617
-149
286
716
1109
1378
1395
1163
782
288
-271
-773
-1184
-1400
-1243
-546
416
1174
1472
1563
1705
1792
1451
818
222
-194
-660
-1295
-1703
-1568
-1151
-1098
-1332
-1461
-1339
-1316
-1660
-2140
-2282
-2068
-1818
-1573
-1076
-314
519
1284
1820
2227
2479
2369
1966
1385
759
47
-628
-1090
-1134
-787
-250
385
1097
1870
2473
2791
2850
2827
2714
2474
2028
1510
1106
890
708
447
155
-60
-126
-224
-414
-504
-361
-163
9
159
345
623
826
763
513
239
-142
-612
-1053
-1379
-1523
-1562
-1518
-1356
-992
-580
-279
-172
-124
-41
8
-85
-306
-515
-654
-757
-976
-1209
-1285
-1227
-1258
-1362
-1305
-852
-163
396
616
588
607
678
622
297
-144
-579
-962
-1505
-2235
-2719
-2738
-2516
-2334
-2168
-1869
-1226
-449
48
389
793
1162
1323
1359
1341
1371
1468
1428
1342
1448
1609
1595
1379
1001
581
249
-80
-393
-464
-260
176
788
1352
1822
2271
2613
2757
2727
2473
2091
1702
1090
446
29
-273
-498
-518
-503
-425
-34
287
467
828
1137
1184
1131
891
524
283
28
-364
-609
-779
-1046
-1257
-1387
-1435
-1382
-1384
-1471
-1450
-1351
-1293
-1188
-1042
-889
-735
-711
-749
-696
-655
-761
-966
-1278
-1634
-1965
-2260
-2579
-2692
-2517
-2068
-1413
-636
0
315
489
679
918
898
546
100
-71
-307
-739
-1063
-1054
-746
-464
-538
-649
-238
250
348
311
433
675
949
1008
952
1254
1751
1999
2033
2082
2134
2236
2116
1589
994
519
35
-330
-337
-47
453
870
1121
1450
1963
2347
2440
2351
2213
2017
1609
1060
606
433
366
244
77
123
427
768
975
975
885
848
714
287
-281
-743
-1083
-1379
-1568
-1634
-1506
-1306
-1244
-1249
-1159
-1042
-984
-1024
-1152
-1288
-1351
-1493
-1713
-1904
-2009
-2040
-2039
-2051
-2051
-1985
-2000
-2124
-2227
-2273
-2278
-2259
-2070
-1539
-741
170
1143
2047
2504
2544
2327
2034
1627
856
-189
-916
-1272
-1744
-2113
-2012
-1432
-631
-57
66
451
1183
1501
1372
1304
1296
1319
1369
1232
1269
1708
2039
2107
2227
2288
2277
2181
1752
1126
686
372
41
-93
25
296
589
789
1012
1442
1898
2030
1945
1974
2122
2094
1761
1258
880
711
424
-180
-728
-1003
-1191
-1361
-1474
-1496
-1304
-996
-858
-757
-500
-249
-196
-281
-422
-528
-761
-1241
-1750
-2055
-2289
-2626
-2985
-3197
-3148
-2972
-2834
-2705
-2384
-1892
-1441
-1078
-686
-215
277
578
535
377
193
-199
-818
-1443
-2032
-2446
-2503
-2279
-1654
-562
461
992
1480
2081
2573
2691
2306
1627
1097
464
-587
-1340
-1390
-1081
-805
-567
-283
469
1366
1742
1847
2088
2216
2118
1974
1781
1801
2085
2226
2173
2280
2312
2169
1907
1369
660
109
-349
-716
-544
75
742
1391
1883
2183
2456
2548
2109
1417
742
20
-628
-1107
-1417
-1424
-1123
-878
-679
-428
-237
-214
-276
-480
-749
-904
-1082
-1290
-1351
-1231
-1094
-1004
-1013
-1072
-1124
-1241
-1447
-1555
-1541
-1512
-1466
-1390
-1239
-974
-701
-622
-666
-742
-817
-904
-1010
-1073
-999
-931
-966
-996
-934
-874
-876
-956
-1098
-1197
-1297
-1406
-1365
-1075
-602
157
1214
2139
2654
2831
2832
2816
2542
1750
865
304
-357
-1181
-1655
-1602
-1101
-415
-12
345
1198
2001
2340
2522
2633
2589
2615
2494
2121
1954
1949
1836
1682
1442
1089
906
634
-49
-679
-1038
-1259
-1133
-681
-287
174
743
1130
1421
1536
1301
961
614
-64
-779
-1318
-1908
-2272
-2253
-2246
-2184
-1763
-1347
-921
-303
98
259
586
822
801
813
791
608
415
137
-312
-709
-1195
-1827
-2417
-2849
-3097
-3112
-2903
-2534
-1929
-1154
-374
297
809
1193
1453
1445
1113
565
-10
-543
-1042
-1482
-1777
-1804
-1624
-1402
-1210
-950
-611
-361
-198
-74
71
264
597
1129
1679
1964
1941
1854
1872
1776
1313
780
528
390
36
-259
-219
224
806
1105
1189
1506
1923
1976
1789
1510
1118
761
402
-26
-258
-212
-119
57
340
603
916
1097
952
703
513
142
-311
-659
-917
-1105
-1171
-1218
-1124
-781
-418
-155
83
320
497
610
455
162
20
-50
-214
-339
-379
-412
-328
-239
-286
-287
-185
-220
-364
-422
-450
-437
-426
-498
-514
-347
-188
-166
-210
-289
-341
-370
-486
-615
-570
-422
-317
-322
-372
-335
-285
-416
-716
-973
-1150
-1314
-1515
-1694
-1628
-1359
-1061
-785
-460
-93
219
320
180
44
72
155
199
328
712
1217
1502
1525
1483
1559
1535
1225
777
471
326
130
-103
-181
30
342
543
652
773
804
698
492
171
-133
-276
-325
-321
-158
184
645
1092
1355
1419
1390
1225
867
376
-138
-599
-937
-1164
-1245
-1093
-764
-428
-141
135
393
555
561
447
306
213
177
172
216
368
610
839
1014
1105
1151
1192
1135
980
783
634
491
330
181
29
-143
-367
-674
-1078
-1463
-1770
-2012
-2172
-2214
-2102
-1832
-1472
-1056
-584
-89
273
456
576
613
483
169
-227
-600
-868
-1084
-1256
-1320
-1271
-1167
-1010
-839
-666
-451
-312
-200
-79
128
360
666
964
1213
1522
1742
1728
1518
1159
695
241
-175
-582
-878
-997
-1018
-882
-617
-281
28
230
298
288
189
62
-47
-144
-241
-296
-319
-333
-232
-22
178
294
401
487
585
666
739
882
1107
1295
1420
1571
1710
1806
1772
1582
1310
1104
931
739
587
499
540
653
742
783
837
842
770
600
326
49
-149
-375
-597
-715
-761
-798
-835
-883
-964
-1037
-1251
-1584
-1859
-1991
-2039
-2037
-1969
-1760
-1383
-1004
-684
-380
-112
28
-11
-200
-389
-468
-551
-656
-661
-530
-319
-135
-17
85
250
366
306
194
102
-5
-126
-270
-442
-561
-620
-745
-864
-843
-773
-692
-539
-357
-177
11
82
38
31
-57
-258
-429
-544
-640
-593
-509
-438
-244
16
230
440
636
764
1002
1291
1476
1634
1848
2020
2201
2327
2304
2263
2178
1962
1723
1547
1362
1157
962
738
624
578
485
388
351
397
458
461
362
275
200
41
-246
-564
-816
-943
-1033
-1124
-1148
-1086
-994
-918
-828
-714
-584
-526
-574
-630
-639
-642
-698
-781
-841
-833
-720
-607
-548
-516
-485
-489
-512
-532
-564
-549
-476
-354
-206
-44
131
317
481
457
264
34
-192
-434
-733
-1069
-1352
-1476
-1530
-1569
-1566
-1534
-1451
-1343
-1293
-1256
-1142
-1030
-925
-760
-536
-231
171
492
716
985
1239
1430
1571
1558
1394
1272
1130
928
744
562
411
395
443
567
854
1141
1354
1631
1876
1995
2053
2008
1868
1710
1493
1168
878
627
390
236
83
-93
-150
-95
-53
-6
35
8
13
31
-45
-157
-250
-371
-472
-492
-480
-439
-361
-330
-298
-220
-175
-197
-215
-221
-212
-161
-118
-63
72
228
318
346
256
80
-131
-393
-711
-1006
-1250
-1428
-1517
-1536
-1472
-1311
-1106
-930
-768
-625
-502
-365
-275
-279
-327
-376
-404
-390
-356
-314
-297
-265
-200
-152
-142
-184
-274
-348
-366
-400
-393
-296
-185
-124
-30
39
80
120
100
37
81
172
163
152
140
123
168
266
270
299
399
449
477
573
682
752
729
581
467
441
364
186
-1
-111
-123
-94
-58
41
235
463
654
803
957
1100
1160
1136
1083
1022
943
836
709
623
613
618
577
514
456
406
353
274
184
136
96
43
-17
-60
-57
-35
-32
-90
-157
-224
-332
-477
-652
-800
-824
-771
-695
-577
-409
-205
-55
-30
-109
-193
-305
-486
-704
-831
-852
-815
-745
-660
-483
-258
-84
-7
30
40
-5
-105
-241
-365
-423
-467
-525
-517
-442
-365
-320
-345
-409
-433
-457
-554
-670
-732
-707
-632
-549
-457
-294
-68
111
211
217
158
89
-14
-157
-290
-380
-424
-394
-270
-67
215
473
694
898
1057
1103
988
774
542
308
45
-137
-200
-179
-39
126
283
504
746
912
987
929
755
613
478
298
145
56
-4
30
116
215
396
583
687
760
830
857
884
875
837
848
901
893
849
825
752
606
377
74
-185
-358
-529
-705
-820
-817
-694
-507
-341
-195
-60
37
72
43
-40
-132
-233
-412
-607
-705
-716
-701
-696
-756
-832
-881
-946
-1038
-1091
-1118
-1164
-1174
-1133
-1049
-947
-869
-807
-717
-612
-540
-488
-442
-410
-360
-293
-232
-175
-107
-28
35
64
40
6
-52
-161
-292
-379
-401
-366
-262
-120
68
267
423
530
595
576
448
228
1
-163
-225
-226
-217
-189
-72
186
477
724
901
1033
1112
1121
1092
1071
1095
1131
1127
1154
1238
1344
1409
1405
1379
1360
1309
1159
974
802
660
529
381
265
262
342
409
448
486
489
466
397
292
183
64
-68
-185
-257
-311
-346
-354
-360
-381
-409
-429
-449
-463
-498
-566
-629
-679
-734
-787
-839
-874
-907
-933
-937
-903
-829
-729
-611
-520
-426
-343
-304
-332
-444
-614
-797
-966
-1105
-1198
-1232
-1221
-1146
-1004
-838
-679
-535
-418
-327
-250
-213
-222
-256
-285
-307
-316
-299
-262
-203
-108
3
109
236
392
543
670
765
844
905
944
950
885
773
641
506
372
258
191
191
302
489
698
934
1178
1370
1505
1571
1517
1386
1213
993
773
575
377
214
123
50
-4
-34
-64
-70
-33
5
61
126
162
205
267
304
329
341
303
243
174
48
-90
-219
-368
-460
-484
-474
-414
-309
-223
-104
28
101
110
58
-59
-198
-340
-546
-749
-910
-1054
-1138
-1139
-1074
-973
-838
-691
-559
-429
-347
-329
-356
-412
-496
-585
-706
-814
-850
-819
-764
-690
-616
-545
-435
-314
-216
-151
-119
-100
-16
82
155
224
308
383
440
462
412
321
221
122
35
-25
-39
-7
77
197
309
430
518
554
551
517
476
433
418
416
444
508
617
740
815
804
725
623
479
289
91
-72
-187
-234
-206
-107
35
185
313
432
519
554
511
390
230
85
-34
-127
-181
-202
-159
-71
15
84
151
169
139
44
-54
-161
-274
-365
-446
-481
-483
-469
-490
-510
-504
-469
-426
-389
-374
-352
-313
-261
-204
-154
-134
-119
-78
-45
-41
-65
-102
-127
-150
-202
-249
-288
-320
-363
-395
-384
-320
-215
-119
-35
65
149
187
179
126
84
39
-45
-129
-164
-139
-88
-25
64
218
386
490
530
543
573
592
577
528
475
434
364
290
227
167
103
7
-119
-221
-258
-270
-256
-184
-79
58
215
352
464
565
610
578
447
225
8
-167
-315
-419
-462
-437
-329
-172
-23
124
237
266
234
164
53
-41
-77
-74
-18
109
273
449
625
731
770
748
635
423
187
-46
-275
-434
-534
-574
-511
-384
-237
-46
134
231
256
197
50
-126
-328
-552
-721
-799
-846
-861
-829
-765
-664
-568
-558
-590
-596
-606
-591
-525
-429
-303
-167
-92
-63
-28
-23
-96
-197
-303
-366
-365
-341
-269
-102
108
275
417
532
588
594
517
376
223
82
-35
-98
-92
-43
36
97
136
164
138
-1
-197
-370
-489
-539
-507
-402
-220
28
289
547
801
974
1013
942
777
550
323
98
-112
-239
-261
-208
-68
110
313
523
679
765
771
726
675
623
552
468
422
418
437
447
421
373
327
265
178
77
-18
-87
-140
-176
-184
-154
-117
-106
-130
-172
-195
-243
-339
-451
-536
-577
-576
-564
-528
-445
-346
-264
-199
-143
-102
-81
-114
-176
-232
-308
-419
-514
-553
-537
-479
-414
-353
-271
-178
-111
-98
-106
-129
-183
-272
-368
-439
-477
-487
-491
-491
-471
-436
-406
-355
-293
-233
-176
-124
-97
-63
-17
2
-10
-46
-83
-102
-90
-59
-3
66
140
227
316
398
460
495
491
462
424
373
350
354
374
406
455
518
575
595
562
509
446
353
264
204
181
201
221
240
295
381
446
452
421
360
282
204
118
74
76
110
168
247
365
518
656
721
702
633
528
385
194
-45
-262
-442
-562
-599
-560
-467
-361
-254
-156
-39
76
150
167
140
126
122
69
-37
-178
-311
-432
-566
-705
-833
-917
-965
-973
-929
-821
-685
-562
-442
-279
-103
53
163
239
338
433
469
434
364
244
93
-74
-263
-418
-491
-519
-492
-395
-264
-121
47
196
314
433
492
492
459
382
286
191
59
-82
-192
-270
-335
-373
-392
-384
-345
-289
-240
-224
-227
-228
-211
-205
-193
-171
-138
-84
-20
26
73
133
183
202
214
234
261
299
341
410
498
592
673
728
756
741
687
587
471
362
257
162
68
-20
-105
-168
-196
-190
-180
-157
-100
-41
19
66
88
87
71
40
-5
-42
-84
-151
-223
-295
-352
-377
-409
-410
-354
-281
-196
-135
-96
-73
-76
-105
-164
-206
-227
-218
-184
-129
-50
49
159
246
302
332
339
313
257
182
126
87
62
35
25
37
48
58
77
72
37
-19
-109
-207
-302
-356
-357
-313
-265
-201
-129
-58
2
29
27
-23
-75
-115
-136
-134
-110
-76
-37
22
77
114
141
145
138
135
136
132
121
118
96
98
124
154
208
252
289
338
368
370
361
336
288
229
177
125
83
40
5
0
17
38
70
88
91
106
113
93
45
-16
-102
-183
-233
-273
-287
-268
-237
-190
-135
-79
-36
-9
-13
-40
-87
-146
-206
-278
-341
-372
-354
-298
-214
-114
-18
70
117
119
108
80
38
-22
-87
-152
-184
-181
-178
-160
-134
-129
-149
-169
-196
-220
-237
-270
-280
-255
-198
-128
-54
9
39
63
37
-46
-132
-238
-329
-382
-382
-322
-227
-101
24
179
318
427
493
491
476
446
408
359
314
288
285
315
340
350
374
402
431
467
514
581
682
777
848
900
923
891
796
654
448
208
-32
-243
-389
-459
-460
-421
-337
-219
-95
16
106
179
211
181
105
14
-68
-164
-291
-427
-542
-619
-665
-708
-720
-707
-675
-618
-565
-497
-433
-385
-353
-312
-269
-266
-287
-335
-384
-425
-459
-484
-493
-444
-357
-259
-162
-94
-49
-14
2
-10
-54
-101
-174
-254
-293
-300
-264
-232
-214
-196
-146
-71
-26
11
27
50
79
94
130
174
221
257
276
288
297
289
259
244
251
280
330
381
450
556
673
773
832
848
815
768
718
640
525
425
351
297
286
289
304
351
403
443
462
436
379
291
192
113
76
80
76
80
109
152
192
207
195
148
86
2
-100
-179
-232
-252
-258
-261
-247
-228
-236
-271
-314
-370
-438
-522
-618
-701
-726
-703
-664
-615
-557
-492
-436
-404
-401
-412
-425
-468
-534
-589
-616
-624
-621
-610
-577
-515
-443
-395
-350
-303
-264
-232
-199
-162
-123
-95
-78
-72
-70
-58
-50
-40
-9
48
125
215
304
393
493
560
584
568
533
487
431
371
332
338
374
411
431
455
486
482
445
385
294
211
142
100
88
121
205
310
447
568
653
698
675
589
443
269
81
-84
-197
-269
-281
-225
-129
-1
141
243
292
289
235
152
58
-51
-164
-256
-309
-314
-285
-255
-221
-205
-210
-247
-303
-361
-408
-439
-444
-417
-359
-298
-243
-195
-167
-154
-175
-229
-311
-394
-459
-510
-521
-505
-456
-385
-309
-224
-154
-94
-56
-31
-11
9
24
20
19
28
57
73
53
0
-68
-127
-183
-222
-252
-272
-246
-194
-105
11
132
229
290
315
284
227
145
59
-10
-52
-55
-30
38
140
237
315
368
398
398
372
306
243
204
187
198
225
261
305
356
373
359
321
254
163
78
2
-58
-95
-110
-115
-83
-46
-33
-33
-58
-85
-97
-119
-185
-264
-307
-322
-322
-321
-323
-306
-276
-251
-240
-221
-210
-199
-183
-159
-117
-53
22
75
131
177
200
192
143
92
56
34
20
27
60
99
149
204
264
318
328
290
226
152
101
59
16
-13
-10
5
19
33
52
63
48
5
-52
-78
-92
-100
-97
-64
4
86
157
191
203
204
166
109
45
-2
-26
-41
-33
14
114
228
329
399
437
458
438
369
281
189
97
3
-82
-146
-165
-141
-92
-48
-24
-26
-57
-100
-148
-204
-255
-294
-326
-341
-340
-333
-325
-333
-365
-414
-481
-550
-596
-596
-565
-517
-435
-322
-186
-48
65
148
199
216
200
163
121
98
80
65
50
57
93
131
168
198
222
233
222
210
207
198
175
124
73
41
32
40
42
47
67
91
94
89
88
84
56
4
-38
-54
-57
-68
-84
-84
-64
-55
-66
-75
-64
-47
-37
-44
-47
-1
61
107
139
180
240
279
296
295
296
274
207
138
71
48
36
3
-17
5
77
136
164
182
202
218
184
119
45
-26
-101
-212
-319
-393
-422
-422
-418
-395
-352
-289
-227
-176
-112
-38
20
46
51
57
66
63
28
-32
-88
-128
-163
-195
-212
-220
-216
-197
-162
-116
-60
-1
50
89
132
171
199
220
233
251
258
249
238
219
185
132
66
-15
-105
-186
-244
-283
-285
-258
-211
-139
-63
17
89
141
157
155
139
103
59
-4
-74
-130
-167
-191
-213
-219
-210
-184
-150
-124
-104
-68
-33
0
30
63
97
141
176
185
177
164
164
161
149
116
81
49
10
-19
-38
-44
-40
-22
17
74
148
220
272
305
310
297
263
196
105
18
-53
-118
-151
-152
-135
-89
-31
22
68
90
92
72
27
-33
-110
-177
-230
-248
-234
-193
-128
-48
47
140
215
263
291
294
269
241
223
208
199
201
208
211
210
197
159
110
61
2
-37
-57
-56
-43
-26
3
37
71
88
94
82
64
33
-10
-59
-106
-148
-210
-274
-327
-368
-386
-383
-381
-361
-299
-221
-135
-36
40
91
108
101
76
31
-20
-95
-165
-216
-233
-225
-200
-147
-74
-5
44
71
86
89
87
91
91
116
144
153
147
140
124
88
24
-78
-173
-248
-327
-397
-433
-435
-413
-367
-304
-240
-162
-93
-35
0
21
11
-36
-97
-145
-166
-171
-173
-161
-127
-62
16
91
167
228
281
301
317
332
324
305
265
229
213
214
212
208
218
239
256
259
251
230
199
166
125
87
59
28
-2
-20
-12
13
30
47
69
91
96
90
68
47
45
40
35
32
32
33
30
33
48
76
103
127
163
200
238
268
287
295
277
251
197
140
94
49
26
28
34
52
63
55
40
19
-26
-86
-149
-217
-265
-298
-324
-336
-329
-317
-294
-250
-211
-183
-190
-215
-242
-278
-315
-354
-387
-408
-408
-384
-353
-314
-262
-220
-196
-181
-168
-163
-149
-149
-151
-139
-119
-85
-51
-15
23
55
79
100
116
114
104
90
79
90
106
113
117
118
117
111
103
88
66
38
17
4
10
36
60
85
100
102
123
140
150
149
133
119
107
111
108
114
121
131
139
127
123
124
120
117
118
128
145
169
189
193
185
155
104
31
-54
-129
-195
-239
-250
-220
-155
-62
27
103
182
256
306
322
310
268
205
128
19
-95
-190
-264
-316
-342
-333
-299
-241
-171
-102
-27
40
78
99
103
102
86
56
1
-61
-128
-196
-254
-307
-339
-352
-346
-331
-294
-243
-184
-109
-33
25
81
128
156
160
143
105
56
6
-46
-80
-100
-94
-74
-52
-6
53
122
183
222
241
243
230
196
153
102
47
3
-36
-56
-55
-34
7
32
54
66
78
81
69
51
27
7
-25
-62
-115
-160
-190
-217
-223
-210
-179
-138
-85
-17
44
98
121
120
113
94
82
59
38
30
28
40
39
47
46
43
25
-15
-39
-61
-73
-81
-74
-37
14
78
131
164
176
159
122
59
-15
-92
-167
-214
-248
-253
-235
-204
-167
-145
-115
-99
-88
-90
-90
-72
-47
-1
47
92
148
202
228
228
211
183
150
107
59
51
86
128
176
225
274
316
332
313
276
227
162
88
23
-8
-13
1
17
42
68
79
64
20
-38
-107
-170
-225
-256
-264
-247
-214
-177
-131
-68
-17
-17
-47
-87
-119
-159
-197
-224
-227
-191
-126
-37
47
128
184
213
222
206
165
92
9
-69
-113
-117
-118
-117
-97
-73
-47
-27
-21
-16
-11
-13
-23
-11
10
31
54
62
56
49
30
-10
-63
-126
-180
-223
-247
-263
-251
-218
-161
-92
-22
37
83
112
124
120
103
80
42
18
0
-3
13
39
68
88
103
115
137
158
170
190
200
205
204
196
195
180
143
78
7
-62
-124
-163
-184
-187
-156
-103
-36
32
95
144
158
147
114
64
5
-65
-129
-172
-193
-207
-210
-191
-170
-142
-109
-67
-22
14
46
80
103
115
119
116
103
90
67
28
-10
-54
-91
-119
-140
-149
-138
-111
-75
-30
31
87
135
170
189
205
200
179
144
102
62
18
-22
-54
-73
-69
-57
-29
1
36
71
92
103
97
86
74
51
23
4
-7
-10
-14
-19
-21
-31
-39
-55
-65
-66
-60
-59
-55
-36
-9
3
18
36
59
81
80
71
48
23
-4
-33
-49
-59
-67
-73
-78
-60
-23
9
34
53
62
74
76
74
75
62
41
7
-27
-58
-92
-114
-141
-166
-180
-188
-171
-154
-133
-102
-54
3
57
115
160
183
190
182
164
139
103
54
11
-18
-38
-33
-20
-9
9
47
92
136
181
218
249
263
275
272
247
209
163
106
59
21
-17
-54
-82
-100
-112
-110
-102
-89
-65
-45
-34
-28
-29
-30
-40
-51
-56
-56
-45
-35
-25
-16
-21
-35
-55
-77
-102
-128
-139
-146
-141
-115
-83
-43
-9
25
60
85
100
101
79
43
11
-17
-45
-68
-97
-119
-129
-129
-110
-85
-63
-43
-17
21
41
59
52
23
-10
-52
-91
-135
-168
-192
-203
-197
-173
-140
-94
-53
-20
14
47
80
99
110
115
121
114
102
100
103
106
98
80
66
52
41
25
14
7
12
31
45
75
115
149
167
175
165
145
116
62
13
-31
-72
-100
-124
-140
-132
-115
-92
-66
-36
-4
20
34
34
28
19
7
-2
-16
-32
-42
-51
-51
-39
-20
7
32
52
63
77
87
89
73
36
-1
-52
-101
-141
-167
-172
-161
-141
-122
-98
-63
-35
-23
-24
-31
-46
-71
-89
-98
-97
-93
-90
-91
-87
-89
-92
-91
-91
-93
-93
-84
-76
-60
-26
18
60
89
113
131
145
146
132
125
110
92
69
58
56
51
50
45
40
41
42
33
25
21
30
59
87
112
140
161
170
166
148
113
56
-11
-77
-137
-167
-173
-161
-132
-86
-36
21
78
113
129
131
114
91
66
28
1
-8
-11
-11
-9
-7
-13
-31
-60
-79
-91
-97
-97
-93
-67
-31
7
44
76
91
94
86
59
31
-2
-38
-64
-68
-61
-47
-30
-20
-5
8
12
9
2
-16
-38
-54
-60
-45
-23
-4
11
14
13
14
8
-16
-57
-88
-113
-130
-142
-140
-118
-88
-60
-36
-6
15
26
30
30
28
21
11
-4
-2
17
44
65
79
88
89
76
59
48
28
5
-13
-18
-2
25
45
68
91
114
127
119
98
70
30
-30
-95
-144
-166
-182
-193
-202
-188
-167
-156
-146
-140
-127
-111
-102
-91
-79
-59
-42
-42
-46
-51
-63
-81
-101
-112
-109
-79
-48
-10
36
77
118
145
158
158
146
117
77
40
15
-6
-18
-16
-2
18
40
48
37
21
-8
-56
-101
-140
-157
-161
-155
-130
-100
-63
-37
-6
18
28
21
3
-8
-15
-14
-10
-3
13
37
56
80
100
114
125
123
115
104
95
100
119
140
176
223
265
301
328
345
342
312
268
218
171
119
66
29
-3
-29
-57
-76
-87
-98
-103
-112
-120
-128
-133
-127
-108
-87
-82
-80
-91
-95
-101
-112
-119
-123
-112
-99
-78
-39
2
45
70
79
73
47
20
-9
-29
-34
-27
-8
10
20
27
41
47
33
13
-6
-26
-43
-60
-59
-36
-11
7
23
36
40
23
-16
-66
-129
-182
-222
-248
-252
-239
-214
-179
-134
-86
-43
-15
-8
-8
-14
-15
-11
-5
12
27
44
57
79
103
120
125
116
103
81
58
33
17
12
20
34
47
62
78
81
79
86
93
92
84
77
77
96
106
103
88
66
37
9
-12
-28
-40
-51
-56
-52
-37
-17
-4
8
9
5
4
-8
-14
-9
7
38
64
93
118
137
142
121
90
38
-22
-87
-145
-180
-198
-186
-157
-106
-39
21
72
118
154
165
158
131
101
70
38
11
-13
-26
-35
-43
-40
-33
-25
-29
-36
-38
-32
-15
0
17
42
67
100
127
140
137
111
71
13
-51
-111
-159
-190
-208
-202
-173
-134
-98
-57
-15
11
26
26
6
-12
-31
-41
-41
-37
-30
-18
4
25
37
39
33
17
4
-2
-5
-7
1
14
37
68
91
109
110
101
89
71
54
35
18
6
-3
0
10
10
-4
-11
-23
-42
-64
-87
-101
-109
-106
-98
-85
-66
-56
-51
-48
-52
-51
-50
-51
-50
-44
-28
-11
10
27
43
50
46
40
33
30
32
38
49
67
96
127
158
186
216
234
235
228
203
170
130
90
53
23
7
-4
-9
-1
14
34
51
58
58
49
37
25
13
-2
-12
-12
4
28
51
72
81
83
80
64
47
34
16
1
-4
-1
13
27
34
33
35
35
31
27
21
17
6
-5
-16
-30
-44
-56
-68
-81
-101
-117
-140
-158
-170
-171
-164
-163
-165
-161
-155
-143
-137
-133
-133
-142
-158
-173
-177
-180
-176
-171
-158
-147
-130
-111
-100
-89
-80
-74
-69
-64
-52
-39
-28
-13
3
22
39
50
52
40
19
-11
-37
-56
-67
-70
-75
-65
-44
-8
31
64
94
115
132
135
130
127
122
112
102
99
98
103
111
109
113
120
125
120
113
101
86
77
74
77
90
104
119
131
139
149
153
149
135
124
105
82
60
40
25
8
-6
-21
-37
-54
-71
-82
-88
-87
-82
-75
-69
-65
-58
-43
-27
-5
6
17
24
30
44
50
47
37
17
-9
-33
-53
-69
-80
-87
-73
-49
-16
24
58
81
94
98
87
53
2
-57
-110
-149
-173
-184
-188
-175
-154
-114
-70
-22
20
39
55
61
61
46
25
5
-16
-27
-38
-45
-47
-39
-30
-18
4
15
32
51
76
112
144
169
190
207
216
218
202
171
127
76
33
-2
-23
-31
-39
-33
-16
4
27
41
47
36
24
13
-3
-20
-37
-48
-61
-74
-82
-89
-91
-98
-109
-120
-124
-121
-107
-83
-57
-36
-19
-8
-1
2
-2
-16
-35
-53
-62
-66
-76
-70
-60
-44
-19
7
27
40
55
55
42
19
-10
-40
-72
-99
-120
-128
-124
-115
-94
-71
-50
-25
-10
-4
0
5
10
9
11
11
15
17
15
4
-6
-14
-31
-44
-53
-56
-49
-38
-17
5
30
53
71
87
96
94
87
77
64
58
50
45
50
52
54
57
57
53
46
40
30
13
-2
-12
-16
-11
-1
12
34
60
74
81
77
58
41
23
3
-16
-32
-45
-53
-55
-47
-44
-43
-49
-59
-68
-82
-92
-102
-114
-130
-136
-133
-127
-118
-112
-101
-98
-97
-98
-102
-103
-105
-102
-99
-93
-79
-59
-40
-19
-4
2
1
-8
-16
-27
-39
-52
-65
-73
-71
-61
-48
-38
-31
-28
-24
-23
-22
-22
-21
-15
-2
21
51
78
98
111
119
127
128
119
100
72
49
32
20
16
11
14
16
24
34
46
56
66
76
90
111
124
139
156
164
170
169
165
154
136
120
100
88
71
61
57
60
68
77
89
101
108
101
88
72
52
28
2
-22
-45
-62
-71
-70
-60
-51
-45
-40
-44
-41
-34
-26
-27
-34
-34
-25
-12
-3
0
-1
-3
-6
-12
-22
-28
-38
-45
-47
-47
-39
-31
-23
-18
-10
-1
8
12
4
-2
-8
-7
0
7
15
23
36
46
51
54
44
27
7
-18
-40
-61
-76
-79
-66
-47
-27
-15
-10
-8
-8
-16
-29
-46
-56
-60
-53
-36
-7
23
50
77
96
111
120
119
105
82
66
55
43
30
13
-4
-13
-22
-31
-38
-48
-55
-56
-50
-33
-15
3
22
38
51
61
66
63
46
26
3
-19
-37
-54
-61
-63
-60
-46
-26
0
25
42
53
54
48
35
13
-12
-40
-65
-89
-105
-117
-122
-120
-114
-105
-94
-72
-49
-27
-11
3
10
10
2
-20
-52
-86
-123
-155
-173
-183
-183
-173
-151
-120
-85
-47
-21
-6
-1
-2
-7
-20
-36
-52
-65
-68
-66
-55
-40
-25
-8
8
20
30
35
34
22
6
-10
-26
-43
-60
-74
-85
-86
-88
-92
-93
-91
-90
-84
-74
-65
-48
-28
-4
18
37
50
52
47
37
23
9
-5
-16
-21
-19
-9
7
30
61
86
110
129
142
141
131
118
95
77
50
27
8
-8
-16
-14
-6
5
16
26
36
39
36
31
24
17
6
0
-5
-7
-4
-8
-13
-15
-23
-29
-40
-53
-58
-56
-43
-23
3
30
55
72
79
84
82
73
60
44
35
37
45
61
77
92
102
107
105
93
69
36
-1
-38
-65
-87
-94
-87
-75
-57
-38
-17
-1
8
11
9
-1
-15
-21
-23
-18
-10
2
18
30
38
39
39
38
34
22
11
1
-1
11
27
47
67
86
100
102
100
92
83
68
51
34
21
18
24
32
44
58
70
82
85
81
70
54
40
20
2
-12
-20
-23
-24
-21
-13
-1
10
19
23
28
29
31
34
34
34
33
31
29
28
25
18
12
5
1
2
3
5
8
11
11
7
-1
-13
-31
-51
-69
-85
-99
-112
-117
-114
-104
-87
-67
-46
-29
-16
-6
-3
-8
-21
-35
-55
-72
-86
-90
-87
-80
-67
-50
-31
-16
0
9
11
12
8
6
5
1
-1
2
1
-4
-12
-24
-35
-51
-66
-79
-86
-84
-77
-64
-52
-35
-16
2
19
28
29
23
12
-3
-16
-27
-38
-44
-51
-53
-47
-38
-26
-13
-1
12
24
29
36
42
46
51
53
51
48
45
41
34
25
14
2
-11
-22
-31
-39
-44
-50
-56
-60
-64
-64
-62
-61
-60
-61
-57
-51
-46
-37
-35
-34
-33
-36
-37
-36
-38
-31
-22
-10
3
16
29
39
45
49
46
42
35
27
19
12
9
11
16
22
27
35
46
53
57
55
47
35
23
8
-2
-14
-21
-28
-29
-25
-18
-8
1
9
11
11
6
1
-6
-11
-13
-12
-6
3
15
25
31
34
37
39
40
38
35
38
42
54
70
83
98
110
118
119
113
100
82
61
36
11
-10
-27
-38
-43
-43
-37
-28
-17
-5
6
16
25
34
41
47
49
49
45
40
33
21
7
-9
-25
-38
-48
-52
-50
-42
-29
-13
4
20
34
45
50
51
45
34
21
7
-6
-16
-24
-30
-33
-32
-27
-18
-9
0
6
6
2
-5
-13
-23
-34
-44
-51
-53
-50
-42
-33
-25
-15
-8
-4
-3
-4
-7
-9
-9
-9
-4
3
11
22
27
29
28
24
17
8
-3
-12
-19
-20
-18
-13
-6
-4
0
2
-1
-4
-13
-22
-31
-37
-38
-37
-32
-22
-10
7
23
36
47
54
57
55
52
49
46
43
42
39
37
33
27
19
8
-5
-19
-28
-31
-29
-22
-9
6
22
40
54
61
62
55
42
25
6
-12
-26
-37
-41
-43
-42
-42
-40
-39
-39
-40
-42
-43
-43
-40
-37
-30
-20
-10
-1
5
10
9
7
2
-7
-13
-18
-18
-16
-10
2
15
29
41
46
46
38
26
10
-9
-29
-46
-59
-66
-68
-66
-64
-62
-61
-63
-65
-69
-69
-67
-62
-53
-39
-25
-9
7
17
25
27
23
13
3
-9
-18
-25
-27
-24
-17
-7
3
15
25
32
37
39
38
36
34
31
29
27
27
28
26
26
21
15
4
-9
-23
-37
-50
-57
-60
-59
-54
-41
-27
-11
5
16
22
25
24
18
10
1
-9
-18
-24
-25
-21
-12
0
14
29
40
50
55
53
46
35
22
7
-6
-16
-21
-23
-20
-13
-5
1
4
2
-3
-11
-21
-27
-33
-35
-32
-27
-18
-9
-2
2
0
-5
-14
-23
-32
-37
-37
-30
-18
-1
18
34
49
60
63
61
51
37
20
3
-12
-22
-27
-27
-21
-14
-4
6
15
21
25
26
24
21
15
10
3
-6
-12
-21
-30
-38
-44
-46
-49
-46
-39
-29
-16
-3
9
20
27
30
31
27
22
18
14
12
13
16
21
26
29
30
29
25
20
16
13
13
15
18
22
27
31
30
26
17
7
-9
-25
-40
-53
-60
-64
-61
-54
-44
-27
-11
5
19
32
40
43
42
38
29
21
12
3
-3
-5
-6
-3
2
9
18
27
34
40
44
46
46
44
41
38
34
29
25
20
12
4
-7
-21
-30
-44
-55
-65
-69
-70
-65
-56
-42
-25
-7
10
25
36
41
41
37
29
20
11
4
-2
-3
-3
1
6
10
13
16
18
17
17
17
18
19
22
25
28
30
28
26
20
14
6
1
-5
-9
-11
-12
-11
-10
-13
-17
-25
-36
-49
-61
-73
-82
-84
-81
-71
-54
-31
-7
19
44
64
79
87
87
80
66
50
31
14
-2
-13
-20
-21
-17
-10
-1
9
16
24
29
30
26
21
16
6
-3
-13
-25
-35
-45
-54
-63
-68
-70
-68
-61
-49
-35
-16
3
23
38
51
57
56
50
38
24
10
-3
-12
-17
-14
-7
5
19
31
43
48
48
42
30
16
1
-12
-23
-29
-29
-25
-20
-12
-5
1
2
0
-4
-9
-14
-17
-16
-13
-6
3
10
15
16
11
4
-8
-19
-29
-35
-34
-29
-14
2
20
40
54
61
63
56
45
31
16
4
-6
-11
-9
-5
3
9
13
15
10
1
-11
-22
-33
-42
-47
-45
-38
-27
-15
0
10
18
23
23
22
18
12
7
4
1
0
0
1
1
1
-3
-4
-5
-4
-3
-1
4
8
14
17
18
17
13
8
0
-4
-10
-11
-8
-3
5
10
13
13
9
0
-12
-27
-42
-54
-62
-63
-60
-48
-30
-10
7
24
34
38
37
30
18
4
-7
-15
-18
-17
-9
3
18
31
41
46
44
39
28
14
-1
-15
-24
-29
-27
-21
-9
4
16
24
30
31
28
21
11
0
-11
-20
-25
-27
-27
-25
-20
-16
-12
-12
-11
-13
-13
-14
-14
-12
-8
1
9
19
28
36
40
44
41
38
31
21
13
5
-2
-7
-9
-8
-6
-4
-3
-1
1
2
1
0
-5
-8
-12
-15
-19
-23
-28
-31
-34
-35
-34
-31
-25
-18
-9
0
8
16
22
25
25
25
21
15
9
4
1
-1
-1
-2
-1
2
4
5
6
5
6
3
2
0
-1
0
1
3
5
5
3
3
-2
-10
-18
-27
-36
-44
-50
-54
-53
-47
-38
-26
-13
-3
8
18
25
29
28
28
25
24
21
20
19
20
20
21
21
21
19
14
10
5
1
-2
-3
-5
-5
-5
-3
-2
-3
-6
-10
-15
-20
-25
-29
-31
-29
-27
-24
-20
-17
-15
-13
-15
-19
-21
-21
-18
-12
-4
8
24
41
56
66
71
68
62
50
34
15
-3
-19
-30
-33
-33
-29
-21
-11
-3
6
12
14
16
15
13
13
14
16
18
18
17
14
10
2
-10
-23
-36
-46
-51
-52
-50
-41
-29
-13
3
19
30
38
43
43
41
38
33
30
28
26
26
26
27
24
20
13
6
-1
-6
-13
-17
-17
-16
-10
-4
1
4
4
4
-1
-8
-16
-25
-34
-39
-42
-44
-42
-39
-34
-27
-21
-14
-6
1
8
16
23
30
37
41
42
41
39
34
26
19
11
3
-1
-3
-2
-1
2
6
9
12
11
10
6
0
-7
-13
-18
-23
-24
-24
-23
-22
-20
-17
-17
-17
-21
-24
-25
-27
-28
-29
-25
-21
-15
-7
-1
7
15
21
26
31
33
35
35
36
35
33
31
27
23
16
8
-1
-9
-18
-26
-32
-36
-35
-33
-28
-22
-14
-6
3
10
14
15
12
8
2
-6
-15
-24
-28
-31
-30
-25
-19
-10
-1
7
16
21
25
27
28
28
27
27
28
27
27
26
24
20
15
9
-1
-9
-16
-20
-22
-21
-18
-12
-7
-1
3
5
5
2
-3
-9
-17
-24
-30
-33
-34
-34
-33
-30
-25
-21
-17
-11
-5
1
7
14
20
24
27
28
27
24
20
16
12
7
6
4
4
5
6
5
3
1
-3
-9
-14
-19
-20
-21
-20
-17
-11
-5
0
5
7
5
3
-3
-7
-10
-12
-13
-11
-5
1
6
13
17
20
20
19
18
16
13
12
12
13
15
18
22
23
23
20
15
8
1
-6
-11
-12
-11
-8
-7
-2
1
4
5
3
-1
-7
-13
-16
-17
-15
-15
-11
-7
-3
2
2
4
3
2
0
-1
0
3
7
12
16
21
25
26
27
25
23
19
16
12
9
4
2
1
-1
-2
-5
-8
-12
-15
-20
-23
-24
-26
-25
-24
-20
-15
-10
-5
-2
0
1
-2
-5
-10
-15
-20
-25
-28
-28
-26
-20
-13
-3
8
18
28
36
42
44
46
43
37
30
23
16
9
5
-1
-3
-4
-5
-6
-5
-5
-5
-7
-8
-9
-8
-6
-2
3
7
11
11
9
3
-3
-13
-24
-34
-43
-50
-52
-49
-39
-25
-11
5
22
35
45
51
54
51
46
39
28
17
8
1
-8
-14
-19
-23
-23
-23
-21
-16
-13
-10
-4
1
5
8
9
10
9
6
1
-5
-12
-17
-25
-32
-36
-40
-41
-40
-37
-32
-27
-18
-9
1
9
15
21
26
29
29
28
22
16
8
1
-3
-7
-8
-7
-4
0
5
12
15
15
12
8
1
-6
-12
-16
-18
-18
-14
-8
0
8
17
21
24
23
21
15
10
3
-3
-9
-13
-16
-15
-14
-10
-5
1
6
12
16
20
23
25
26
25
23
20
17
11
4
-3
-10
-17
-24
-31
-37
-39
-38
-36
-32
-26
-19
-10
-2
5
12
16
18
18
16
13
10
5
1
-3
-7
-9
-9
-5
0
4
8
14
20
26
29
31
30
29
27
22
18
13
8
3
-2
-5
-10
-12
-13
-15
-16
-18
-20
-22
-22
-24
-24
-24
-23
-21
-18
-15
-11
-6
-1
3
8
11
14
17
16
16
13
11
8
6
5
4
5
5
9
13
16
20
23
25
26
24
21
17
12
6
0
-8
-15
-20
-26
-30
-33
-33
-30
-25
-19
-14
-10
-8
-5
-3
-3
-4
-5
-6
-8
-9
-10
-10
-9
-7
-5
-1
5
9
15
19
22
26
30
32
34
35
34
30
24
17
11
4
-1
-8
-13
-16
-19
-18
-18
-14
-10
-5
-2
-1
1
-1
-3
-8
-13
-17
-21
-23
-27
-27
-26
-23
-19
-15
-9
-5
0
5
6
11
11
13
15
15
17
17
18
17
16
15
13
11
8
5
3
1
0
0
-1
-2
-4
-5
-7
-7
-9
-11
-10
-10
-11
-11
-11
-9
-6
-4
-2
-1
-2
-3
-3
-7
-7
-7
-5
-2
1
4
7
9
12
14
16
14
13
10
6
2
-2
-3
-3
-1
1
4
7
7
9
7
6
3
0
-4
-9
-13
-16
-19
-18
-18
-14
-12
-9
-6
-3
1
3
6
9
15
19
20
22
23
22
18
13
6
-1
-7
-13
-19
-23
-24
-22
-16
-11
-1
6
13
19
21
21
18
12
7
-2
-8
-16
-23
-29
-32
-35
-34
-31
-28
-23
-18
-11
-3
4
13
20
25
28
30
30
26
22
16
8
1
-5
-9
-12
-10
-7
-2
6
12
20
25
29
31
28
25
19
11
6
-1
-6
-11
-12
-11
-12
-10
-10
-10
-10
-11
-12
-13
-12
-10
-9
-6
-4
-1
1
1
2
-1
-2
-4
-7
-9
-10
-9
-4
2
8
12
17
20
21
18
14
6
-1
-8
-15
-19
-22
-24
-20
-17
-11
-7
-2
0
2
0
-4
-8
-12
-15
-18
-20
-21
-21
-22
-21
-19
-17
-16
-16
-14
-14
-11
-5
1
8
16
23
28
34
36
35
30
24
18
10
3
-2
-6
-6
-4
0
4
9
13
17
18
16
14
9
4
-1
-4
-8
-10
-11
-11
-12
-12
-14
-15
-16
-19
-22
-22
-21
-19
-16
-9
-3
5
13
20
24
26
25
22
19
13
8
4
0
0
-1
1
3
7
10
11
12
10
10
9
6
5
2
3
3
2
3
2
0
-3
-5
-9
-13
-18
-20
-22
-20
-18
-13
-6
1
7
12
17
19
19
19
15
13
9
7
4
4
5
7
10
12
13
13
12
10
8
6
3
1
-2
-2
-2
-2
-4
-4
-5
-7
-11
-14
-16
-18
-19
-19
-17
-15
-11
-7
-4
-1
0
0
-2
-4
-6
-9
-10
-8
-6
-3
2
8
16
22
25
25
24
20
15
10
5
0
-6
-8
-10
-10
-11
-10
-9
-7
-7
-7
-8
-9
-9
-9
-8
-6
-4
-5
-5
-5
-8
-9
-13
-16
-18
-20
-20
-18
-14
-8
0
8
16
22
26
27
27
25
22
18
13
9
8
7
5
5
4
4
2
1
-2
-5
-5
-6
-5
-3
0
2
4
7
8
6
3
-2
-8
-12
-19
-22
-24
-24
-21
-18
-13
-7
-2
2
5
8
8
9
8
11
13
15
17
21
23
24
22
19
13
7
0
-6
-10
-13
-14
-13
-8
-3
4
9
11
12
11
8
3
-2
-7
-12
-15
-17
-17
-17
-15
-13
-11
-9
-9
-8
-8
-6
-3
2
7
10
14
19
21
22
22
19
13
9
5
1
-2
-1
-1
1
4
5
6
7
7
4
1
-3
-6
-11
-11
-13
-13
-11
-12
-10
-10
-10
-10
-12
-14
-15
-14
-15
-13
-12
-10
-7
-2
0
2
2
2
3
3
3
5
7
8
12
14
18
18
17
17
13
9
3
-2
-5
-8
-11
-12
-11
-11
-9
-8
-5
-5
-4
-3
-1
-1
1
1
0
0
0
0
-2
-3
-5
-6
-6
-5
-4
0
5
9
15
19
22
25
26
26
25
23
19
16
12
11
10
9
7
6
3
1
-2
-4
-7
-8
-11
-10
-10
-8
-6
-3
-1
0
1
0
-3
-7
-10
-14
-16
-16
-15
-13
-8
-3
2
6
7
10
10
9
10
9
10
10
11
13
15
16
15
15
12
10
4
0
-6
-11
-15
-16
-17
-17
-14
-12
-10
-8
-9
-8
-9
-10
-12
-13
-14
-15
-13
-11
-10
-9
-8
-8
-9
-8
-8
-8
-6
-5
-3
-1
3
7
11
14
15
14
11
7
5
2
0
-1
-3
-2
-3
-2
-1
0
-1
-3
-7
-9
-12
-14
-17
-17
-15
-13
-8
-9
-7
-5
-5
-5
-5
-6
-6
-7
-7
-5
-3
0
3
6
9
10
12
11
11
8
7
5
4
3
4
5
7
7
8
7
5
3
0
-2
-6
-9
-10
-11
-13
-12
-11
-8
-8
-7
-6
-6
-5
-5
-4
-3
-2
-1
1
1
2
4
5
5
6
6
5
5
5
6
8
9
12
14
17
17
17
16
14
13
10
9
7
4
4
5
6
6
6
6
5
4
1
-1
-3
-5
-6
-7
-6
-3
-2
1
3
5
7
7
7
4
5
3
2
2
2
2
3
4
4
3
2
0
0
-1
-3
-6
-7
-9
-9
-9
-8
-8
-6
-6
-6
-6
-8
-10
-12
-13
-17
-17
-18
-17
-16
-14
-11
-9
-7
-4
-4
-3
-2
-1
0
2
3
3
5
7
8
10
11
12
12
11
10
10
7
6
6
5
5
5
6
6
4
3
2
1
0
-1
-1
1
1
0
-1
-2
-1
-3
-5
-5
-7
-7
-7
-8
-8
-7
-6
-5
-5
-3
-2
-1
1
3
2
2
1
0
2
3
4
5
4
4
2
-1
-3
-4
-7
-8
-9
-8
-7
-6
-5
-3
-2
-1
-2
-2
-3
-4
-2
-3
-2
-1
-1
0
-1
-1
0
2
2
2
1
0
-1
-2
0
1
4
8
11
14
16
18
18
16
14
12
9
8
5
4
4
3
2
2
1
0
1
-1
-1
-1
-1
0
1
