-15
-14
-13
-13
-11
-9
-6
-6
-3
-2
0
1
1
2
5
6
7
8
10
11
13
15
16
17
18
19
21
21
21
22
23
24
25
25
25
26
26
26
26
26
25
25
25
24
24
23
21
20
20
20
18
17
17
16
15
14
12
12
12
10
9
8
6
6
3
2
0
-1
-2
-3
-4
-4
-6
-9
-8
-9
-11
-12
-13
-13
-15
-16
-17
-17
-18
-18
-19
-19
-20
-21
-22
-22
-22
-23
-21
-21
-21
-21
-21
-20
-20
-20
-20
-19
-18
-17
-17
-15
-14
-13
-12
-11
-9
-8
-8
-7
-4
-2
-2
-1
3
3
3
4
5
6
7
7
9
10
10
12
13
12
13
15
16
17
17
19
18
17
17
17
18
18
19
18
18
18
19
19
19
20
19
20
20
20
19
20
19
18
19
19
18
18
18
16
15
14
14
13
12
11
9
8
7
7
7
6
4
3
2
1
0
0
-2
-3
-4
-5
-6
-7
-9
-11
-12
-13
-14
-15
-16
-16
-16
-18
-18
-18
-18
-20
-20
-20
-21
-21
-21
-20
-19
-21
-21
-21
-21
-20
-20
-20
-19
-17
-17
-16
-14
-13
-12
-12
-10
-9
-9
-7
-5
-4
-3
-2
-1
-2
-2
0
0
1
2
4
5
5
6
8
9
11
12
12
13
14
15
15
16
16
16
17
17
18
18
18
18
18
19
18
18
18
18
18
18
17
17
18
17
17
18
17
16
16
14
12
11
9
8
5
4
2
2
1
0
0
-1
-2
-4
-5
-6
-6
-7
-8
-9
-9
-11
-12
-13
-14
-14
-16
-17
-18
-20
-20
-19
-19
-20
-20
-20
-20
-20
-18
-16
-16
-15
-15
-14
-14
-14
-15
-15
-15
-15
-14
-14
-14
-14
-13
-12
-12
-11
-9
-8
-6
-5
-4
-2
-1
-1
1
1
2
2
3
3
4
5
6
5
6
6
7
8
9
9
10
10
12
12
12
13
13
13
15
14
14
13
13
12
12
12
11
11
10
11
11
10
10
11
11
10
10
10
10
9
9
9
7
6
5
5
3
1
0
0
-2
-2
-3
-3
-4
-5
-5
-7
-6
-5
-5
-5
-6
-7
-6
-7
-7
-8
-9
-9
-10
-10
-12
-12
-13
-14
-14
-14
-14
-13
-13
-12
-11
-10
-8
-7
-8
-6
-6
-5
-4
-3
-2
-2
-3
-2
-2
-2
-2
-1
-1
0
2
2
5
5
6
7
9
10
11
11
12
12
12
13
12
13
11
12
12
11
11
12
11
12
13
13
14
14
15
15
16
15
14
16
13
12
12
12
11
10
9
8
6
6
5
4
3
3
3
2
2
1
1
1
0
-1
-2
-3
-4
-5
-6
-8
-8
-10
-13
-14
-15
-16
-17
-16
-16
-16
-15
-15
-15
-14
-14
-14
-15
-15
-15
-15
-15
-15
-15
-15
-15
-15
-14
-15
-13
-12
-12
-12
-11
-10
-8
-8
-7
-5
-5
-4
-2
-2
-1
-2
-1
-1
0
0
1
1
2
4
3
4
6
7
8
8
9
11
11
11
13
14
13
13
12
13
13
14
14
13
12
14
14
14
15
15
14
15
16
16
15
16
15
15
16
14
13
13
11
11
12
11
10
8
7
6
6
5
3
3
1
1
1
0
-1
-2
-2
-3
-5
-5
-6
-7
-8
-8
-10
-11
-11
-13
-16
-15
-15
-15
-16
-16
-16
-16
-16
-15
-16
-15
-17
-17
-17
-16
-17
-17
-18
-17
-16
-18
-17
-18
-18
-19
-18
-19
-19
-17
-16
-15
-14
-13
-14
-13
-12
-11
-11
-10
-9
-7
-7
-7
-7
-7
-5
-6
-5
-4
-3
-2
0
1
1
3
3
3
4
4
4
4
6
6
6
7
6
6
6
6
6
6
6
6
6
8
7
8
10
8
9
9
10
10
9
9
9
9
9
9
9
9
9
10
9
10
10
9
9
10
10
12
13
12
12
12
13
12
12
12
12
11
11
11
11
10
10
10
9
10
9
10
11
11
11
11
10
9
9
10
9
9
9
8
6
4
4
4
2
1
-2
-2
-2
-3
-5
-6
-5
-7
-8
-9
-9
-12
-13
-13
-15
-15
-16
-19
-19
-19
-19
-20
-20
-21
-21
-21
-21
-21
-21
-21
-21
-20
-20
-18
-18
-17
-16
-17
-15
-15
-16
-16
-14
-12
-12
-10
-10
-9
-7
-5
-3
-2
-1
-1
-1
0
0
2
3
5
4
4
7
9
9
11
11
12
12
12
13
13
15
15
15
15
17
17
17
18
16
15
15
15
15
15
15
15
13
12
13
12
11
10
8
8
8
6
7
6
6
4
4
4
2
0
0
0
-1
-1
-3
-4
-4
-5
-5
-5
-4
-5
-4
-2
-2
-4
-2
-2
-3
-3
-1
-1
-1
-1
-1
-2
2
1
2
2
1
0
0
2
1
0
1
3
3
2
4
4
4
4
4
3
2
2
2
2
2
1
2
3
1
2
3
2
1
-1
-1
-3
-3
-2
-4
-4
-4
-4
-6
-6
-7
-8
-9
-10
-10
-12
-11
-12
-13
-13
-12
-13
-13
-12
-14
-15
-14
-14
-15
-15
-15
-15
-16
-14
-15
-16
-14
-13
-12
-11
-9
-9
-9
-8
-7
-9
-6
-4
-3
-3
-2
-1
-2
0
0
1
2
3
3
3
6
6
6
8
8
9
11
11
11
10
11
11
12
13
13
13
13
13
13
13
15
15
15
17
16
14
12
12
13
13
14
13
15
13
11
9
9
8
8
7
7
6
4
5
4
3
2
2
0
0
0
-1
-3
-4
-4
-6
-5
-4
-4
-5
-4
-6
-7
-7
-7
-7
-8
-8
-8
-10
-9
-10
-10
-9
-8
-9
-9
-9
-10
-10
-10
-11
-11
-10
-10
-11
-10
-11
-11
-11
-12
-12
-12
-12
-11
-12
-12
-11
-10
-10
-9
-9
-8
-9
-8
-9
-7
-7
-6
-5
-4
-4
-4
-3
-2
-3
-2
-1
0
1
3
2
2
3
5
7
8
10
11
10
11
11
10
12
14
15
15
16
15
13
14
14
13
16
16
16
15
14
13
11
12
12
11
11
10
10
8
8
8
7
7
7
6
5
3
1
0
0
1
-1
-1
-1
-3
-3
-4
-4
-6
-5
-6
-7
-6
-6
-6
-7
-8
-8
-8
-7
-6
-7
-8
-8
-9
-11
-10
-9
-9
-8
-8
-9
-8
-8
-8
-8
-7
-6
-7
-6
-6
-8
-7
-6
-4
-3
-2
-1
-2
-2
-2
-3
-3
0
0
1
2
1
1
1
2
3
4
4
4
4
2
3
2
4
6
7
8
10
8
7
7
6
7
7
9
7
7
5
4
4
4
4
4
5
5
4
3
3
2
2
2
2
3
3
3
0
0
0
-1
0
-1
-1
-3
-4
-5
-5
-6
-4
-4
-5
-5
-5
-6
-7
-6
-7
-6
-5
-5
-5
-7
-5
-6
-8
-7
-6
-6
-6
-6
-6
-7
-6
-6
-6
-4
-4
-4
-3
-2
-4
-3
-3
-3
-2
0
1
0
0
0
-1
0
2
3
2
3
2
1
2
3
4
4
6
7
7
8
6
6
9
10
11
11
11
10
10
11
10
10
12
12
11
11
10
9
7
8
7
7
7
7
6
6
6
4
3
3
2
1
0
0
-2
-2
-2
-2
-4
-2
-2
-4
-5
-4
-6
-6
-5
-5
-6
-5
-7
-7
-7
-8
-7
-8
-7
-7
-8
-6
-6
-6
-7
-6
-5
-5
-5
-5
-5
-5
-5
-7
-6
-6
-5
-5
-4
-4
-3
-2
-2
-3
-3
-1
-1
1
1
0
-1
0
0
0
1
2
3
3
3
3
1
2
3
3
4
5
5
5
6
6
5
7
6
7
6
5
4
5
5
7
6
7
9
8
7
8
8
6
6
7
7
6
7
6
5
6
5
5
6
6
4
5
4
3
3
3
4
3
4
4
1
0
0
-1
-1
1
0
0
-1
-2
-3
-3
-2
-3
-3
-3
-3
-4
-6
-5
-6
-5
-4
-4
-5
-7
-6
-7
-6
-6
-6
-7
-7
-7
-8
-8
-7
-7
-6
-5
-7
-7
-7
-6
-6
-5
-5
-5
-4
-4
-5
-5
-5
-4
-4
-3
-4
-4
-4
-3
-3
-1
0
0
-1
0
2
1
4
2
3
4
3
4
4
5
7
6
7
7
7
7
8
8
9
8
9
8
8
7
6
6
7
7
7
7
9
7
6
6
6
5
5
5
4
2
3
2
1
1
0
1
0
-1
-3
-4
-4
-5
-6
-6
-6
-8
-7
-9
-10
-9
-9
-9
-10
-10
-11
-11
-11
-12
-11
-12
-12
-12
-12
-12
-13
-13
-13
-13
-14
-13
-12
-13
-12
-11
-11
-11
-11
-10
-10
-9
-9
-9
-8
-7
-6
-7
-5
-4
-3
-2
-1
-1
0
0
1
1
5
5
5
5
5
5
6
7
8
8
8
8
9
9
11
10
12
13
13
13
12
11
11
10
11
12
12
12
13
13
11
12
10
10
10
10
9
10
10
10
10
8
7
7
7
7
6
5
4
4
3
3
3
3
3
1
-1
0
-2
-1
-1
-1
-2
-2
-2
-3
-5
-5
-6
-6
-7
-8
-9
-10
-11
-12
-13
-13
-12
-13
-14
-14
-16
-17
-17
-17
-18
-17
-17
-16
-17
-16
-15
-16
-17
-16
-15
-15
-14
-15
-14
-13
-12
-10
-9
-7
-7
-7
-6
-4
-3
-2
-2
-1
0
1
2
3
4
5
6
6
7
8
9
10
10
12
11
12
12
12
13
14
13
14
15
15
16
15
16
16
16
16
14
14
13
14
14
14
14
14
12
12
11
11
11
10
10
10
9
8
7
6
5
4
3
1
1
0
-1
-1
-3
-3
-4
-5
-6
-8
-9
-10
-10
-10
-11
-12
-13
-13
-13
-15
-14
-15
-15
-16
-18
-18
-18
-17
-16
-15
-16
-15
-15
-14
-15
-14
-15
-15
-14
-13
-11
-10
-10
-9
-10
-9
-8
-7
-6
-6
-4
-3
-2
-2
-1
0
0
0
2
3
5
6
6
5
6
9
9
9
10
10
10
11
11
12
12
13
13
14
14
15
14
14
15
14
14
15
14
12
13
11
13
13
13
12
12
10
10
9
9
9
8
7
7
7
7
6
5
4
2
1
1
1
1
-2
-3
-3
-4
-4
-5
-6
-8
-8
-10
-12
-12
-13
-14
-14
-15
-17
-16
-18
-19
-20
-22
-22
-22
-21
-21
-20
-21
-22
-21
-21
-21
-20
-20
-20
-18
-18
-17
-17
-15
-16
-15
-12
-13
-10
-9
-7
-7
-6
-5
-4
-2
0
0
2
2
4
5
7
8
9
10
11
13
15
16
17
18
18
19
20
21
22
24
25
27
26
26
26
26
27
27
26
26
26
26
26
27
27
26
25
23
23
22
23
22
21
20
19
18
17
17
16
15
13
13
10
9
9
7
7
5
4
1
-1
-1
-2
-4
-7
-8
-9
-10
-10
-12
-14
-15
-16
-17
-18
-19
-21
-22
-24
-25
-26
-27
-28
-27
-28
-28
-29
-30
-28
-28
-28
-28
-27
-26
-26
-25
-24
-22
-23
-22
-21
-19
-19
-17
-17
-16
-14
-12
-10
-8
-6
-4
-3
-2
0
0
1
3
5
7
8
9
11
12
14
14
15
17
18
18
19
20
21
22
22
23
22
22
23
24
25
24
23
22
23
23
23
23
24
24
24
23
22
23
22
21
20
20
20
20
19
17
16
15
13
11
10
10
7
6
5
3
1
1
0
-1
-3
-5
-6
-8
-9
-10
-11
-12
-15
-17
-20
-19
-20
-22
-22
-23
-24
-25
-25
-26
-26
-26
-26
-26
-25
-24
-25
-23
-23
-21
-21
-20
-19
-19
-18
-16
-15
-13
-13
-12
-11
-9
-7
-5
-4
-3
-1
0
4
4
6
8
8
9
11
13
13
13
15
15
16
18
19
21
22
22
22
19
21
21
21
20
20
19
19
19
20
20
19
17
18
16
15
14
14
14
13
11
9
8
6
5
5
4
4
1
0
-3
-3
-4
-5
-7
-9
-11
-12
-12
-13
-13
-14
-17
-18
-19
-20
-20
-18
-18
-19
-19
-20
-21
-20
-19
-19
-20
-20
-21
-19
-18
-17
-16
-15
-15
-14
-13
-12
-12
-9
-8
-6
-5
-5
-5
-4
-3
-1
1
2
3
4
6
6
7
9
10
11
11
13
14
15
16
16
17
17
17
18
18
18
18
20
20
20
19
18
19
19
19
19
18
18
18
16
15
16
15
13
12
11
11
9
9
8
7
6
3
3
3
3
2
1
-1
-3
-3
-3
-5
-5
-6
-8
-9
-10
-11
-12
-13
-14
-14
-15
-16
-17
-18
-18
-18
-18
-19
-19
-20
-20
-21
-21
-20
-21
-22
-21
-20
-20
-18
-18
-17
-18
-17
-16
-16
-14
-13
-13
-13
-12
-12
-10
-8
-7
-7
-6
-5
-4
-2
-1
0
2
3
4
5
7
6
9
12
13
13
13
12
14
16
16
17
18
19
19
19
20
20
20
20
19
19
19
19
19
19
19
19
17
16
16
15
14
13
12
13
14
13
12
10
9
8
9
8
7
5
5
6
6
3
1
0
-1
-2
-3
-3
-4
-4
-7
-8
-9
-11
-12
-12
-14
-16
-17
-18
-18
-18
-20
-21
-22
-23
-24
-25
-24
-23
-22
-22
-22
-21
-21
-20
-20
-19
-18
-16
-15
-14
-13
-12
-10
-9
-8
-7
-6
-3
-2
1
1
2
2
2
3
4
6
8
7
8
7
8
8
9
9
9
9
8
8
7
8
8
9
9
8
9
8
9
10
9
9
10
12
12
13
14
13
13
13
13
13
14
12
12
12
11
12
11
10
10
11
11
9
10
9
6
5
5
5
3
2
1
-1
-2
-4
-4
-6
-6
-8
-10
-12
-13
-14
-15
-16
-16
-16
-17
-17
-17
-19
-18
-19
-19
-20
-18
-19
-20
-19
-20
-18
-16
-14
-13
-12
-12
-12
-12
-12
-11
-9
-8
-5
-5
-4
-2
-1
-1
0
1
2
3
3
2
1
2
3
3
4
5
5
5
5
5
4
6
5
6
7
8
8
10
10
12
14
15
17
19
20
20
20
22
22
23
26
28
28
30
31
31
32
34
34
34
32
33
31
28
26
25
24
22
21
20
18
17
13
10
8
7
4
1
-1
-2
-4
-6
-8
-9
-8
-12
-14
-14
-17
-19
-22
-20
-21
-21
-21
-19
-19
-19
-19
-19
-18
-19
-20
-20
-21
-22
-24
-24
-24
-26
-27
-28
-28
-29
-29
-29
-30
-27
-26
-25
-23
-21
-20
-18
-17
-17
-15
-12
-11
-9
-10
-10
-8
-5
-4
-2
3
9
13
16
20
24
25
28
32
33
34
38
42
41
41
40
40
41
38
35
31
29
29
26
23
22
26
25
26
24
22
21
14
10
7
3
-2
-5
-3
-4
-3
0
0
6
7
14
17
21
28
32
36
37
41
42
41
39
35
28
19
6
-8
-20
-33
-46
-57
-68
-80
-91
-101
-110
-120
-127
-135
-143
-151
-158
-164
-171
-174
-176
-178
-174
-167
-159
-152
-144
-129
-116
-99
-84
-62
-34
-8
19
50
81
114
147
179
207
235
264
285
306
323
343
358
372
385
392
400
402
398
386
368
346
319
291
254
217
179
139
94
49
7
-40
-87
-133
-182
-231
-282
-326
-373
-418
-456
-495
-523
-548
-565
-581
-590
-586
-584
-572
-558
-538
-515
-488
-459
-433
-402
-365
-321
-274
-222
-164
-98
-19
59
133
215
302
385
454
515
571
618
655
670
677
678
669
655
630
602
569
535
498
456
413
371
331
291
253
210
165
131
104
71
37
10
-8
-29
-49
-72
-90
-103
-123
-137
-154
-163
-171
-180
-191
-209
-227
-252
-277
-314
-363
-412
-465
-516
-570
-623
-671
-707
-729
-753
-767
-766
-753
-737
-721
-693
-659
-612
-560
-502
-430
-347
-247
-147
-47
60
175
303
423
527
625
726
822
894
954
1005
1050
1090
1108
1107
1105
1103
1087
1050
1006
957
897
827
746
657
554
458
368
273
174
70
-21
-96
-174
-263
-336
-384
-431
-473
-508
-532
-539
-545
-546
-548
-532
-514
-503
-498
-497
-496
-516
-528
-542
-572
-604
-635
-650
-665
-684
-703
-711
-700
-700
-702
-694
-671
-651
-643
-625
-616
-598
-570
-526
-475
-418
-326
-223
-106
25
156
295
445
594
712
825
938
1033
1103
1143
1178
1205
1220
1215
1190
1173
1137
1086
1027
964
894
809
726
644
550
435
319
211
104
-9
-132
-236
-327
-417
-504
-568
-613
-652
-673
-670
-645
-607
-555
-495
-417
-331
-257
-187
-100
-19
31
67
103
135
151
156
144
124
106
67
5
-53
-117
-192
-263
-332
-423
-524
-613
-696
-775
-865
-964
-1051
-1120
-1198
-1265
-1306
-1313
-1295
-1259
-1174
-1058
-914
-737
-521
-286
-54
171
392
632
860
1035
1194
1353
1505
1591
1631
1677
1707
1718
1697
1653
1596
1525
1419
1285
1160
1018
838
645
465
274
62
-131
-302
-461
-616
-769
-887
-969
-1017
-1064
-1081
-1055
-1004
-945
-864
-743
-616
-473
-326
-170
-4
148
292
435
571
685
765
834
894
926
916
885
833
752
648
531
399
265
119
-42
-196
-343
-500
-663
-806
-947
-1090
-1238
-1378
-1505
-1619
-1725
-1828
-1912
-1970
-2006
-2017
-1987
-1896
-1757
-1576
-1357
-1098
-808
-487
-161
149
466
779
1070
1310
1526
1714
1861
1975
2050
2097
2112
2111
2082
2022
1949
1848
1719
1587
1446
1264
1053
845
629
396
148
-102
-332
-542
-740
-944
-1102
-1207
-1292
-1354
-1371
-1338
-1274
-1189
-1064
-913
-735
-537
-333
-121
86
285
448
630
798
927
1024
1102
1166
1183
1183
1151
1102
1045
941
821
696
578
430
267
108
-60
-240
-432
-610
-801
-985
-1169
-1364
-1547
-1726
-1889
-2039
-2166
-2266
-2352
-2391
-2403
-2375
-2295
-2145
-1933
-1684
-1406
-1095
-751
-381
12
382
749
1096
1391
1662
1898
2113
2280
2403
2496
2536
2547
2532
2486
2425
2315
2169
1991
1807
1601
1347
1071
779
481
167
-153
-462
-756
-1036
-1296
-1510
-1681
-1799
-1874
-1908
-1881
-1803
-1681
-1521
-1306
-1065
-823
-560
-274
11
274
510
709
894
1060
1192
1293
1383
1443
1464
1462
1464
1445
1390
1316
1211
1089
953
807
627
418
195
-49
-302
-569
-848
-1133
-1403
-1647
-1884
-2101
-2278
-2421
-2525
-2597
-2649
-2659
-2632
-2576
-2504
-2391
-2209
-2000
-1749
-1446
-1111
-765
-417
-39
365
776
1145
1435
1752
2075
2345
2529
2671
2827
2923
2944
2895
2823
2748
2611
2391
2133
1885
1619
1295
971
665
342
9
-303
-583
-852
-1119
-1363
-1549
-1674
-1795
-1910
-1946
-1881
-1803
-1730
-1599
-1369
-1102
-846
-570
-278
38
352
619
857
1089
1290
1442
1564
1660
1713
1727
1745
1754
1709
1627
1537
1444
1326
1170
982
780
580
337
48
-242
-517
-806
-1119
-1408
-1670
-1917
-2139
-2329
-2490
-2622
-2714
-2782
-2817
-2820
-2801
-2756
-2682
-2561
-2393
-2198
-1938
-1626
-1295
-949
-583
-181
246
687
1089
1425
1782
2137
2421
2612
2757
2904
2999
3011
2938
2829
2740
2608
2367
2082
1830
1580
1275
958
640
329
14
-285
-565
-821
-1056
-1294
-1484
-1601
-1717
-1846
-1883
-1794
-1683
-1610
-1480
-1251
-955
-676
-436
-146
183
506
752
947
1155
1333
1452
1524
1590
1614
1589
1572
1548
1489
1390
1294
1213
1109
947
742
547
376
165
-113
-399
-648
-893
-1169
-1439
-1676
-1884
-2071
-2252
-2415
-2555
-2666
-2746
-2812
-2851
-2869
-2869
-2827
-2733
-2593
-2428
-2182
-1849
-1499
-1133
-740
-302
174
663
1111
1479
1879
2292
2612
2831
3001
3174
3281
3314
3271
3173
3101
2994
2779
2503
2263
2037
1747
1433
1123
797
449
121
-186
-499
-819
-1131
-1395
-1601
-1792
-1996
-2109
-2073
-1988
-1945
-1841
-1607
-1297
-999
-745
-451
-112
252
520
701
906
1095
1216
1287
1360
1401
1393
1417
1437
1407
1362
1327
1277
1210
1094
913
751
612
419
124
-168
-389
-658
-978
-1289
-1577
-1833
-2069
-2302
-2550
-2728
-2838
-2945
-3037
-3079
-3097
-3092
-3016
-2888
-2733
-2526
-2204
-1845
-1493
-1094
-688
-210
327
826
1231
1627
2097
2496
2774
2986
3196
3396
3513
3527
3448
3369
3306
3124
2842
2565
2303
1997
1652
1293
916
516
150
-172
-518
-872
-1210
-1506
-1722
-1914
-2142
-2315
-2268
-2148
-2091
-2032
-1825
-1450
-1078
-767
-516
-177
265
637
842
981
1208
1410
1524
1596
1605
1620
1674
1707
1657
1584
1561
1537
1491
1386
1205
995
847
707
410
50
-238
-490
-805
-1168
-1529
-1848
-2099
-2360
-2690
-2977
-3143
-3252
-3368
-3469
-3500
-3485
-3402
-3240
-3081
-2911
-2603
-2205
-1812
-1425
-1033
-558
-11
546
966
1349
1866
2366
2732
2985
3273
3576
3767
3854
3814
3770
3746
3612
3338
3019
2727
2366
1969
1578
1156
691
257
-87
-444
-829
-1226
-1552
-1768
-1942
-2174
-2326
-2223
-2116
-2096
-2060
-1841
-1445
-1098
-878
-693
-301
147
407
556
754
1028
1216
1323
1388
1403
1493
1579
1566
1526
1494
1428
1344
1302
1141
879
683
547
310
-60
-380
-614
-842
-1123
-1512
-1903
-2134
-2322
-2662
-3009
-3185
-3285
-3397
-3490
-3550
-3554
-3460
-3278
-3093
-2914
-2619
-2239
-1851
-1425
-1016
-593
-64
542
1034
1416
1912
2445
2870
3186
3478
3767
3991
4139
4137
4052
4020
3900
3614
3281
2950
2549
2121
1768
1360
872
418
66
-265
-627
-956
-1251
-1454
-1578
-1691
-1852
-1911
-1838
-1825
-1777
-1634
-1442
-1278
-1068
-775
-532
-290
-6
259
509
744
930
1044
1221
1395
1414
1409
1461
1478
1391
1292
1186
1050
907
754
574
371
210
22
-208
-392
-602
-876
-1156
-1397
-1695
-2058
-2337
-2578
-2819
-3041
-3232
-3354
-3424
-3434
-3429
-3374
-3197
-2976
-2698
-2379
-2010
-1614
-1220
-725
-218
284
717
1158
1684
2125
2499
2794
3127
3472
3665
3760
3796
3851
3861
3719
3474
3221
2995
2684
2313
1941
1562
1154
736
376
21
-315
-631
-895
-1097
-1271
-1455
-1603
-1609
-1577
-1617
-1640
-1524
-1336
-1190
-1078
-913
-681
-427
-225
-62
131
361
547
663
781
886
938
967
995
973
897
805
728
626
470
320
190
84
-45
-229
-409
-561
-709
-947
-1222
-1468
-1735
-2015
-2308
-2555
-2763
-2924
-3043
-3164
-3215
-3224
-3136
-2978
-2752
-2443
-2147
-1780
-1394
-1001
-553
-93
374
779
1209
1660
2031
2375
2695
3029
3302
3494
3634
3726
3828
3854
3746
3576
3419
3212
2903
2584
2243
1870
1463
1051
695
329
-2
-332
-620
-813
-1001
-1185
-1314
-1327
-1351
-1425
-1415
-1324
-1215
-1128
-1045
-908
-732
-553
-427
-308
-144
-1
81
148
248
303
310
315
323
288
211
128
38
-54
-154
-273
-349
-376
-444
-572
-682
-759
-909
-1118
-1345
-1581
-1823
-2067
-2298
-2518
-2672
-2773
-2868
-2911
-2864
-2722
-2539
-2273
-1935
-1635
-1280
-889
-469
-54
333
692
1011
1410
1749
1986
2196
2457
2745
2906
3029
3155
3267
3390
3392
3284
3159
3065
2904
2616
2324
2000
1636
1236
845
483
133
-162
-449
-691
-880
-1042
-1143
-1168
-1109
-1130
-1156
-1051
-907
-779
-742
-648
-475
-332
-219
-184
-104
19
106
118
109
148
139
100
53
11
-51
-147
-208
-288
-380
-473
-542
-575
-607
-645
-730
-776
-836
-974
-1143
-1339
-1515
-1735
-1969
-2181
-2360
-2467
-2553
-2608
-2595
-2468
-2262
-1998
-1646
-1310
-942
-549
-129
283
623
941
1197
1494
1735
1867
1987
2139
2338
2412
2431
2502
2583
2703
2726
2660
2596
2571
2509
2304
2086
1846
1543
1198
864
537
190
-76
-334
-572
-758
-907
-986
-989
-899
-858
-828
-664
-469
-309
-217
-90
67
183
311
346
383
458
467
420
363
362
316
220
136
42
-61
-173
-272
-397
-519
-622
-744
-845
-915
-971
-1071
-1161
-1239
-1413
-1598
-1764
-1933
-2152
-2389
-2570
-2726
-2817
-2885
-2948
-2927
-2782
-2544
-2238
-1866
-1490
-1088
-651
-155
276
645
1006
1329
1660
1888
2021
2144
2304
2472
2514
2509
2560
2619
2682
2641
2554
2493
2453
2371
2172
1981
1774
1520
1228
917
607
300
46
-197
-413
-608
-770
-857
-877
-828
-809
-745
-553
-343
-169
-30
176
393
561
695
742
802
857
850
764
690
641
514
353
194
53
-112
-274
-430
-604
-747
-871
-1007
-1126
-1222
-1335
-1472
-1563
-1684
-1899
-2105
-2291
-2492
-2723
-2933
-3102
-3217
-3260
-3255
-3236
-3094
-2820
-2485
-2043
-1615
-1157
-682
-167
376
796
1203
1540
1897
2232
2408
2547
2705
2925
3051
3018
3006
3029
3090
3055
2903
2761
2631
2485
2216
1938
1686
1395
1050
700
383
41
-260
-513
-724
-898
-1074
-1179
-1176
-1093
-1036
-1024
-882
-639
-427
-267
-78
200
435
637
774
895
1062
1167
1151
1110
1105
1038
896
741
584
384
171
-35
-263
-485
-677
-868
-1039
-1179
-1333
-1496
-1625
-1762
-1982
-2239
-2464
-2695
-2958
-3206
-3438
-3591
-3673
-3709
-3709
-3619
-3353
-3014
-2553
-2072
-1584
-1030
-453
193
715
1171
1585
1956
2351
2581
2739
2914
3152
3342
3336
3344
3417
3496
3524
3401
3241
3095
2948
2686
2341
2001
1616
1183
750
375
-34
-430
-754
-1019
-1234
-1418
-1553
-1575
-1509
-1419
-1371
-1226
-948
-709
-519
-316
-30
229
444
627
786
974
1112
1190
1232
1319
1357
1286
1202
1140
1044
878
693
504
286
58
-175
-409
-622
-833
-1060
-1294
-1509
-1791
-2104
-2419
-2730
-3071
-3440
-3729
-3961
-4124
-4243
-4293
-4232
-4020
-3688
-3245
-2791
-2277
-1685
-1059
-383
183
689
1149
1649
2108
2371
2595
2851
3133
3349
3426
3521
3668
3821
3883
3805
3750
3691
3571
3338
3033
2700
2292
1841
1345
856
330
-174
-615
-993
-1304
-1588
-1785
-1850
-1840
-1800
-1751
-1587
-1340
-1118
-892
-663
-380
-143
56
255
437
608
715
814
923
1042
1130
1152
1187
1243
1241
1183
1118
1043
933
782
618
445
256
38
-201
-482
-786
-1159
-1576
-1985
-2408
-2830
-3262
-3639
-3942
-4210
-4417
-4538
-4537
-4405
-4122
-3698
-3304
-2851
-2330
-1700
-1024
-458
71
527
1077
1555
1840
2114
2424
2780
3010
3140
3328
3538
3796
3921
3922
3946
3962
3918
3734
3519
3222
2808
2362
1889
1408
853
339
-146
-580
-983
-1393
-1661
-1791
-1839
-1916
-1958
-1799
-1595
-1400
-1243
-1048
-766
-538
-333
-201
-32
149
249
360
468
580
648
717
819
893
962
998
1055
1099
1083
1027
968
938
831
676
490
274
-4
-408
-850
-1311
-1764
-2250
-2749
-3170
-3526
-3818
-4069
-4207
-4202
-4097
-3820
-3503
-3139
-2743
-2291
-1709
-1224
-764
-385
39
512
811
1053
1293
1653
1974
2147
2336
2567
2879
3110
3206
3305
3404
3504
3477
3377
3234
3009
2698
2322
1948
1502
1047
598
193
-190
-608
-947
-1173
-1290
-1406
-1559
-1551
-1434
-1283
-1190
-1110
-919
-746
-568
-475
-399
-276
-209
-173
-163
-102
-54
-29
30
101
157
223
332
472
580
671
746
828
918
977
944
854
732
486
175
-197
-591
-1032
-1521
-1965
-2390
-2724
-2986
-3215
-3312
-3305
-3106
-2843
-2601
-2254
-1921
-1435
-999
-657
-348
-91
273
459
549
667
843
1080
1170
1250
1396
1629
1891
2009
2149
2316
2494
2600
2608
2607
2504
2362
2156
1928
1641
1266
927
606
330
20
-295
-475
-573
-619
-722
-751
-619
-491
-354
-281
-141
15
111
198
201
234
217
143
53
-34
-113
-240
-315
-358
-408
-462
-493
-441
-384
-326
-250
-144
16
136
231
276
300
245
78
-113
-351
-637
-1008
-1393
-1750
-2068
-2316
-2526
-2620
-2608
-2462
-2194
-1944
-1604
-1227
-756
-299
26
313
538
817
958
918
890
902
949
863
712
678
730
852
864
866
967
1108
1228
1271
1337
1343
1279
1186
1072
913
649
408
207
22
-181
-425
-547
-557
-529
-531
-507
-296
-63
149
331
535
797
970
1106
1184
1233
1237
1129
1005
876
716
490
249
63
-113
-283
-451
-573
-649
-705
-732
-737
-670
-618
-564
-478
-419
-416
-525
-618
-749
-938
-1162
-1455
-1705
-1927
-2108
-2266
-2373
-2314
-2198
-1929
-1609
-1287
-878
-438
130
545
867
1176
1460
1757
1801
1765
1716
1720
1696
1445
1237
1112
1057
976
777
668
614
620
582
496
461
366
276
139
15
-169
-377
-533
-691
-814
-990
-1109
-1102
-1044
-968
-910
-686
-363
-74
210
490
880
1224
1477
1671
1820
1979
1990
1919
1806
1699
1537
1267
1001
744
493
219
-47
-264
-467
-605
-744
-841
-901
-955
-957
-980
-979
-1100
-1258
-1381
-1549
-1732
-2026
-2266
-2432
-2596
-2690
-2794
-2733
-2546
-2277
-1858
-1529
-1065
-570
-10
597
1006
1422
1737
2114
2387
2393
2415
2435
2487
2381
2110
1934
1795
1711
1500
1216
1024
879
732
483
289
99
-114
-339
-600
-843
-1141
-1363
-1568
-1737
-1874
-2038
-2043
-1949
-1804
-1670
-1508
-1106
-699
-315
62
443
931
1336
1686
1941
2197
2419
2449
2422
2377
2319
2169
1945
1709
1453
1228
977
709
459
233
37
-157
-296
-458
-621
-712
-820
-969
-1229
-1448
-1654
-1899
-2144
-2457
-2679
-2824
-2952
-3048
-3112
-2987
-2765
-2458
-1991
-1615
-1133
-618
-23
588
999
1443
1792
2202
2513
2548
2593
2662
2753
2649
2405
2271
2166
2095
1894
1595
1392
1240
1042
708
402
119
-197
-532
-881
-1227
-1615
-1925
-2209
-2446
-2635
-2797
-2812
-2709
-2539
-2369
-2144
-1668
-1150
-717
-288
192
776
1247
1636
1948
2245
2548
2647
2622
2604
2615
2530
2324
2134
1946
1750
1540
1300
1047
839
662
442
224
11
-186
-363
-520
-738
-1080
-1389
-1655
-1960
-2328
-2712
-3007
-3220
-3377
-3512
-3598
-3496
-3258
-2949
-2504
-2035
-1509
-947
-327
343
842
1316
1725
2118
2483
2595
2658
2741
2861
2851
2653
2540
2498
2467
2336
2069
1866
1707
1526
1217
880
610
278
-138
-582
-981
-1410
-1803
-2162
-2485
-2754
-2960
-3065
-3056
-2930
-2766
-2561
-2164
-1650
-1187
-738
-235
346
867
1294
1654
1959
2269
2441
2459
2462
2506
2490
2332
2147
1997
1852
1688
1506
1291
1096
953
777
581
400
230
39
-176
-409
-742
-1082
-1407
-1755
-2162
-2573
-2908
-3200
-3402
-3567
-3693
-3676
-3489
-3196
-2797
-2311
-1828
-1269
-689
-49
533
1003
1462
1821
2203
2433
2477
2553
2640
2703
2591
2414
2351
2284
2211
2011
1789
1645
1487
1249
918
626
343
-27
-452
-866
-1283
-1701
-2084
-2432
-2705
-2907
-3042
-3083
-3016
-2852
-2660
-2370
-1905
-1436
-990
-519
-6
533
960
1337
1649
1943
2162
2226
2236
2264
2257
2149
1978
1828
1700
1552
1382
1189
1030
914
795
647
522
403
260
91
-110
-376
-693
-1006
-1362
-1768
-2184
-2557
-2861
-3086
-3217
-3320
-3347
-3213
-2938
-2552
-2044
-1562
-1043
-493
109
683
1094
1531
1885
2234
2479
2518
2583
2675
2774
2712
2521
2446
2389
2340
2174
1916
1725
1562
1342
989
669
364
-10
-420
-836
-1237
-1668
-2015
-2327
-2586
-2777
-2901
-2928
-2850
-2694
-2507
-2256
-1828
-1363
-986
-601
-153
342
754
1102
1394
1663
1900
2032
2057
2078
2143
2109
1983
1863
1763
1653
1505
1340
1142
968
839
684
535
372
233
75
-94
-295
-593
-885
-1187
-1527
-1927
-2319
-2625
-2856
-3035
-3184
-3285
-3245
-3023
-2706
-2276
-1846
-1379
-822
-273
329
786
1202
1588
1907
2228
2323
2372
2455
2554
2600
2448
2339
2314
2297
2207
1970
1784
1656
1487
1181
812
519
179
-228
-692
-1135
-1539
-1925
-2266
-2543
-2740
-2892
-2965
-2932
-2775
-2568
-2354
-2028
-1577
-1117
-745
-358
112
563
913
1181
1432
1676
1838
1903
1901
1969
2026
1978
1883
1829
1822
1740
1626
1489
1352
1221
1073
937
758
577
389
173
7
-242
-560
-899
-1224
-1552
-1982
-2355
-2658
-2862
-3020
-3188
-3248
-3159
-2892
-2570
-2141
-1696
-1225
-697
-194
374
791
1181
1517
1789
2063
2132
2186
2287
2411
2475
2348
2307
2346
2362
2320
2131
1995
1871
1698
1409
1049
744
377
-56
-551
-1023
-1465
-1881
-2233
-2549
-2790
-2968
-3031
-2950
-2813
-2584
-2363
-1993
-1520
-1096
-688
-314
182
584
850
1091
1275
1493
1589
1604
1608
1633
1703
1665
1632
1649
1675
1670
1604
1555
1448
1366
1263
1114
938
714
515
281
42
-267
-675
-1049
-1408
-1791
-2212
-2582
-2818
-3026
-3197
-3323
-3377
-3279
-3053
-2793
-2443
-2013
-1590
-1124
-672
-153
292
641
1000
1269
1556
1747
1830
1981
2131
2283
2297
2270
2369
2432
2472
2387
2262
2161
2003
1767
1419
1086
736
309
-168
-666
-1127
-1563
-1932
-2260
-2544
-2733
-2879
-2810
-2539
-2375
-2141
-1870
-1403
-830
-456
-119
130
625
1036
1078
1194
1337
1492
1511
1451
1446
1420
1549
1577
1465
1495
1592
1589
1507
1512
1404
1238
1150
1008
762
478
350
110
-180
-468
-921
-1263
-1529
-1876
-2330
-2709
-2797
-2972
-3150
-3218
-3244
-3042
-2816
-2535
-2195
-1796
-1300
-947
-530
-45
296
629
914
1203
1431
1552
1706
1873
2093
2211
2198
2273
2477
2590
2530
2445
2396
2327
2125
1804
1452
1115
764
253
-280
-689
-1103
-1508
-1882
-2136
-2342
-2473
-2419
-2295
-2149
-1945
-1730
-1405
-968
-646
-420
-178
244
544
611
743
910
1075
1152
1150
1171
1276
1422
1447
1404
1512
1621
1625
1614
1615
1556
1437
1336
1187
1002
803
622
399
186
-81
-469
-799
-1083
-1452
-1906
-2287
-2528
-2769
-3000
-3159
-3263
-3225
-3130
-2969
-2755
-2369
-1980
-1674
-1308
-956
-542
-218
99
358
576
900
1078
1238
1447
1664
1903
2037
2199
2332
2440
2579
2548
2473
2359
2187
1935
1610
1284
878
448
16
-400
-791
-1133
-1423
-1663
-1797
-1861
-1889
-1790
-1616
-1429
-1268
-1076
-803
-570
-373
-234
-58
148
269
371
461
612
776
881
980
1114
1299
1452
1537
1646
1739
1801
1798
1762
1686
1557
1422
1253
1071
852
645
435
238
16
-302
-607
-874
-1170
-1552
-1956
-2244
-2478
-2700
-2904
-3091
-3132
-3096
-2975
-2847
-2594
-2257
-2020
-1704
-1419
-1048
-721
-448
-145
82
434
687
879
1186
1485
1767
1927
2092
2298
2436
2587
2546
2434
2338
2191
1980
1670
1413
1087
710
347
8
-293
-582
-802
-1001
-1124
-1198
-1266
-1225
-1144
-1043
-1030
-972
-798
-668
-562
-519
-374
-184
-73
52
170
404
617
770
932
1104
1366
1535
1614
1709
1797
1840
1790
1732
1629
1468
1311
1121
947
739
519
300
91
-108
-391
-665
-928
-1217
-1589
-1980
-2244
-2482
-2697
-2909
-3103
-3173
-3191
-3098
-3006
-2834
-2559
-2364
-2087
-1837
-1489
-1129
-848
-499
-249
116
491
768
1103
1395
1741
2008
2188
2404
2543
2700
2702
2588
2496
2368
2229
1960
1693
1406
1080
760
440
176
-94
-316
-526
-655
-719
-829
-891
-913
-886
-914
-952
-894
-838
-751
-710
-627
-458
-305
-126
33
269
520
720
943
1157
1400
1566
1663
1769
1841
1879
1827
1763
1694
1550
1373
1169
994
793
538
279
36
-166
-431
-746
-1047
-1342
-1644
-2000
-2295
-2544
-2776
-2965
-3156
-3244
-3294
-3289
-3228
-3130
-2873
-2675
-2445
-2167
-1869
-1464
-1161
-809
-451
-65
419
747
1094
1483
1861
2208
2409
2613
2764
2876
2925
2792
2677
2567
2393
2131
1837
1590
1323
1060
777
502
259
60
-133
-340
-493
-675
-859
-951
-1045
-1139
-1270
-1300
-1238
-1196
-1109
-1040
-835
-542
-310
-63
200
550
834
1047
1288
1509
1731
1872
1924
1972
2017
1993
1892
1802
1680
1503
1294
1092
872
620
392
148
-72
-310
-620
-933
-1228
-1504
-1861
-2232
-2501
-2737
-2959
-3182
-3347
-3449
-3517
-3538
-3504
-3415
-3204
-2968
-2789
-2497
-2192
-1808
-1380
-981
-539
-141
386
878
1234
1616
1968
2342
2616
2751
2871
2935
3019
2959
2766
2631
2491
2319
2075
1849
1645
1429
1191
922
684
436
210
-61
-313
-540
-825
-1018
-1180
-1302
-1408
-1503
-1403
-1276
-1102
-942
-730
-341
-25
283
550
858
1186
1381
1569
1700
1846
1968
1964
1951
1934
1903
1808
1681
1559
1364
1156
938
737
502
237
-21
-282
-478
-735
-1039
-1352
-1648
-1944
-2295
-2597
-2827
-3071
-3295
-3504
-3648
-3697
-3745
-3721
-3672
-3535
-3255
-2999
-2684
-2328
-1975
-1533
-1103
-626
-188
233
768
1183
1557
1920
2258
2602
2773
2883
2948
3036
3135
3038
2900
2778
2678
2533
2325
2131
1912
1690
1410
1111
798
479
146
-224
-549
-878
-1226
-1411
-1494
-1568
-1638
-1626
-1397
-1096
-819
-604
-343
115
513
737
939
1199
1471
1621
1692
1761
1831
1919
1876
1756
1702
1659
1538
1386
1230
1020
800
608
427
168
-74
-266
-463
-649
-890
-1224
-1492
-1710
-2006
-2405
-2769
-2982
-3214
-3429
-3625
-3792
-3804
-3779
-3724
-3631
-3465
-3145
-2867
-2546
-2162
-1817
-1320
-864
-431
-25
379
896
1278
1609
1919
2219
2578
2805
2920
3010
3140
3284
3259
3167
3076
2963
2823
2607
2340
2068
1785
1435
1056
660
283
-68
-380
-657
-978
-1239
-1373
-1413
-1426
-1447
-1392
-1201
-953
-743
-569
-281
72
362
579
771
1036
1256
1393
1468
1536
1624
1637
1580
1510
1454
1379
1248
1105
940
752
570
394
238
60
-110
-281
-423
-578
-808
-1067
-1324
-1584
-1901
-2260
-2575
-2830
-3078
-3318
-3523
-3621
-3664
-3666
-3642
-3561
-3384
-3185
-2901
-2599
-2274
-1926
-1597
-1163
-753
-340
48
452
963
1368
1715
2067
2436
2827
3050
3176
3308
3451
3570
3483
3356
3257
3125
2930
2633
2348
2065
1728
1345
963
620
277
-93
-438
-704
-954
-1172
-1284
-1346
-1370
-1404
-1358
-1174
-929
-704
-552
-313
38
304
480
651
861
1053
1145
1166
1176
1233
1264
1179
1090
1070
1024
939
857
769
676
586
516
414
274
141
-34
-208
-368
-635
-946
-1236
-1508
-1860
-2243
-2546
-2822
-3059
-3281
-3509
-3654
-3706
-3734
-3760
-3723
-3574
-3407
-3177
-2855
-2570
-2225
-1868
-1428
-938
-468
29
465
989
1512
1900
2280
2681
3076
3361
3519
3649
3754
3869
3843
3683
3549
3431
3256
2992
2722
2455
2149
1785
1359
943
565
191
-216
-616
-955
-1282
-1572
-1704
-1732
-1757
-1746
-1646
-1407
-1122
-862
-615
-328
28
261
381
524
695
819
848
847
880
938
989
1003
1039
1130
1198
1235
1260
1281
1246
1141
1014
841
617
358
70
-221
-521
-875
-1247
-1567
-1883
-2229
-2585
-2890
-3129
-3360
-3566
-3727
-3830
-3867
-3896
-3862
-3784
-3658
-3490
-3309
-3042
-2684
-2321
-1927
-1508
-1047
-483
66
609
1092
1624
2229
2687
3076
3422
3773
4097
4236
4281
4304
4346
4313
4084
3838
3623
3363
3021
2612
2243
1864
1416
935
456
36
-370
-793
-1133
-1385
-1629
-1870
-1981
-1943
-1906
-1891
-1826
-1623
-1343
-1155
-1019
-813
-483
-209
-51
136
393
663
853
1009
1199
1405
1581
1673
1767
1864
1883
1857
1789
1689
1530
1298
1043
729
380
-5
-413
-792
-1175
-1577
-1949
-2266
-2524
-2835
-3135
-3358
-3525
-3643
-3758
-3839
-3850
-3804
-3728
-3660
-3552
-3387
-3223
-3021
-2784
-2518
-2190
-1767
-1334
-894
-407
150
777
1375
1927
2422
2960
3524
3899
4153
4384
4599
4726
4652
4508
4324
4138
3902
3490
3102
2751
2386
1983
1537
1146
742
352
-35
-434
-802
-1159
-1475
-1741
-1951
-2160
-2324
-2370
-2316
-2181
-2080
-1884
-1584
-1224
-841
-498
-91
313
686
1018
1248
1505
1726
1855
1938
1981
2041
2022
1975
1911
1785
1641
1447
1210
942
616
232
-183
-580
-984
-1410
-1795
-2128
-2415
-2688
-2907
-3079
-3206
-3287
-3380
-3414
-3405
-3361
-3327
-3304
-3234
-3145
-3018
-2872
-2725
-2545
-2330
-2076
-1788
-1449
-1037
-567
-69
400
892
1397
1973
2521
2946
3297
3602
3929
4146
4189
4163
4117
4056
3860
3548
3255
2976
2718
2367
1978
1659
1357
1047
660
290
-23
-372
-717
-1049
-1346
-1591
-1813
-1958
-2042
-2083
-2074
-1975
-1769
-1543
-1323
-1080
-736
-338
8
286
577
921
1198
1365
1468
1591
1717
1712
1629
1531
1455
1362
1169
961
764
586
388
137
-112
-359
-600
-824
-1068
-1301
-1533
-1717
-1864
-2002
-2131
-2228
-2257
-2247
-2271
-2303
-2291
-2237
-2185
-2162
-2105
-2021
-1890
-1748
-1606
-1431
-1229
-1004
-774
-555
-333
-122
108
341
541
773
1030
1286
1497
1654
1841
2049
2217
2294
2307
2368
2413
2348
2225
2117
2082
1997
1812
1621
1496
1431
1278
1065
908
770
607
393
185
17
-178
-394
-601
-740
-842
-936
-993
-972
-906
-858
-762
-605
-412
-283
-211
-85
56
171
195
195
245
244
197
103
59
64
6
-68
-127
-114
-81
-83
-82
-77
-60
-58
-71
-88
-135
-203
-290
-380
-480
-590
-675
-768
-844
-944
-1022
-1033
-1030
-1036
-1081
-1091
-1070
-1054
-1031
-1025
-988
-925
-873
-815
-755
-672
-618
-578
-535
-514
-497
-491
-502
-512
-519
-472
-367
-269
-140
12
246
544
819
1075
1328
1642
1937
2105
2212
2315
2423
2462
2347
2200
2071
1965
1791
1537
1320
1137
949
732
497
315
143
-61
-291
-514
-695
-893
-1073
-1245
-1396
-1527
-1654
-1700
-1717
-1694
-1664
-1600
-1448
-1290
-1125
-955
-764
-541
-368
-199
-15
189
390
538
698
856
1023
1168
1253
1326
1386
1424
1409
1358
1304
1204
1082
928
755
585
406
249
66
-104
-248
-363
-457
-570
-668
-749
-837
-931
-1058
-1178
-1291
-1412
-1515
-1621
-1677
-1727
-1763
-1753
-1720
-1641
-1539
-1411
-1227
-1039
-807
-546
-262
38
318
610
900
1170
1410
1617
1809
1986
2092
2160
2210
2218
2190
2094
1983
1851
1641
1384
1108
853
578
241
-98
-414
-708
-990
-1278
-1526
-1753
-1966
-2144
-2271
-2325
-2356
-2375
-2325
-2215
-2062
-1883
-1653
-1364
-1051
-732
-405
-19
363
687
998
1301
1590
1803
1973
2127
2249
2325
2318
2289
2269
2211
2107
1973
1868
1759
1609
1433
1260
1103
917
688
434
179
-75
-362
-657
-938
-1216
-1471
-1692
-1860
-2002
-2107
-2151
-2135
-2060
-1942
-1791
-1586
-1345
-1093
-850
-609
-362
-143
37
187
312
426
500
529
531
522
516
483
439
404
379
351
331
312
292
260
198
146
79
-6
-130
-279
-403
-541
-693
-863
-1005
-1074
-1147
-1224
-1283
-1287
-1238
-1205
-1165
-1113
-1022
-912
-803
-678
-511
-309
-130
52
275
527
774
1007
1264
1519
1753
1961
2123
2293
2418
2469
2467
2431
2388
2281
2141
1984
1803
1625
1418
1215
1025
821
617
393
195
0
-207
-390
-559
-716
-854
-967
-1040
-1105
-1144
-1151
-1131
-1050
-946
-838
-714
-561
-392
-240
-85
74
227
354
441
499
538
566
556
513
453
360
251
115
-49
-219
-412
-604
-824
-1061
-1302
-1552
-1775
-2012
-2246
-2454
-2626
-2747
-2857
-2907
-2898
-2846
-2718
-2566
-2362
-2129
-1880
-1580
-1280
-967
-702
-448
-140
160
425
643
866
1132
1377
1567
1729
1931
2153
2329
2452
2565
2702
2808
2849
2846
2834
2792
2689
2543
2358
2147
1918
1659
1409
1143
849
575
319
108
-106
-313
-461
-542
-589
-651
-666
-605
-530
-460
-399
-303
-165
-52
33
113
219
336
432
512
606
716
821
911
983
1054
1120
1181
1215
1201
1156
1069
943
781
548
287
11
-280
-627
-1015
-1372
-1722
-2047
-2351
-2635
-2861
-3032
-3150
-3263
-3338
-3351
-3347
-3299
-3233
-3148
-3057
-2944
-2782
-2632
-2463
-2256
-2025
-1773
-1503
-1205
-885
-515
-122
242
607
1004
1399
1752
2060
2328
2576
2777
2897
2939
2959
2967
2890
2736
2555
2401
2263
2066
1834
1616
1447
1291
1076
876
697
537
372
181
40
-87
-204
-332
-449
-496
-508
-500
-464
-387
-270
-147
16
212
421
614
783
955
1114
1239
1317
1369
1418
1425
1370
1290
1204
1109
965
803
633
476
304
125
-49
-224
-380
-553
-738
-925
-1117
-1296
-1482
-1675
-1863
-2053
-2224
-2396
-2537
-2652
-2744
-2802
-2844
-2845
-2791
-2681
-2546
-2389
-2187
-1957
-1703
-1446
-1169
-879
-603
-334
-90
147
361
542
705
849
980
1084
1159
1215
1251
1261
1241
1219
1189
1134
1054
953
859
766
677
598
528
488
449
411
386
378
384
390
409
459
497
500
520
563
614
672
727
802
892
995
1089
1191
1311
1412
1492
1541
1584
1611
1608
1586
1515
1415
1270
1101
935
752
553
330
125
-67
-272
-463
-640
-792
-944
-1093
-1214
-1322
-1405
-1497
-1600
-1681
-1745
-1789
-1827
-1839
-1821
-1778
-1700
-1592
-1462
-1319
-1153
-972
-775
-582
-389
-202
-41
96
202
280
342
374
371
340
275
203
116
34
-49
-139
-216
-275
-309
-341
-373
-405
-434
-452
-481
-512
-541
-560
-573
-601
-603
-599
-575
-541
-499
-416
-309
-176
-28
114
268
424
592
755
912
1050
1158
1247
1320
1375
1410
1431
1432
1401
1337
1256
1196
1121
1034
929
799
672
548
431
310
193
76
-50
-170
-278
-384
-483
-587
-688
-774
-839
-882
-905
-909
-888
-850
-796
-718
-623
-518
-403
-273
-122
41
200
355
514
665
806
927
1027
1107
1169
1204
1216
1216
1181
1124
1052
972
889
781
661
525
377
220
50
-137
-330
-522
-714
-902
-1081
-1251
-1402
-1534
-1644
-1723
-1778
-1810
-1820
-1798
-1723
-1612
-1474
-1296
-1093
-880
-661
-411
-163
89
347
585
806
998
1160
1278
1366
1430
1445
1426
1373
1301
1202
1081
950
809
665
506
327
142
-50
-247
-444
-641
-847
-1053
-1251
-1425
-1599
-1748
-1851
-1938
-1975
-1986
-1958
-1877
-1765
-1599
-1413
-1179
-922
-653
-357
-55
272
593
913
1208
1479
1728
1935
2131
2293
2422
2506
2561
2599
2587
2549
2494
2421
2329
2198
2039
1859
1666
1449
1192
917
634
349
56
-247
-550
-833
-1091
-1329
-1547
-1737
-1884
-2000
-2065
-2087
-2075
-2010
-1910
-1780
-1617
-1421
-1197
-959
-723
-503
-286
-73
127
304
450
576
678
762
824
869
899
922
932
923
903
861
808
733
634
501
348
182
-8
-216
-441
-669
-903
-1143
-1381
-1605
-1798
-1955
-2084
-2192
-2260
-2286
-2268
-2210
-2130
-2016
-1875
-1718
-1527
-1325
-1114
-903
-694
-473
-250
-31
189
401
612
817
1026
1241
1453
1668
1851
2015
2179
2318
2439
2520
2563
2574
2540
2476
2374
2240
2085
1901
1697
1471
1225
986
747
518
292
70
-123
-317
-498
-653
-786
-892
-976
-1037
-1082
-1106
-1094
-1064
-1008
-929
-819
-684
-550
-384
-217
-33
142
298
454
585
705
793
862
904
916
906
877
819
747
657
549
427
299
163
4
-161
-337
-524
-723
-921
-1110
-1284
-1448
-1600
-1736
-1853
-1946
-2019
-2053
-2066
-2055
-2011
-1955
-1869
-1768
-1633
-1486
-1328
-1147
-965
-784
-595
-399
-211
-21
154
321
490
637
763
868
958
1039
1091
1127
1143
1156
1161
1147
1141
1135
1124
1108
1088
1071
1043
1018
986
953
910
850
797
732
638
540
446
356
254
147
57
-29
-90
-135
-173
-183
-184
-159
-134
-106
-54
0
64
120
174
231
276
319
356
393
426
456
490
508
520
532
549
570
582
586
584
582
569
517
444
359
266
136
-8
-161
-320
-477
-643
-800
-939
-1062
-1176
-1272
-1335
-1373
-1377
-1344
-1301
-1245
-1170
-1081
-989
-892
-802
-717
-631
-559
-482
-408
-340
-272
-208
-143
-90
-26
47
103
152
198
229
267
291
300
298
299
297
286
277
253
228
198
164
133
100
83
59
30
22
9
1
2
6
16
25
48
74
93
112
124
143
172
196
199
199
200
203
200
197
195
197
209
213
225
244
265
279
298
320
332
349
353
348
346
349
351
345
326
304
278
254
229
199
172
132
113
89
67
64
66
81
88
100
110
110
104
89
55
25
-11
-60
-110
-164
-211
-261
-302
-334
-361
-366
-369
-375
-369
-350
-321
-280
-223
-172
-118
-68
-32
0
31
52
61
66
63
56
46
31
24
11
-6
-17
-36
-53
-73
-91
-98
-112
-135
-159
-189
-209
-235
-270
-313
-358
-394
-435
-469
-491
-492
-481
-462
-426
-370
-305
-234
-150
-52
46
129
205
277
349
400
427
434
436
433
412
383
350
319
283
245
223
212
216
230
250
281
324
360
397
433
446
457
460
460
439
418
390
346
308
264
221
173
136
97
51
16
-19
-58
-88
-111
-129
-152
-176
-198
-219
-227
-238
-246
-246
-255
-259
-258
-244
-232
-223
-200
-178
-145
-125
-101
-79
-51
-20
4
28
45
55
52
40
13
-24
-78
-147
-230
-315
-402
-498
-576
-660
-740
-800
-851
-885
-910
-926
-936
-926
-899
-870
-836
-793
-743
-671
-593
-514
-426
-328
-217
-100
21
155
283
417
548
670
769
862
954
1010
1050
1068
1070
1055
1026
982
937
893
844
789
729
684
642
597
555
517
488
450
403
356
315
274
228
183
145
107
74
44
21
19
13
7
17
35
46
56
75
93
113
124
131
136
154
171
181
200
220
251
267
276
287
291
288
271
240
189
116
38
-42
-134
-228
-335
-440
-555
-667
-773
-877
-968
-1052
-1129
-1201
-1251
-1280
-1300
-1307
-1307
-1288
-1246
-1207
-1163
-1103
-1032
-950
-865
-774
-684
-585
-478
-371
-265
-156
-51
44
140
232
311
389
453
502
537
562
575
577
575
559
527
499
472
431
391
355
327
300
275
248
223
208
202
206
207
207
209
211
221
224
218
214
216
228
237
252
266
285
311
348
395
449
494
537
582
630
679
710
728
736
737
717
683
646
589
515
447
364
279
194
102
17
-66
-137
-216
-287
-343
-395
-446
-484
-514
-533
-553
-570
-583
-602
-599
-605
-603
-583
-561
-544
-524
-486
-435
-389
-330
-266
-212
-142
-76
-16
47
102
146
170
185
192
175
158
123
70
19
-41
-110
-180
-239
-299
-360
-405
-442
-479
-495
-506
-508
-491
-465
-417
-366
-297
-218
-149
-64
20
101
183
250
309
357
409
457
490
523
549
565
578
581
581
571
565
557
543
519
482
442
394
328
258
192
108
22
-76
-174
-264
-349
-426
-501
-557
-600
-631
-638
-633
-608
-561
-494
-433
-370
-291
-210
-130
-55
9
66
131
187
238
286
339
387
430
475
510
536
568
584
594
595
587
560
516
476
407
330
243
152
50
-64
-169
-278
-380
-478
-571
-648
-715
-767
-801
-809
-805
-784
-755
-716
-663
-612
-540
-467
-384
-298
-218
-127
-31
69
170
264
360
462
558
651
745
835
893
949
997
1017
1015
996
951
888
801
693
585
459
328
172
24
-114
-250
-368
-476
-566
-640
-698
-746
-782
-816
-829
-841
-838
-808
-776
-735
-674
-591
-497
-410
-313
-205
-91
18
126
259
377
474
571
655
726
780
810
836
849
838
810
774
738
692
627
558
481
395
311
206
98
3
-92
-196
-292
-385
-473
-562
-651
-714
-766
-814
-841
-847
-844
-829
-798
-754
-705
-652
-590
-513
-432
-350
-259
-156
-63
28
119
209
298
380
440
495
530
557
567
551
524
480
427
362
297
223
152
72
2
-64
-138
-210
-280
-331
-383
-424
-462
-495
-520
-542
-558
-569
-571
-571
-564
-545
-516
-471
-416
-346
-271
-187
-93
5
100
202
303
401
490
551
613
665
708
741
761
772
763
747
706
663
621
571
509
428
351
273
194
115
36
-43
-125
-213
-294
-364
-430
-491
-542
-573
-594
-606
-599
-570
-522
-468
-398
-321
-232
-126
-16
93
200
302
394
475
535
582
610
626
624
601
569
528
477
415
348
277
202
129
56
-14
-87
-146
-207
-267
-312
-355
-393
-436
-470
-496
-518
-545
-559
-569
-580
-580
-565
-537
-506
-471
-416
-357
-295
-224
-150
-70
-1
61
126
185
242
290
317
333
336
333
323
308
283
252
222
188
160
133
108
94
88
75
50
31
20
26
15
1
-9
-19
-41
-60
-73
-83
-89
-101
-110
-117
-112
-102
-83
-63
-35
0
43
91
140
193
235
266
301
333
371
403
432
464
485
508
513
518
516
494
477
445
402
359
302
245
180
107
37
-35
-96
-155
-205
-250
-293
-336
-357
-364
-379
-385
-385
-380
-376
-369
-367
-368
-362
-349
-339
-326
-314
-293
-264
-238
-206
-176
-160
-146
-132
-133
-143
-148
-167
-192
-218
-251
-274
-300
-317
-313
-300
-284
-266
-245
-221
-190
-157
-118
-78
-47
-18
3
16
26
36
46
65
76
90
113
139
175
202
223
244
262
276
297
311
316
314
289
262
231
197
156
104
53
14
-18
-38
-55
-65
-57
-46
-30
-7
28
68
113
155
197
246
292
325
353
383
410
422
429
427
423
425
430
435
432
429
423
417
411
413
403
389
370
337
294
255
209
151
79
-8
-95
-180
-258
-328
-408
-480
-548
-603
-646
-683
-717
-744
-765
-774
-767
-754
-739
-718
-703
-688
-661
-639
-600
-561
-513
-463
-403
-342
-267
-179
-92
-11
64
138
211
280
335
381
418
436
434
419
377
328
279
219
156
95
33
-26
-85
-140
-192
-243
-292
-332
-360
-384
-406
-421
-428
-428
-403
-374
-340
-295
-244
-189
-126
-43
35
119
210
292
375
452
532
609
681
760
844
907
952
991
1019
1032
1025
1001
964
929
880
806
717
627
541
437
345
247
139
24
-86
-176
-269
-347
-422
-493
-562
-622
-667
-700
-714
-719
-708
-693
-665
-625
-590
-541
-484
-429
-371
-303
-232
-166
-98
-33
25
69
104
136
167
178
188
195
202
209
206
199
184
164
130
93
54
5
-56
-117
-174
-238
-296
-350
-397
-428
-450
-472
-482
-485
-474
-455
-432
-404
-378
-342
-309
-266
-225
-174
-113
-55
12
79
148
219
282
347
417
483
536
578
618
646
660
662
659
642
620
590
556
525
489
439
383
319
247
178
106
25
-53
-127
-208
-272
-326
-366
-407
-438
-460
-469
-465
-445
-424
-395
-358
-322
-281
-235
-187
-141
-93
-41
8
58
101
141
183
219
250
271
289
305
307
297
281
265
241
215
182
133
90
42
-2
-49
-96
-144
-197
-252
-301
-348
-391
-423
-457
-487
-504
-517
-517
-504
-485
-460
-424
-377
-307
-239
-167
-96
-29
46
116
182
240
295
335
374
405
437
464
489
511
521
537
550
564
572
568
558
544
514
474
420
356
291
215
139
57
-19
-87
-152
-202
-242
-273
-291
-299
-299
-289
-265
-240
-210
-185
-169
-156
-141
-128
-117
-110
-98
-87
-63
-36
-12
21
53
86
115
149
168
189
212
215
221
220
207
186
156
126
82
40
-11
-64
-118
-171
-217
-267
-315
-373
-424
-456
-478
-496
-502
-510
-513
-513
-499
-480
-445
-412
-383
-346
-310
-261
-218
-179
-135
-85
-35
15
62
105
151
195
246
294
333
367
385
392
399
403
401
379
341
300
260
219
183
137
93
51
16
-7
-22
-35
-51
-51
-50
-44
-30
-17
-2
15
25
33
47
66
85
100
118
136
159
176
194
215
244
270
281
296
310
326
342
349
350
355
349
338
325
310
297
272
237
192
133
72
20
-41
-97
-154
-218
-276
-323
-361
-391
-416
-433
-444
-450
-450
-442
-428
-415
-399
-382
-364
-347
-323
-308
-281
-247
-215
-177
-147
-107
-63
-14
33
73
107
135
162
173
184
187
180
169
146
121
96
70
41
2
-28
-62
-88
-113
-146
-169
-186
-193
-205
-210
-212
-217
-217
-207
-200
-190
-174
-163
-143
-123
-107
-90
-68
-53
-35
-10
11
39
69
109
151
192
244
286
323
352
384
414
434
455
452
438
416
385
356
311
273
228
175
119
62
16
-31
-78
-114
-148
-184
-214
-245
-274
-295
-312
-331
-343
-347
-350
-348
-338
-310
-274
-235
-201
-162
-125
-82
-32
11
54
93
126
151
181
206
228
253
269
286
293
297
296
284
278
265
245
221
193
162
116
71
27
-21
-65
-115
-158
-197
-221
-230
-242
-247
-248
-242
-235
-221
-208
-192
-171
-153
-129
-106
-80
-42
-16
6
40
70
99
125
155
188
221
244
265
285
292
297
299
291
283
264
238
206
178
145
107
68
30
-13
-54
-91
-126
-162
-191
-228
-257
-279
-299
-319
-342
-361
-371
-375
-380
-381
-381
-374
-372
-373
-366
-348
-330
-303
-275
-248
-209
-171
-130
-82
-37
4
43
81
106
129
149
171
192
203
206
205
208
211
208
206
210
208
195
178
169
161
164
158
149
136
121
111
92
78
60
45
37
35
35
33
41
51
75
98
117
143
155
166
175
182
195
197
199
191
186
181
169
156
143
139
124
106
92
80
75
75
69
56
42
30
13
-2
-6
-11
-23
-36
-49
-59
-66
-70
-78
-86
-106
-127
-136
-150
-164
-175
-189
-204
-221
-233
-243
-240
-234
-231
-226
-223
-216
-212
-196
-188
-187
-181
-186
-196
-201
-202
-207
-211
-206
-206
-196
-186
-175
-152
-130
-97
-56
-20
21
64
103
130
160
192
214
225
233
239
243
246
251
255
258
258
263
267
270
285
290
285
281
272
262
247
221
186
151
111
60
12
-40
-88
-137
-173
-205
-231
-243
-247
-245
-237
-217
-192
-174
-142
-110
-79
-56
-27
-2
19
43
54
68
77
82
93
100
108
115
124
128
135
149
156
163
160
151
136
109
79
52
25
-17
-69
-116
-158
-204
-246
-273
-299
-327
-344
-354
-352
-331
-316
-293
-267
-246
-223
-201
-170
-139
-108
-86
-66
-40
-19
6
36
70
99
132
168
209
256
295
327
368
401
422
448
462
461
447
432
411
379
342
294
252
197
149
115
76
42
8
-23
-52
-76
-86
-99
-118
-138
-161
-183
-207
-220
-242
-262
-273
-286
-293
-294
-283
-261
-239
-211
-177
-140
-91
-40
10
53
85
121
154
172
179
184
176
158
132
115
94
65
28
-9
-39
-70
-87
-109
-124
-137
-142
-151
-162
-159
-161
-159
-153
-150
-156
-157
-151
-145
-140
-130
-121
-102
-85
-64
-34
-4
30
55
83
112
141
167
193
206
214
215
206
205
196
176
165
151
132
117
108
102
96
98
99
102
105
105
112
115
125
133
135
131
132
126
124
123
115
98
88
73
55
50
41
31
25
19
14
5
-10
-21
-38
-41
-46
-55
-67
-79
-87
-97
-101
-113
-125
-135
-150
-160
-162
-165
-166
-168
-169
-178
-187
-178
-175
-174
-173
-162
-157
-153
-141
-123
-106
-83
-62
-48
-24
-3
25
51
65
82
103
121
139
158
175
182
193
198
198
191
180
165
143
125
100
72
44
23
0
-27
-51
-75
-98
-120
-134
-146
-162
-168
-177
-174
-168
-164
-157
-153
-142
-131
-117
-92
-67
-45
-16
18
46
67
96
125
153
180
200
214
215
214
211
207
201
180
153
121
88
52
17
-19
-49
-80
-111
-138
-158
-175
-189
-203
-218
-230
-245
-248
-254
-251
-250
-248
-245
-239
-228
-204
-178
-159
-135
-107
-75
-43
-7
31
71
104
139
166
192
221
242
256
268
270
271
265
252
235
216
202
180
160
137
107
71
35
8
-20
-42
-61
-85
-106
-117
-129
-136
-155
-172
-183
-192
-198
-200
-193
-193
-186
-168
-148
-116
-86
-59
-35
-3
28
56
83
102
114
123
123
122
117
110
97
87
75
61
56
56
53
49
53
59
61
59
60
52
41
30
12
-14
-45
-74
-95
-103
-113
-126
-140
-141
-138
-127
-116
-99
-84
-70
-51
-28
2
30
58
76
96
107
118
135
144
151
157
159
156
148
146
142
136
142
138
134
128
119
110
103
99
86
62
40
13
-16
-50
-77
-105
-137
-162
-181
-194
-203
-200
-188
-171
-148
-118
-89
-56
-29
-2
17
30
43
50
59
64
64
53
40
38
27
8
-13
-29
-40
-43
-46
-61
-74
-81
-89
-98
-104
-109
-118
-133
-151
-168
-174
-173
-176
-174
-175
-172
-164
-155
-135
-112
-81
-56
-39
-15
5
36
59
80
99
114
128
136
142
145
149
153
150
137
123
112
107
97
92
90
77
63
50
35
32
29
14
-13
-30
-52
-70
-87
-104
-115
-129
-135
-138
-128
-103
-77
-51
-20
12
44
79
112
138
156
175
183
188
189
188
187
183
184
173
163
154
144
141
140
125
107
79
55
33
7
-12
-42
-69
-103
-129
-145
-157
-167
-182
-190
-198
-201
-189
-180
-170
-161
-148
-131
-119
-99
-83
-63
-41
-16
1
25
39
49
64
82
102
120
132
139
143
155
165
173
177
178
175
164
152
131
117
99
76
46
14
-16
-43
-64
-90
-120
-145
-168
-185
-194
-195
-201
-210
-204
-203
-197
-185
-177
-163
-140
-118
-98
-81
-62
-51
-40
-26
-10
6
18
28
36
52
69
84
99
110
108
109
111
115
110
95
81
56
35
14
-5
-18
-37
-51
-63
-76
-87
-98
-109
-112
-110
-111
-112
-110
-111
-111
-104
-110
-112
-104
-93
-80
-68
-47
-24
5
41
67
101
137
177
213
243
274
295
318
330
333
330
324
314
298
278
249
218
188
158
126
99
66
33
9
-14
-37
-50
-64
-84
-107
-122
-134
-140
-143
-146
-152
-157
-155
-152
-143
-135
-126
-112
-93
-68
-43
-21
-4
11
30
53
78
92
91
91
90
89
80
77
67
46
25
7
-3
-10
-12
-18
-27
-37
-46
-43
-41
-38
-39
-35
-36
-41
-43
-55
-61
-71
-77
-87
-103
-113
-122
-119
-118
-117
-114
-111
-99
-84
-70
-43
-24
-7
2
7
20
27
46
61
73
81
86
90
93
101
108
111
122
126
125
120
108
97
92
81
64
47
34
14
-7
-22
-42
-51
-71
-91
-109
-121
-132
-133
-129
-129
-129
-126
-115
-102
-88
-72
-54
-45
-38
-35
-23
-18
-15
-6
-3
-1
-10
-18
-24
-24
-22
-26
-26
-24
-21
-17
-9
6
18
31
42
40
48
53
63
69
71
61
52
54
49
49
50
58
64
71
84
96
116
138
151
158
161
160
151
147
147
137
119
98
77
59
38
36
28
29
32
28
25
34
47
61
70
73
69
58
50
41
34
22
7
-11
-31
-52
-64
-69
-73
-77
-76
-74
-73
-70
-66
-63
-57
-51
-55
-56
-60
-63
-73
-86
-95
-109
-119
-128
-138
-143
-146
-150
-155
-159
-165
-161
-157
-154
-154
-149
-146
-142
-138
-132
-127
-117
-103
-106
-99
-84
-76
-68
-59
-43
-36
-21
1
23
50
80
106
127
151
173
188
206
224
239
249
256
253
243
237
226
209
196
180
171
156
145
141
134
136
131
124
111
96
79
60
45
26
0
-24
-53
-79
-101
-118
-132
-143
-154
-155
-146
-138
-117
-95
-71
-50
-34
-20
-4
13
26
31
34
33
28
25
15
5
-2
-6
-13
-24
-21
-20
-16
-9
-8
-7
-11
-7
-7
-7
-9
-22
-40
-62
-82
-98
-115
-127
-141
-155
-161
-166
-166
-155
-135
-115
-98
-78
-54
-36
-15
2
19
36
44
53
59
67
70
74
78
81
89
99
109
126
145
163
177
186
193
192
197
187
182
171
149
128
100
78
46
20
-2
-28
-51
-73
-89
-104
-112
-117
-117
-117
-119
-124
-133
-143
-145
-150
-154
-152
-160
-162
-160
-161
-160
-152
-149
-146
-133
-119
-106
-87
-65
-44
-16
3
24
44
61
78
91
101
111
119
115
110
110
104
96
88
72
56
40
28
18
11
8
3
0
-4
-10
-8
-8
-10
-13
-17
-19
-27
-32
-35
-38
-42
-40
-40
-40
-31
-23
-7
17
35
47
70
88
104
121
130
135
133
129
124
116
106
90
72
59
45
35
30
28
24
21
26
26
26
30
31
25
9
1
-10
-24
-37
-53
-66
-83
-103
-118
-125
-129
-129
-127
-123
-116
-111
-106
-99
-86
-70
-55
-45
-40
-35
-33
-32
-33
-32
-30
-31
-35
-35
-40
-41
-44
-39
-35
-33
-32
-30
-25
-18
-16
-13
-10
-7
-5
-1
0
10
15
18
21
23
29
35
46
55
63
74
85
94
105
116
125
130
134
132
124
115
107
99
88
83
73
53
40
25
13
2
-6
-16
-26
-38
-46
-52
-62
-66
-67
-72
-75
-75
-80
-87
-84
-78
-81
-82
-78
-74
-71
-65
-55
-51
-37
-23
-16
0
18
31
40
49
55
60
64
67
67
66
61
51
38
18
2
-10
-24
-36
-50
-63
-77
-86
-90
-100
-108
-118
-123
-123
-125
-123
-120
-116
-110
-109
-101
-92
-79
-61
-50
-34
-21
1
21
41
64
78
98
107
114
124
136
146
157
168
172
166
167
171
166
158
151
138
125
113
98
78
62
52
28
11
-9
-34
-52
-72
-89
-110
-119
-125
-143
-146
-152
-156
-150
-146
-142
-136
-120
-109
-102
-87
-73
-59
-39
-16
6
31
53
73
93
108
113
115
113
113
108
96
84
68
51
30
13
-5
-21
-36
-46
-56
-68
-77
-89
-95
-100
-101
-103
-103
-100
-102
-100
-93
-91
-85
-73
-62
-56
-44
-36
-26
-8
7
17
28
40
48
55
68
76
88
90
92
96
98
101
98
92
85
77
70
64
57
48
40
28
21
18
12
10
4
-4
-5
0
1
-3
-8
-14
-17
-18
-17
-9
-2
-2
4
7
12
16
26
35
43
54
57
67
74
81
86
90
93
93
93
82
77
66
50
36
15
-5
-21
-40
-61
-80
-92
-101
-115
-129
-142
-146
-145
-144
-140
-137
-133
-130
-125
-107
-92
-79
-57
-43
-32
-14
-4
10
20
34
44
57
70
78
89
99
107
109
108
107
106
104
94
77
64
46
36
21
4
-12
-29
-43
-54
-64
-70
-75
-83
-84
-84
-84
-79
-71
-65
-57
-48
-28
-13
3
24
41
59
75
91
107
127
152
172
192
202
210
214
217
215
206
194
174
154
128
102
74
50
22
-1
-25
-45
-71
-89
-112
-131
-142
-149
-154
-161
-161
-162
-159
-148
-136
-128
-118
-107
-93
-75
-55
-42
-33
-19
-7
7
22
35
48
63
80
89
95
110
116
119
127
126
117
111
102
87
73
57
36
14
-2
-23
-53
-78
-97
-116
-130
-137
-142
-149
-156
-162
-160
-157
-155
-146
-145
-137
-130
-117
-104
-91
-76
-61
-43
-23
-2
20
46
57
76
89
99
109
124
139
146
148
151
144
138
129
113
95
85
65
47
33
17
9
-4
-7
-14
-15
-17
-23
-28
-26
-23
-19
-11
-8
-10
-12
-2
-3
4
17
28
39
52
61
68
78
92
101
112
123
134
139
138
143
138
130
121
106
87
73
59
46
27
6
-18
-37
-58
-78
-102
-117
-131
-142
-149
-155
-168
-176
-179
-177
-176
-173
-168
-165
-151
-138
-120
-106
-90
-81
-67
-51
-35
-19
3
21
40
55
70
78
87
100
104
117
117
114
104
101
95
86
74
53
36
21
11
4
-3
-11
-19
-23
-23
-24
-24
-25
-18
-13
-2
9
22
27
30
34
44
50
58
71
78
92
104
116
123
139
147
155
161
166
166
165
164
155
150
137
118
91
67
46
24
-4
-21
-50
-73
-91
-108
-128
-145
-160
-169
-172
-176
-181
-192
-189
-186
-178
-170
-158
-142
-124
-102
-77
-53
-26
-9
3
16
20
32
39
47
60
69
70
66
65
62
64
62
57
48
33
21
14
0
-14
-30
-43
-57
-71
-80
-90
-95
-92
-83
-82
-71
-65
-57
-50
-39
-35
-21
-20
-11
-7
6
18
26
37
45
61
72
89
105
119
138
153
152
152
150
146
142
136
125
109
91
71
46
16
-8
-30
-51
-74
-96
-107
-121
-125
-144
-150
-159
-167
-161
-158
-150
-151
-144
-143
-132
-128
-116
-108
-96
-86
-77
-70
-63
-50
-31
-18
-11
1
2
11
6
13
10
14
12
8
-1
-2
-12
-13
-21
-24
-34
-49
-61
-79
-84
-101
-100
-111
-110
-118
-114
-115
-107
-103
-94
-90
-81
-67
-57
-44
-28
-11
4
17
39
56
79
102
123
135
150
167
182
197
212
220
221
218
211
194
186
174
162
141
122
94
72
52
35
19
2
-12
-28
-36
-48
-60
-69
-80
-95
-104
-116
-129
-146
-146
-152
-146
-141
-136
-136
-134
-113
-96
-82
-68
-54
-42
-18
-6
14
22
42
47
50
53
51
52
50
54
51
43
32
18
2
-4
-17
-34
-49
-58
-69
-70
-81
-86
-97
-99
-112
-108
-118
-114
-119
-112
-111
-99
-96
-80
-71
-55
-38
-19
-1
22
43
58
78
85
99
107
124
136
152
158
169
166
171
165
163
157
150
141
127
121
110
98
80
75
62
47
21
8
-14
-31
-44
-50
-56
-55
-62
-72
-82
-90
-94
-89
-83
-70
-62
-51
-45
-32
-17
1
8
14
23
22
24
29
38
46
52
54
60
60
70
65
73
66
68
52
44
33
20
2
-9
-22
-30
-44
-59
-68
-75
-87
-101
-103
-113
-110
-111
-115
-111
-101
-94
-94
-92
-78
-70
-52
-40
-27
-24
-6
2
14
30
36
49
43
54
45
52
47
51
45
42
35
25
19
9
13
0
-5
-22
-32
-49
-51
-58
-66
-70
-83
-83
-96
-96
-98
-92
-92
-91
-88
-85
-76
-69
-62
-55
-46
-37
-29
-24
-14
-13
3
12
32
41
48
48
50
58
68
69
65
56
44
33
28
19
11
-1
-14
-19
-27
-29
-37
-38
-48
-49
-57
-55
-59
-61
-63
-60
-57
-50
-42
-39
-25
-17
-4
11
31
39
51
55
63
83
90
97
98
106
118
118
129
116
122
111
108
98
95
93
81
73
63
57
51
45
31
25
16
15
-6
-8
-20
-32
-36
-47
-48
-48
-44
-37
-36
-27
-24
-15
-12
2
16
23
39
39
48
48
62
63
77
79
89
85
93
91
93
90
84
83
68
60
38
29
7
-6
-21
-22
-33
-43
-52
-68
-74
-78
-81
-84
-85
-95
-103
-103
-100
-94
-84
-71
-60
-53
-43
-39
-30
-20
-11
-10
-15
-20
-20
-19
-11
-10
-8
-11
-12
-11
-13
-5
-8
-2
-5
0
-2
-2
-7
-7
-6
-10
-11
-21
-27
-33
-29
-34
-32
-35
-40
-44
-43
-38
-39
-26
-22
-21
-17
-15
-10
-1
12
17
27
31
35
41
45
46
50
55
60
64
66
66
64
60
62
56
57
46
36
23
20
19
17
18
11
5
-2
-6
-3
1
9
13
14
14
16
25
27
40
45
51
52
57
60
69
75
77
73
70
71
74
76
71
71
64
64
59
55
50
42
33
34
28
30
23
18
3
-3
-12
-21
-21
-31
-37
-48
-54
-56
-59
-60
-62
-66
-70
-68
-62
-56
-46
-41
-35
-32
-28
-26
-23
-17
-14
-14
-12
-10
-6
-11
-11
-13
-17
-16
-16
-19
-27
-29
-39
-43
-52
-57
-65
-71
-77
-80
-88
-85
-94
-90
-99
-103
-103
-104
-101
-99
-91
-91
-87
-78
-73
-61
-46
-34
-26
-12
0
10
20
31
37
47
53
59
60
60
66
60
66
59
58
56
50
51
42
41
33
30
20
12
6
-4
-8
-14
-18
-24
-27
-31
-32
-32
-35
-27
-21
-17
-9
3
13
26
39
48
51
69
74
87
93
97
103
106
112
114
119
121
122
118
114
112
103
100
87
76
62
51
37
21
13
-2
-6
-19
-20
-34
-41
-50
-58
-60
-68
-63
-73
-68
-71
-71
-67
-63
-53
-47
-38
-36
-25
-16
-7
3
10
23
30
41
42
53
61
61
64
65
64
67
68
66
63
60
52
40
32
17
6
-4
-13
-24
-33
-43
-55
-64
-74
-84
-89
-92
-100
-108
-114
-112
-110
-106
-101
-97
-92
-84
-79
-66
-53
-38
-27
-17
-2
5
22
34
50
62
75
81
87
92
96
93
98
92
84
78
66
62
46
48
28
26
9
1
-12
-23
-34
-43
-51
-62
-65
-77
-78
-83
-81
-80
-80
-73
-70
-63
-58
-53
-44
-37
-21
-16
0
8
24
32
45
56
64
70
72
77
77
83
80
82
78
72
67
58
54
43
33
25
8
4
-15
-21
-39
-45
-53
-64
-71
-84
-87
-95
-96
-103
-99
-104
-97
-97
-85
-84
-69
-64
-49
-36
-26
-4
2
22
26
45
50
61
67
71
78
82
82
79
75
68
62
54
48
39
33
18
13
2
-6
-16
-24
-36
-42
-50
-58
-69
-73
-80
-84
-88
-90
-93
-92
-88
-83
-72
-66
-57
-55
-44
-34
-19
-7
7
15
25
31
37
46
53
58
62
62
64
63
63
63
65
57
56
49
44
39
30
30
19
22
7
3
-10
-21
-33
-42
-52
-62
-66
-74
-75
-78
-78
-81
-75
-77
-65
-67
-54
-44
-33
-18
-9
9
16
29
39
49
60
69
80
83
88
88
93
89
94
91
88
89
81
82
70
68
51
45
28
17
3
-6
-17
-30
-42
-51
-62
-70
-75
-81
-79
-82
-79
-81
-75
-69
-61
-51
-43
-34
-22
-10
1
9
22
28
38
42
49
55
60
67
71
73
71
76
68
75
65
68
59
57
43
34
30
20
14
3
-5
-20
-29
-40
-45
-53
-52
-53
-53
-56
-55
-57
-53
-53
-45
-38
-28
-24
-17
-12
-5
2
10
19
22
28
33
41
48
53
59
64
65
68
65
66
69
65
62
56
51
43
35
31
16
13
0
-5
-17
-23
-30
-37
-37
-47
-45
-48
-47
-48
-43
-42
-40
-39
-32
-30
-20
-14
-5
2
7
10
18
22
28
34
42
42
43
44
43
42
36
37
32
31
23
22
13
8
-1
-11
-20
-30
-33
-42
-44
-50
-51
-53
-62
-57
-59
-52
-52
-42
-39
-33
-26
-23
-16
-14
-1
-3
6
5
11
12
16
20
18
21
17
23
18
20
20
16
17
9
7
-1
-5
-16
-23
-37
-45
-54
-59
-64
-68
-64
-72
-61
-66
-57
-59
-51
-45
-37
-28
-26
-16
-8
0
7
12
20
23
29
35
34
42
44
52
53
57
54
55
52
51
47
45
36
28
20
6
-4
-16
-24
-38
-44
-54
-60
-65
-71
-72
-74
-75
-72
-69
-67
-61
-56
-48
-42
-31
-24
-14
-2
4
13
15
21
28
32
40
45
52
52
55
55
57
55
55
56
53
47
44
39
29
26
14
10
-2
-10
-18
-26
-33
-39
-45
-47
-52
-53
-56
-59
-55
-53
-46
-44
-40
-35
-31
-25
-20
-12
-5
1
13
18
29
32
47
55
62
69
74
78
82
85
84
83
79
79
69
67
52
47
32
24
9
-1
-13
-21
-31
-41
-49
-57
-59
-69
-67
-74
-68
-69
-61
-60
-54
-47
-42
-34
-29
-19
-11
-1
7
17
23
35
42
51
58
61
69
71
74
74
75
74
70
68
58
54
44
36
27
18
7
0
-9
-18
-24
-33
-36
-44
-47
-53
-53
-56
-59
-60
-59
-56
-52
-50
-40
-43
-30
-27
-15
-7
2
15
19
35
38
51
55
67
69
75
75
79
78
77
74
67
64
52
47
31
25
11
2
-7
-18
-28
-37
-44
-50
-55
-59
-60
-62
-61
-63
-59
-57
-53
-49
-48
-40
-37
-27
-22
-13
-5
3
13
21
30
32
41
43
50
51
54
52
51
48
43
41
32
32
22
19
11
8
2
-3
-9
-13
-20
-26
-31
-36
-39
-43
-46
-50
-52
-56
-55
-56
-56
-56
-52
-51
-45
-43
-36
-30
-23
-13
-8
2
7
19
22
28
34
37
45
44
47
44
41
39
35
32
23
21
12
10
1
-5
-10
-17
-18
-25
-25
-33
-33
-40
-39
-43
-43
-43
-47
-44
-49
-44
-44
-39
-34
-29
-22
-17
-8
-2
6
13
17
26
28
37
34
41
41
43
42
38
40
31
36
24
28
20
20
13
10
7
0
-1
-10
-8
-14
-16
-21
-23
-25
-28
-28
-33
-32
-37
-36
-36
-36
-33
-33
-26
-24
-14
-11
-1
4
14
19
28
34
41
44
46
47
48
47
43
44
39
41
32
31
22
20
12
10
6
1
-4
-10
-12
-17
-19
-23
-25
-31
-32
-37
-35
-39
-37
-40
-35
-37
-30
-31
-24
-21
-14
-6
-3
9
8
23
20
33
32
40
40
42
46
41
47
39
44
36
36
30
27
25
18
17
9
8
1
-1
-6
-13
-13
-21
-20
-31
-27
-34
-33
-34
-36
-32
-34
-28
-30
-21
-21
-13
-7
0
9
13
22
25
31
32
36
41
40
43
38
40
34
33
26
24
20
15
16
8
9
3
3
-2
-1
-5
-6
-11
-13
-15
-20
-21
-26
-25
-32
-32
-38
-37
-41
-39
-39
-36
-33
-28
-24
-20
-14
-9
-2
3
10
13
16
21
24
27
26
27
29
28
30
25
28
22
25
20
20
15
11
9
4
5
-4
-5
-14
-16
-22
-26
-28
-33
-33
-41
-37
-44
-40
-39
-38
-30
-32
-21
-22
-11
-13
-2
1
7
12
12
17
16
20
16
18
15
14
11
8
7
5
4
2
3
1
-1
1
-3
0
-5
-2
-7
-5
-8
-9
-13
-15
-16
-22
-21
-26
-22
-28
-23
-27
-22
-23
-17
-16
-13
-12
-8
-5
-3
1
3
9
9
14
14
19
20
24
26
29
30
31
30
32
30
33
28
29
22
21
14
11
10
0
1
-12
-9
-20
-16
-24
-22
-27
-28
-27
-28
-21
-24
-14
-17
-7
-6
1
9
12
21
18
27
26
34
32
35
35
31
31
26
27
20
23
17
17
11
7
8
3
7
-1
3
-5
-2
-7
-7
-9
-14
-13
-21
-20
-27
-24
-28
-23
-27
-26
-24
-25
-20
-21
-10
-14
-4
-6
0
0
3
8
5
10
5
12
8
13
11
13
13
13
17
14
23
16
24
16
19
15
11
10
3
3
-8
-9
-18
-20
-24
-29
-30
-35
-33
-37
-32
-34
-27
-25
-21
-17
-14
-6
-7
2
0
10
7
14
15
17
23
21
27
24
31
27
31
29
31
30
28
27
22
23
16
18
11
12
7
4
2
-1
-3
-6
-7
-12
-12
-16
-14
-16
-16
-19
-16
-15
-15
-10
-13
-7
-8
-3
-3
2
3
5
7
8
10
12
13
15
14
18
17
19
20
22
24
26
26
26
26
23
25
18
20
13
11
5
-1
-6
-10
-15
-20
-24
-28
-29
-33
-34
-36
-32
-35
-31
-32
-27
-26
-23
-21
-17
-16
-13
-11
-6
-2
0
5
6
12
12
18
18
22
21
22
22
22
23
19
18
14
11
8
7
1
0
-6
-10
-14
-17
-19
-24
-26
-29
-31
-33
-36
-35
-36
-36
-34
-30
-28
-23
-22
-17
-14
-11
-8
-4
2
2
7
7
12
13
14
18
20
21
23
27
28
30
33
32
33
32
31
28
26
22
17
12
7
2
-4
-8
-16
-17
-24
-23
-29
-28
-31
-31
-29
-28
-24
-26
-20
-21
-14
-13
-5
-4
0
5
7
16
15
24
21
28
27
33
33
34
35
34
34
30
31
26
26
17
18
10
9
2
0
-5
-12
-11
-21
-21
-28
-28
-34
-34
-35
-35
-35
-34
-31
-28
-25
-21
-16
-11
-7
-2
0
8
9
13
17
18
23
22
25
26
28
27
29
29
30
30
30
28
26
24
20
17
12
6
1
-6
-10
-17
-20
-28
-30
-35
-37
-35
-38
-34
-38
-31
-34
-28
-26
-20
-17
-12
-7
-5
3
4
11
11
20
19
27
26
33
33
35
35
36
36
34
34
30
30
24
22
15
12
6
0
-4
-9
-12
-18
-22
-26
-29
-32
-35
-36
-37
-37
-37
-36
-35
-34
-29
-27
-22
-19
-12
-7
-2
3
8
12
16
19
22
26
27
30
31
32
33
32
31
30
28
27
23
21
17
15
9
7
0
-3
-9
-12
-18
-23
-27
-33
-34
-39
-36
-39
-35
-38
-32
-31
-27
-23
-19
-12
-8
-1
2
7
11
16
20
24
28
31
33
35
37
38
39
40
37
37
31
32
26
23
17
13
8
2
-3
-10
-14
-22
-23
-30
-30
-36
-38
-39
-40
-40
-41
-38
-38
-33
-32
-28
-25
-21
-15
-11
-4
0
7
11
14
17
21
24
28
29
31
30
29
29
26
25
23
21
18
13
10
3
1
-4
-8
-14
-19
-23
-29
-33
-37
-38
-42
-42
-44
-46
-45
-43
-38
-35
-30
-26
-21
-16
-11
-3
1
8
12
18
21
25
27
30
33
34
37
35
39
34
36
30
31
26
24
19
15
10
4
1
-8
-9
-17
-17
-24
-27
-29
-31
-32
-32
-30
-29
-27
-27
-23
-20
-14
-13
-7
-2
3
7
12
17
21
25
29
33
35
38
38
39
39
38
38
35
33
30
26
20
17
14
10
4
1
-4
-8
-13
-17
-21
-26
-27
-33
-32
-38
-37
-39
-36
-34
-31
-26
-26
-20
-18
-9
-6
2
5
12
15
20
24
26
32
31
37
35
40
35
37
34
36
34
30
27
23
20
12
10
3
3
-5
-8
-15
-18
-22
-26
-29
-33
-33
-37
-36
-37
-36
-34
-33
-27
-25
-21
-19
-12
-10
-2
1
4
10
13
18
18
25
26
30
30
32
30
33
32
31
29
26
23
19
16
11
8
3
0
-6
-7
-13
-16
-20
-22
-25
-27
-29
-31
-32
-33
-34
-33
-32
-30
-27
-23
-20
-16
-10
-6
0
4
9
12
18
21
24
28
30
32
34
35
35
34
36
35
35
30
29
24
22
16
12
6
3
1
-7
-10
-17
-18
-25
-23
-27
-25
-28
-29
-30
-30
-28
-27
-21
-21
-15
-14
-7
-4
1
5
10
14
18
23
24
28
29
32
32
32
32
32
31
29
28
24
22
17
13
8
5
1
-3
-8
-13
-15
-20
-22
-26
-27
-29
-29
-30
-30
-31
-30
-30
-30
-28
-24
-21
-18
-14
-10
-6
1
5
9
13
16
20
24
25
26
26
27
27
28
26
25
23
23
18
16
13
8
6
1
-1
-7
-10
-16
-19
-25
-26
-30
-32
-32
-33
-31
-32
-29
-29
-26
-23
-19
-15
-12
-6
-5
1
3
10
12
20
22
27
30
32
35
34
36
34
35
32
34
30
27
23
21
17
12
10
4
2
-3
-8
-13
-14
-19
-22
-24
-27
-28
-28
-28
-27
-26
-25
-24
-22
-20
-15
-14
-8
-5
1
4
9
13
17
22
26
30
32
34
34
35
35
35
33
32
31
29
25
24
19
18
14
11
6
2
-3
-7
-13
-18
-22
-24
-27
-29
-31
-32
-33
-33
-31
-30
-26
-24
-20
-17
-12
-7
-3
2
6
11
18
19
25
26
31
33
36
36
35
36
35
35
31
30
23
22
17
14
9
4
-1
-6
-10
-16
-19
-25
-26
-32
-33
-34
-35
-35
-35
-32
-32
-28
-27
-22
-18
-13
-10
-8
-3
0
6
9
14
16
20
22
25
28
29
32
31
32
28
30
27
25
21
17
15
10
5
-1
-5
-9
-14
-19
-23
-27
-30
-32
-33
-35
-37
-36
-35
-34
-32
-30
-26
-23
-19
-15
-11
-5
-1
3
7
12
15
20
23
27
29
32
33
32
33
32
30
27
24
20
17
13
7
3
-4
-8
-13
-15
-20
-22
-26
-29
-32
-33
-33
-33
-33
-32
-29
-28
-25
-22
-18
-14
-10
-6
-4
2
4
11
14
20
22
26
28
32
34
33
35
34
35
32
31
26
25
20
17
14
9
6
-1
-3
-9
-11
-16
-18
-21
-24
-26
-27
-28
-29
-29
-27
-27
-24
-23
-21
-19
-15
-11
-8
-3
0
6
9
12
17
20
24
26
31
30
32
30
30
27
25
23
19
16
11
10
3
0
-6
-8
-12
-15
-19
-22
-24
-28
-27
-29
-27
-30
-30
-29
-30
-27
-25
-23
-20
-16
-14
-11
-9
-3
1
6
9
11
15
16
20
20
24
23
24
25
23
23
20
19
16
15
11
8
6
0
-2
-7
-8
-12
-13
-17
-19
-21
-24
-25
-27
-25
-26
-24
-24
-22
-21
-19
-15
-11
-6
-5
1
4
10
11
17
19
22
24
27
29
29
31
29
32
30
29
26
23
20
18
15
12
10
5
2
-1
-5
-7
-11
-12
-15
-15
-18
-19
-21
-20
-20
-21
-18
-19
-15
-14
-10
-8
-5
-3
1
3
7
10
12
15
17
21
22
23
23
23
23
21
22
19
20
17
15
11
8
4
-1
-1
-6
-8
-13
-15
-19
-21
-23
-26
-26
-28
-27
-28
-26
-27
-25
-22
-20
-18
-14
-12
-9
-5
-3
2
4
8
10
13
16
17
20
19
20
20
21
20
19
17
15
13
10
8
2
0
-3
-5
-7
-10
-12
-16
-17
-20
-21
-22
-22
-24
-24
-23
-22
-19
-19
-15
-13
-9
-8
-4
0
2
6
8
12
13
16
17
20
22
24
24
24
24
23
24
20
21
17
17
13
10
8
5
2
-2
-3
-9
-8
-12
-14
-17
-18
-19
-19
-19
-20
-19
-20
-17
-17
-14
-11
-9
-7
-5
-3
-1
3
5
8
9
13
15
16
17
15
18
16
18
16
15
14
14
13
10
10
7
6
2
1
-3
-4
-8
-9
-10
-12
-13
-13
-13
-14
-13
-14
-13
-12
-12
-10
-10
-7
-7
-3
-3
1
2
4
6
7
10
10
13
12
15
15
16
18
18
19
17
17
16
16
12
11
9
7
6
4
2
-1
-1
-5
-6
-8
-10
-12
-14
-14
-17
-16
-18
-16
-17
-15
-15
-13
-10
-10
-6
-5
-2
-2
0
2
5
5
7
9
10
12
12
13
11
11
10
10
8
7
5
3
3
0
-1
-2
-3
-6
-7
-8
-11
-11
-13
-12
-15
-13
-13
-12
-12
-12
-9
-9
-6
-7
-5
-5
-1
-1
1
3
6
8
9
13
13
14
14
15
14
13
14
13
12
12
13
12
14
11
11
10
8
7
5
4
1
0
-2
-3
-4
-6
-5
-5
-5
-7
-7
-7
-6
-7
-6
-4
-5
-3
-2
1
0
3
3
5
6
7
7
9
10
10
13
11
12
10
11
10
8
7
5
4
-1
-1
-4
-6
-8
-10
-12
-14
-15
-17
-17
-18
-17
-21
-21
-21
-22
-22
-21
-18
-18
-15
-14
-11
-9
-6
-4
-3
-2
-1
1
1
5
5
8
9
10
10
9
10
10
10
8
8
7
7
6
5
3
2
-1
-3
-3
-6
-6
-8
-9
-9
-10
-10
-12
-10
-9
-9
-10
-8
-8
-9
-7
-7
-5
-3
-1
1
3
5
7
9
11
13
12
14
14
15
16
16
15
15
13
13
13
