3
2
2
3
2
2
1
1
1
1
1
1
1
2
1
2
0
1
0
1
1
1
1
0
0
1
1
1
0
0
-1
0
1
1
2
2
2
1
1
1
2
3
2
2
1
1
1
2
2
1
2
2
1
0
0
1
0
-1
-2
-2
-3
-3
-3
-3
-3
-4
-4
-4
-4
-3
-4
-3
-3
-3
-4
-4
-4
-3
-2
-3
-3
-3
-2
-1
-2
-2
-2
-2
-2
-3
-2
-1
-1
-1
-1
-2
-2
-2
-1
-2
-1
-2
-3
-2
-2
-3
-3
-3
-2
-2
-2
-2
-2
-2
-2
-2
-1
-2
0
0
-1
-1
0
0
1
0
0
-1
0
1
1
1
0
0
1
1
1
0
1
0
-1
-1
0
0
0
0
0
1
1
1
1
1
1
2
2
3
2
2
1
1
1
0
1
1
1
0
0
0
0
-1
-1
-1
0
-1
0
-1
-1
-1
0
0
-1
-1
-1
-2
-1
-2
-1
-1
-1
-2
-3
-4
-4
-4
-3
-2
-3
-3
-3
-4
-4
-4
-3
-4
-3
-3
-2
-1
-1
-1
-1
-1
0
-1
-1
0
0
0
1
0
0
-1
-1
0
-1
-2
-2
-3
-3
-3
-2
-2
-2
0
0
0
-1
0
-1
-1
-2
-3
-2
-3
-3
-2
-2
-4
-4
-3
-3
-3
-3
-3
-2
-2
-3
-3
-4
-3
-3
-3
-4
-4
-5
-4
-4
-3
-2
-2
-3
-3
-4
-3
-3
-2
-1
-3
-3
-3
-1
-2
-2
-1
-1
0
-1
1
0
2
2
2
3
2
2
2
2
1
2
3
2
1
1
0
0
3
2
2
2
2
1
1
2
1
2
1
-1
1
0
1
1
2
1
1
1
2
2
2
2
2
2
1
0
1
1
1
2
2
2
3
4
4
4
6
6
6
5
5
5
6
6
5
5
5
4
4
4
5
5
6
6
5
4
4
4
3
3
3
2
2
3
1
1
1
0
-1
-1
-1
0
-1
-1
-2
-2
-2
-3
-3
-4
-4
-4
-4
-4
-5
-4
-4
-5
-3
-3
-2
-3
-2
-1
-2
-2
-3
-1
-2
-1
-1
-1
0
0
0
0
1
1
2
1
0
0
-1
0
0
0
-1
-1
-2
0
-1
0
0
0
1
0
0
0
-1
-1
-1
0
0
0
1
0
0
1
0
0
0
0
0
0
1
0
0
0
0
0
1
0
1
2
1
1
1
2
2
1
1
1
1
1
0
0
0
0
1
1
1
2
1
2
2
1
1
1
2
2
2
1
1
1
0
0
0
-1
0
-1
0
0
0
-1
-1
0
-1
0
0
0
0
1
0
0
1
0
0
1
1
1
2
1
2
2
2
1
1
1
2
0
0
0
-1
0
-1
-1
-1
-1
-2
-1
-2
-1
-2
-2
-2
-3
-2
-3
-3
-4
-4
-2
-4
-3
-3
-2
-2
-3
-3
-2
-3
-1
-2
-1
-2
-1
-1
-1
-1
-2
0
-2
0
0
1
0
1
2
1
1
0
2
2
0
-1
0
0
-1
-1
0
-1
-2
-2
-2
-1
-1
-2
-2
-2
-2
-2
-2
-2
-1
-2
-3
-3
-2
0
-1
-1
0
0
0
0
0
0
0
0
0
0
-1
-1
-2
-1
0
1
1
0
2
1
1
1
2
1
2
3
2
1
3
3
2
3
2
3
3
3
2
3
3
3
3
2
1
1
0
1
1
1
1
1
1
1
1
1
1
1
1
0
1
3
2
2
1
0
0
-1
-1
-1
1
1
1
1
2
2
3
1
1
1
1
1
1
1
0
1
1
0
0
1
1
1
1
1
0
-1
0
-1
-1
-2
0
0
-1
-1
0
-1
-1
-2
-2
-2
-2
-2
-1
-1
-1
-1
-2
-3
-3
-2
-2
-3
-3
-1
-2
-1
0
-1
1
-1
0
-2
-1
-1
-1
-1
-2
-2
-3
-2
-3
-3
-2
-1
0
0
0
0
1
0
0
0
1
2
2
0
1
2
3
4
4
4
5
5
6
6
7
6
6
5
6
6
6
6
6
6
7
6
7
7
7
7
7
7
8
8
7
8
7
7
7
6
7
7
7
6
5
6
7
6
4
4
3
4
4
4
4
4
3
4
3
2
2
2
2
1
1
0
2
-1
0
-2
-1
-1
0
-1
-2
-2
-1
-2
-2
-2
-3
-2
-4
-3
-3
-3
-3
-3
-3
-5
-5
-6
-5
-6
-5
-6
-6
-8
-8
-8
-7
-7
-8
-7
-8
-7
-7
-7
-7
-6
-7
-6
-6
-6
-5
-6
-6
-6
-7
-7
-7
-6
-6
-6
-6
-7
-7
-8
-7
-8
-7
-6
-7
-6
-6
-7
-6
-9
-8
-9
-8
-7
-6
-6
-6
-7
-6
-6
-6
-6
-7
-8
-7
-7
-6
-6
-6
-7
-8
-7
-6
-5
-5
-6
-6
-7
-6
-6
-5
-5
-6
-7
-7
-7
-7
-5
-5
-4
-5
-6
-4
-4
-4
-4
-4
-4
-4
-3
-1
-1
-1
-1
-2
-2
-1
-1
0
-1
0
0
1
2
1
1
1
1
2
4
5
6
7
6
5
7
7
7
7
7
7
8
8
8
9
9
9
9
10
9
9
9
9
9
9
9
9
9
10
8
8
7
8
9
8
9
8
8
7
6
6
7
6
6
5
4
5
6
5
5
5
5
5
4
4
3
4
4
4
3
4
4
4
3
3
3
3
3
2
2
2
3
3
3
1
2
2
1
2
1
1
1
2
1
1
0
1
1
1
1
2
1
1
0
1
1
1
0
-1
-1
-2
0
1
1
1
0
0
0
0
0
2
2
3
3
3
3
4
4
4
3
3
3
5
5
6
5
5
6
7
6
7
7
7
8
8
8
8
8
7
8
7
5
6
7
8
6
6
4
4
3
3
3
2
2
1
1
1
1
0
-1
0
0
-1
-2
-3
-4
-4
-3
-3
-3
-4
-4
-4
-4
-5
-5
-4
-4
-3
-3
-3
-2
-3
-3
-1
-2
-3
-2
-2
-4
-3
-2
-3
-3
-2
-2
-3
-3
-3
-4
-3
-3
-2
-2
-2
-2
-3
-3
-2
-2
-2
-2
-2
-3
-3
-3
-3
-3
-4
-4
-5
-3
-4
-4
-5
-5
-5
-3
-4
-5
-5
-5
-5
-4
-6
-5
-5
-5
-3
-4
-3
-3
-3
-3
-2
-3
-3
-3
-1
-2
-1
-1
-2
-2
-2
-2
-2
-2
-3
-1
-1
-2
-2
-2
-2
-2
-3
-2
-3
-4
-3
-3
-3
-3
-3
-3
-2
-2
-3
-3
-2
0
-1
-1
0
-1
-1
0
1
1
1
1
1
1
2
2
2
2
3
3
3
3
2
2
3
4
3
1
1
2
3
3
2
2
4
5
6
5
3
1
3
4
4
5
4
3
3
3
3
2
3
4
3
3
4
4
4
6
5
4
4
3
3
2
3
2
0
1
1
1
2
2
1
1
1
1
2
1
2
2
2
0
-1
1
1
2
2
0
0
0
1
1
1
1
0
-1
-2
0
0
2
2
1
1
1
-1
0
1
2
1
1
0
1
2
2
2
1
0
0
1
0
2
1
0
0
0
0
-1
-1
0
0
-1
-3
-4
-2
-1
0
0
-2
-3
-3
-3
-2
-1
0
-1
-1
-2
-2
0
-1
-1
0
-1
-1
-1
0
0
0
0
-1
-2
-2
-1
0
0
0
-2
-1
-1
1
2
3
0
0
1
2
2
3
5
4
4
2
2
3
4
4
3
3
2
1
0
1
1
2
1
-1
-2
-2
-2
0
0
-1
-2
-3
-4
-3
-2
-2
-3
-3
-4
-4
-4
-3
-3
-3
-3
-4
-5
-4
-3
-3
-3
-4
-6
-5
-4
-4
-3
-1
-3
-5
-4
-3
0
1
1
0
0
0
1
2
3
4
5
3
3
3
4
5
4
2
1
2
2
1
2
2
1
0
0
3
3
1
1
2
0
-1
-1
0
1
0
-2
-6
-8
-7
-5
-4
-3
-6
-4
-5
-6
-3
-1
1
-1
0
0
-1
-1
0
0
1
5
1
0
0
0
2
3
3
1
4
5
6
6
2
0
2
6
8
6
3
-3
-5
-6
-4
-3
-1
-1
-9
-12
-13
-12
-5
-2
1
-3
-6
-9
-7
2
3
0
-4
-2
3
1
1
0
6
9
10
10
8
7
1
1
4
11
13
3
-3
-10
-7
-4
-2
-2
-6
-9
-12
-10
-7
-6
-5
-7
-9
-11
-9
-8
-11
-10
-8
-10
-9
-6
0
5
5
2
5
16
17
21
23
22
22
22
29
33
34
29
21
20
22
26
24
20
19
17
19
18
18
24
18
10
10
12
17
12
7
-1
0
5
-1
-2
-6
-9
-14
-11
-10
-12
-4
-7
-11
-11
-12
-11
-11
-6
-11
-16
-18
-25
-24
-23
-26
-28
-25
-19
-25
-33
-35
-35
-27
-23
-25
-31
-34
-35
-35
-23
-13
-14
-16
-19
-20
-17
-5
-1
1
7
7
6
8
14
15
18
21
19
20
21
17
12
14
24
30
29
24
19
16
17
16
21
26
18
12
8
13
10
11
7
-2
2
0
-2
-11
-11
-6
-6
6
4
2
0
5
12
9
12
4
5
4
2
5
0
0
-7
-4
1
-3
-5
-4
6
6
8
6
4
12
16
20
18
20
24
23
13
8
14
14
20
20
21
17
14
18
23
30
31
25
17
10
11
15
15
10
10
10
-1
-18
-24
-25
-21
-20
-30
-40
-49
-50
-52
-55
-54
-50
-59
-71
-80
-85
-77
-67
-63
-58
-57
-62
-69
-62
-47
-36
-37
-45
-47
-44
-30
-23
-21
-17
-14
-12
22
68
39
8
43
131
166
107
77
138
296
330
206
159
188
288
326
330
314
290
332
259
214
255
406
495
320
125
-13
108
247
165
40
-27
1
-163
-320
-326
-255
-146
-294
-544
-725
-699
-602
-678
-740
-803
-769
-748
-859
-939
-888
-716
-681
-782
-728
-513
-425
-587
-693
-460
-66
72
-109
-194
55
282
268
255
441
716
785
691
619
689
899
985
946
889
923
991
927
836
800
918
1002
860
683
624
861
992
729
395
229
520
813
638
218
75
372
343
61
-58
55
285
88
-295
-513
-376
-198
-408
-572
-676
-679
-739
-1031
-1151
-1097
-901
-969
-1308
-1431
-1365
-1229
-1299
-1330
-1241
-1194
-1105
-1186
-1215
-1078
-896
-684
-566
-449
-440
-358
-98
47
201
397
571
603
548
685
913
1104
1134
1098
1222
1337
1362
1318
1310
1429
1499
1507
1391
1224
1164
1179
1200
1054
895
809
651
460
336
274
243
290
219
-43
-402
-593
-423
-177
-216
-563
-720
-676
-675
-696
-713
-504
-394
-523
-816
-985
-749
-552
-490
-652
-819
-787
-806
-829
-858
-768
-674
-763
-896
-1010
-942
-855
-882
-881
-814
-704
-720
-837
-830
-663
-455
-392
-326
-166
-82
-68
8
244
504
621
642
679
749
786
887
1062
1137
1146
1180
1266
1276
1208
1209
1306
1385
1331
1202
1100
996
952
960
931
787
606
490
339
421
594
400
-67
-500
-358
94
146
-348
-776
-496
-338
-547
-738
-622
-241
-259
-573
-933
-831
-420
-392
-501
-682
-664
-609
-700
-716
-716
-539
-549
-768
-897
-865
-738
-868
-977
-1012
-1069
-879
-750
-819
-961
-924
-709
-644
-558
-429
-248
-14
-62
-119
115
449
553
526
763
973
970
890
881
1124
1343
1397
1353
1243
1223
1242
1349
1373
1253
1195
1187
1169
964
767
785
799
690
482
339
405
402
87
-278
-373
-104
-26
-302
-649
-722
-389
-462
-782
-847
-566
-294
-576
-844
-911
-620
-323
-536
-651
-629
-442
-463
-662
-652
-624
-448
-503
-697
-739
-706
-651
-815
-840
-841
-946
-1020
-1152
-1122
-993
-807
-806
-937
-896
-818
-712
-572
-310
-69
-18
-87
-127
125
462
628
706
875
1014
942
930
1070
1272
1385
1446
1516
1470
1374
1262
1325
1498
1526
1429
1282
1178
1003
889
890
870
787
621
599
561
304
20
-116
12
105
-58
-323
-436
-336
-427
-586
-578
-476
-379
-492
-660
-717
-604
-452
-503
-493
-457
-503
-543
-624
-596
-484
-366
-432
-678
-778
-670
-573
-704
-951
-1032
-970
-1009
-1207
-1417
-1320
-1022
-911
-962
-1132
-1225
-1131
-908
-546
-379
-247
-251
-337
-177
5
319
577
831
939
780
805
856
1112
1381
1489
1620
1548
1445
1276
1290
1553
1665
1682
1543
1407
1219
1018
1009
1062
1087
972
944
721
273
-31
9
426
451
-3
-555
-561
-304
-508
-649
-631
-369
-463
-878
-1072
-997
-480
-444
-710
-836
-791
-572
-693
-720
-703
-570
-340
-503
-733
-862
-670
-496
-624
-764
-962
-954
-932
-1145
-1288
-1262
-1065
-1058
-1119
-1025
-930
-857
-927
-952
-784
-368
-38
-30
-123
-86
232
510
690
805
1040
1312
1189
1024
1116
1543
1821
1719
1646
1621
1724
1691
1578
1628
1719
1786
1632
1438
1257
1118
1118
1060
998
843
669
441
116
28
45
39
-152
-446
-538
-554
-583
-755
-839
-764
-784
-842
-982
-974
-873
-795
-786
-871
-778
-693
-698
-699
-698
-586
-518
-479
-546
-682
-642
-588
-562
-675
-824
-866
-894
-916
-1150
-1267
-1140
-1112
-1162
-1202
-1002
-761
-744
-994
-1230
-959
-289
93
-53
-307
-191
281
481
474
654
1138
1449
1110
849
1074
1554
1736
1565
1646
1807
1830
1590
1393
1589
1829
1913
1699
1419
1214
1075
1122
1069
947
821
712
521
143
-4
14
53
-113
-450
-540
-528
-575
-813
-894
-765
-801
-926
-1087
-1038
-871
-815
-875
-1003
-883
-734
-691
-705
-723
-606
-489
-407
-507
-658
-590
-434
-382
-567
-755
-786
-752
-766
-958
-1050
-984
-993
-1147
-1247
-997
-724
-579
-739
-1105
-1139
-727
-52
130
-135
-259
20
498
469
368
712
1371
1542
986
781
1192
1708
1681
1394
1587
1907
1880
1469
1293
1593
1830
1780
1545
1367
1197
1008
943
933
897
760
613
409
135
-84
-155
-105
-176
-367
-574
-641
-760
-903
-842
-786
-740
-854
-972
-963
-881
-705
-728
-708
-637
-602
-540
-539
-438
-344
-215
-181
-339
-425
-390
-306
-298
-399
-539
-676
-791
-869
-989
-1023
-1025
-1170
-1344
-1415
-1218
-995
-861
-962
-1335
-1425
-1110
-493
-206
-424
-568
-329
202
221
-1
346
1138
1527
1017
620
955
1594
1793
1511
1611
1986
2039
1666
1438
1757
2068
2056
1839
1645
1507
1316
1234
1226
1187
1093
933
741
370
-59
-155
65
206
-116
-622
-834
-781
-705
-785
-834
-767
-755
-924
-1159
-1124
-830
-609
-619
-765
-784
-681
-610
-518
-378
-195
-203
-442
-628
-589
-320
-202
-399
-668
-850
-867
-944
-1085
-1171
-1158
-1138
-1340
-1590
-1580
-1253
-861
-906
-1377
-1636
-1338
-624
-312
-538
-637
-241
306
178
-92
327
1266
1743
1185
709
1063
1805
2002
1617
1742
2273
2458
2008
1579
1850
2284
2404
2150
1880
1730
1553
1504
1431
1354
1235
1049
869
499
98
-69
79
174
-159
-574
-753
-739
-746
-842
-902
-921
-942
-1105
-1281
-1202
-988
-887
-966
-1076
-1046
-919
-826
-812
-767
-610
-541
-711
-875
-858
-635
-559
-741
-932
-1061
-1051
-1128
-1242
-1327
-1303
-1227
-1452
-1633
-1630
-1306
-804
-807
-1327
-1842
-1480
-467
29
-256
-656
-226
544
535
145
424
1576
2147
1456
831
1233
2190
2293
1724
1843
2568
2836
2167
1594
1877
2457
2598
2227
1950
1804
1604
1517
1451
1321
1065
923
812
431
-10
-255
-49
81
-331
-834
-976
-809
-850
-994
-1060
-1082
-1096
-1264
-1370
-1223
-905
-837
-1061
-1154
-978
-707
-611
-665
-670
-476
-311
-453
-691
-692
-377
-300
-580
-887
-964
-894
-959
-1123
-1329
-1257
-1183
-1471
-1760
-1716
-1305
-908
-883
-1429
-2002
-1697
-649
-37
-367
-831
-494
362
547
67
178
1377
2197
1576
744
1066
2181
2482
1866
1799
2565
3025
2431
1733
1962
2631
2804
2418
2113
2001
1845
1669
1532
1444
1273
1073
816
477
114
-100
-34
-47
-386
-790
-886
-861
-996
-1123
-1176
-1213
-1304
-1450
-1542
-1401
-1143
-1147
-1335
-1346
-1137
-941
-881
-937
-967
-727
-436
-588
-962
-999
-727
-513
-646
-928
-1104
-1103
-1091
-1343
-1458
-1311
-1222
-1474
-1755
-1652
-1156
-676
-1074
-1915
-2078
-1020
160
26
-867
-998
103
834
443
41
841
2169
2014
874
655
1852
2781
2223
1646
2163
3011
2847
1913
1731
2465
2969
2655
2145
1982
1916
1808
1646
1496
1415
1213
937
608
198
-40
34
153
-225
-793
-938
-809
-786
-1024
-1235
-1263
-1211
-1369
-1633
-1485
-1139
-1054
-1278
-1458
-1310
-995
-811
-897
-1032
-899
-589
-546
-864
-1043
-889
-588
-540
-934
-1270
-1274
-1079
-1192
-1477
-1515
-1382
-1459
-1764
-1757
-1233
-598
-945
-1952
-2287
-1139
269
189
-779
-1057
126
989
562
112
880
2430
2429
1188
776
1889
3045
2677
2043
2382
3193
3151
2242
2005
2694
3231
2949
2349
2138
2160
2075
1821
1544
1465
1360
1101
675
105
-167
-28
149
-247
-979
-1296
-1201
-1031
-1187
-1472
-1581
-1640
-1825
-2053
-1871
-1478
-1389
-1650
-1873
-1723
-1389
-1213
-1264
-1312
-1121
-802
-759
-1060
-1324
-1116
-714
-551
-821
-1301
-1349
-1202
-1169
-1345
-1418
-1258
-1358
-1447
-1407
-913
-488
-954
-1693
-1831
-594
592
430
-464
-680
412
1101
844
581
1394
2599
2365
1303
1040
2138
3048
2664
2242
2624
3163
2844
2045
2060
2844
3285
2893
2251
2051
2054
1987
1823
1644
1568
1323
997
549
91
-30
56
133
-304
-950
-1284
-1262
-1100
-1227
-1479
-1671
-1778
-1942
-2067
-1888
-1649
-1581
-1758
-1878
-1723
-1471
-1344
-1408
-1358
-1094
-890
-990
-1218
-1298
-1081
-783
-745
-970
-1252
-1353
-1274
-1150
-1156
-1204
-1282
-1253
-1089
-684
-330
-705
-1329
-1554
-615
598
745
14
-481
361
1009
888
786
1468
2583
2359
1399
1056
1969
2926
2596
2129
2442
3057
2797
1870
1731
2509
3131
2851
2155
1824
1795
1710
1578
1519
1521
1235
691
291
29
-71
-101
-120
-414
-941
-1305
-1480
-1447
-1445
-1537
-1714
-1932
-2162
-2339
-2127
-1788
-1739
-1965
-2111
-1947
-1609
-1417
-1529
-1558
-1297
-926
-878
-1102
-1169
-1051
-775
-717
-799
-844
-905
-948
-1112
-1074
-918
-858
-913
-1014
-682
-59
-37
-741
-1473
-1033
446
1238
732
-273
-6
982
1179
866
1013
2212
2648
1708
805
1232
2577
2674
1852
1745
2509
2842
1913
1149
1653
2638
2794
2057
1529
1529
1594
1482
1291
1307
1338
1018
528
99
-54
33
168
49
-535
-963
-1041
-1029
-1076
-1207
-1258
-1368
-1561
-1868
-1939
-1529
-1267
-1472
-1807
-1788
-1438
-1165
-1166
-1310
-1265
-967
-791
-985
-1216
-1144
-872
-681
-895
-1213
-1262
-1183
-1091
-1354
-1451
-1311
-1199
-1185
-1227
-594
-408
-877
-1596
-1618
-183
765
592
-399
-417
685
934
673
721
1895
2654
1851
763
843
2305
2918
2196
1743
2209
2717
2235
1484
1671
2496
2864
2432
1850
1713
1674
1602
1597
1678
1693
1285
780
383
271
346
400
334
-190
-707
-902
-872
-833
-994
-1222
-1468
-1633
-1846
-1964
-1732
-1467
-1565
-1944
-2102
-1907
-1581
-1446
-1523
-1485
-1271
-1204
-1433
-1612
-1405
-1024
-886
-1182
-1534
-1511
-1323
-1214
-1419
-1506
-1359
-1191
-1118
-984
-437
-437
-980
-1477
-979
374
946
483
-262
221
1065
1069
825
1298
2526
2694
1692
846
1386
2679
2855
2236
2079
2514
2478
1749
1495
2109
2723
2602
2044
1729
1708
1618
1496
1494
1698
1626
1125
614
323
337
438
597
389
-240
-711
-808
-632
-567
-688
-1029
-1369
-1485
-1611
-1618
-1394
-1225
-1399
-1750
-1883
-1751
-1515
-1357
-1352
-1372
-1227
-1248
-1544
-1689
-1498
-1034
-954
-1331
-1838
-1994
-1620
-1429
-1503
-1778
-1798
-1567
-1529
-1188
-820
-903
-1409
-1830
-1055
178
612
-33
-659
156
981
942
588
1172
2508
2596
1594
808
1487
2731
2750
2190
2208
2641
2452
1603
1429
2221
2865
2627
1894
1652
1790
1742
1543
1441
1666
1605
1155
629
298
370
500
631
367
-241
-668
-752
-542
-488
-627
-984
-1353
-1496
-1607
-1511
-1274
-1192
-1423
-1775
-1877
-1733
-1495
-1362
-1378
-1359
-1259
-1312
-1619
-1793
-1472
-1100
-1100
-1503
-1933
-1915
-1715
-1636
-1801
-1882
-1797
-1719
-1578
-1061
-728
-1239
-1953
-1885
-559
614
550
-382
-453
582
1053
833
758
1971
2994
2452
1402
1106
2187
2949
2637
2390
2778
3038
2232
1354
1648
2667
3092
2554
1831
1619
1641
1629
1572
1598
1750
1394
901
494
291
380
507
704
321
-290
-678
-702
-424
-326
-410
-853
-1218
-1366
-1373
-1139
-941
-953
-1208
-1427
-1469
-1417
-1340
-1212
-1061
-925
-980
-1355
-1703
-1630
-1187
-901
-1199
-1759
-2042
-1942
-1746
-1880
-2004
-2050
-1989
-1940
-1803
-1112
-1062
-1747
-2533
-2033
-293
465
-87
-1076
-483
701
812
441
712
2272
2815
1868
961
1421
2763
2856
2238
2402
3205
3178
1914
1171
2003
3185
3217
2313
1656
1671
1760
1677
1644
1778
1771
1337
836
492
326
417
711
848
315
-488
-757
-526
-178
-136
-485
-859
-1127
-1286
-1304
-1046
-758
-887
-1276
-1431
-1311
-1252
-1300
-1295
-1131
-822
-852
-1374
-1821
-1657
-1119
-929
-1331
-1914
-2180
-2135
-1975
-2019
-2139
-2192
-2265
-2365
-2131
-1317
-1247
-2016
-2761
-2238
-573
149
-400
-1289
-661
614
790
340
581
2055
2627
1880
1084
1473
2727
2882
2330
2442
3183
3239
2166
1471
2167
3183
3241
2444
1807
1794
1948
1940
1719
1704
1696
1469
1136
682
381
349
753
927
362
-395
-682
-393
-115
-93
-488
-850
-964
-1134
-1185
-955
-682
-829
-1217
-1320
-1130
-988
-1093
-1226
-1146
-787
-666
-1135
-1650
-1581
-1113
-928
-1217
-1729
-2030
-2101
-2010
-2027
-2183
-2235
-2401
-2494
-2288
-1541
-1453
-2216
-2843
-2544
-1023
-209
-543
-1312
-986
202
464
183
398
1754
2502
1902
1032
1159
2429
2918
2493
2385
2986
3220
2366
1586
2069
3122
3298
2581
1915
1900
2008
1909
1655
1668
1887
1658
1189
578
334
403
705
948
400
-305
-676
-510
-228
-133
-272
-711
-986
-1171
-1163
-872
-617
-698
-1076
-1195
-1002
-880
-967
-1030
-911
-597
-509
-885
-1346
-1373
-935
-737
-942
-1390
-1734
-1862
-1931
-1898
-1992
-2068
-2166
-2326
-2289
-1694
-1415
-1988
-2689
-2666
-1351
-323
-433
-1289
-1273
-86
411
149
123
1442
2520
2009
951
814
2181
3073
2662
2249
2682
3194
2647
1750
1936
2990
3400
2794
2072
1981
2087
1956
1759
1713
1951
1782
1246
645
338
470
665
897
505
-304
-718
-613
-297
-267
-426
-783
-1096
-1269
-1353
-1156
-861
-806
-1125
-1379
-1275
-1069
-1039
-1063
-980
-826
-730
-893
-1188
-1286
-1033
-726
-867
-1300
-1602
-1705
-1655
-1742
-1963
-2093
-2073
-2119
-2401
-2225
-1442
-1350
-2121
-2987
-2588
-996
-136
-593
-1573
-956
268
291
-215
161
2002
2750
1645
426
878
2713
3221
2315
1963
2787
3335
2463
1562
2050
3127
3307
2561
1960
1926
1877
1733
1709
1903
1952
1373
752
471
491
513
529
595
157
-483
-731
-584
-378
-393
-618
-946
-1122
-1211
-1295
-1118
-777
-756
-1131
-1340
-1182
-901
-740
-690
-788
-808
-657
-636
-774
-875
-666
-553
-812
-1137
-1339
-1353
-1368
-1552
-1880
-2023
-1964
-2080
-2325
-2049
-1244
-1235
-2120
-3019
-2708
-1163
-110
-403
-1414
-1090
-163
33
-130
358
1928
2408
1494
483
934
2579
2972
2163
1943
2853
3341
2466
1557
1955
3058
3397
2787
2129
1935
1888
1908
1954
2042
1934
1371
916
701
650
540
472
503
102
-423
-645
-614
-584
-635
-742
-940
-1139
-1396
-1538
-1228
-802
-878
-1326
-1569
-1297
-867
-663
-719
-961
-919
-657
-532
-657
-865
-786
-619
-668
-928
-1199
-1332
-1386
-1509
-1793
-1904
-1887
-2046
-2213
-1854
-1098
-1320
-2416
-3247
-2528
-766
22
-675
-1747
-1206
-179
15
-101
473
1850
2022
997
343
1236
2690
2654
1782
1891
2963
3211
2124
1347
2101
3299
3399
2588
1942
1932
2016
2159
2193
2080
1828
1292
1036
985
881
565
434
580
267
-293
-621
-579
-478
-495
-706
-1115
-1325
-1393
-1360
-1088
-865
-1088
-1535
-1559
-1090
-628
-576
-829
-1088
-934
-482
-244
-457
-777
-763
-635
-606
-725
-915
-1128
-1330
-1409
-1612
-1775
-1861
-2057
-2052
-1743
-1065
-1230
-2214
-2978
-2729
-1021
71
-339
-1623
-1614
-283
249
127
86
1178
2056
1616
792
807
2103
2716
2091
1898
2710
3273
2514
1521
1892
3159
3593
2802
1946
1988
2410
2421
2045
1791
1862
1718
1333
1009
737
546
457
520
344
-207
-602
-806
-814
-665
-726
-1070
-1491
-1649
-1577
-1283
-1019
-1291
-1683
-1654
-1202
-853
-931
-1100
-1157
-940
-570
-455
-654
-877
-951
-733
-557
-610
-835
-1293
-1525
-1515
-1480
-1592
-1821
-1939
-2067
-1843
-1192
-1185
-2041
-2947
-2690
-1084
-9
-440
-1733
-1603
-198
294
-37
-128
1132
2085
1509
588
714
2157
2678
1865
1661
2635
3322
2495
1420
1833
3145
3544
2707
2021
2218
2501
2369
2054
1961
2062
1843
1424
1100
890
645
519
644
499
-136
-650
-789
-743
-605
-734
-1140
-1476
-1598
-1561
-1385
-1179
-1309
-1630
-1610
-1308
-1046
-957
-960
-1040
-1005
-686
-418
-421
-723
-910
-687
-438
-401
-756
-1184
-1323
-1261
-1236
-1482
-1639
-1766
-1892
-1829
-1308
-916
-1551
-2429
-2734
-1642
-168
-41
-1110
-1644
-532
334
162
-236
484
1878
2015
1112
422
1250
2421
2234
1736
2144
2938
2764
1772
1511
2470
3326
3045
2324
2096
2313
2328
2038
1896
2115
2108
1656
1046
659
575
571
655
477
-64
-648
-957
-966
-789
-675
-985
-1394
-1665
-1742
-1561
-1323
-1276
-1451
-1564
-1417
-1144
-961
-897
-939
-922
-637
-274
-236
-521
-807
-630
-181
-180
-539
-1053
-1203
-1008
-1017
-1294
-1683
-1707
-1766
-1881
-1824
-1300
-996
-1772
-2637
-2723
-1373
-133
-423
-1437
-1463
-256
197
-238
-443
780
2157
1837
638
142
1361
2465
2150
1752
2273
2959
2496
1571
1657
2825
3510
3035
2366
2218
2450
2343
2113
2165
2395
2194
1456
962
803
858
785
659
435
-164
-681
-931
-866
-661
-658
-1008
-1473
-1769
-1835
-1627
-1322
-1203
-1420
-1645
-1512
-1202
-988
-921
-932
-839
-596
-418
-551
-769
-690
-378
-246
-635
-998
-1130
-1029
-950
-1313
-1653
-1770
-1663
-1740
-1907
-1735
-1180
-1094
-1793
-2494
-2445
-1101
-67
-337
-1237
-1170
-131
156
-136
-108
1169
2249
1685
426
138
1605
2669
2274
1805
2177
2743
2403
1713
1962
2976
3382
2856
2252
2231
2401
2216
2013
2134
2340
1935
1181
707
613
665
600
519
190
-466
-980
-1109
-874
-552
-610
-1129
-1675
-1954
-1818
-1409
-1098
-1081
-1385
-1575
-1400
-1095
-814
-698
-703
-673
-605
-518
-531
-618
-538
-358
-421
-763
-1141
-1199
-1066
-1101
-1426
-1858
-1917
-1871
-1961
-2095
-2007
-1397
-1167
-1702
-2526
-2732
-1596
-418
-245
-958
-1272
-515
-92
-174
-125
897
2054
1666
481
112
1404
2695
2397
1643
1888
2843
3035
2262
1890
2570
3304
3255
2753
2441
2429
2295
2159
2143
2297
2153
1455
852
584
670
663
468
56
-541
-817
-819
-671
-687
-877
-1245
-1630
-1671
-1567
-1331
-1154
-1146
-1261
-1378
-1266
-1004
-718
-570
-564
-641
-617
-471
-380
-405
-504
-442
-533
-795
-939
-973
-1005
-1219
-1414
-1636
-1737
-1679
-1816
-1917
-1869
-1522
-1128
-1344
-1951
-2504
-1989
-641
-6
-491
-1237
-920
-182
117
80
433
1427
1670
995
406
1005
2216
2308
1653
1789
2850
3288
2501
1711
2129
3153
3481
3029
2490
2369
2258
1982
1855
2087
2282
1753
1044
564
392
359
207
105
-136
-471
-795
-1061
-1118
-1037
-1031
-1224
-1472
-1658
-1637
-1373
-1153
-1151
-1299
-1336
-1121
-883
-779
-743
-693
-641
-648
-707
-721
-625
-542
-557
-829
-1034
-1092
-1169
-1296
-1465
-1445
-1444
-1524
-1830
-2186
-2076
-1755
-1334
-930
-1170
-1778
-2304
-1933
-700
8
-193
-856
-652
43
190
-31
242
1534
2210
1605
664
773
1990
2515
2289
2480
3177
3317
2464
1750
2236
3348
3725
3232
2533
2136
1905
1744
1895
2127
2009
1460
818
334
9
-122
-32
205
96
-616
-1244
-1393
-1171
-927
-957
-1074
-1262
-1477
-1592
-1428
-969
-686
-854
-1183
-1151
-808
-500
-402
-541
-664
-717
-674
-485
-306
-311
-509
-891
-1065
-944
-900
-1027
-1154
-1119
-1300
-1665
-2009
-2030
-1655
-1413
-1368
-1247
-1202
-1574
-2337
-2390
-1103
64
31
-985
-1279
-425
104
9
-47
1004
2125
1761
611
361
1780
2991
2760
2359
2749
3285
2912
2120
2285
3284
3776
3257
2452
2184
2236
2024
1726
1666
1791
1701
1133
411
-213
-444
-178
176
105
-665
-1325
-1536
-1446
-1178
-1061
-1025
-1204
-1527
-1778
-1661
-1072
-741
-1009
-1323
-1170
-793
-701
-836
-948
-793
-490
-387
-560
-754
-618
-444
-508
-686
-760
-793
-947
-1018
-1079
-1084
-1164
-1486
-1827
-1889
-1553
-1384
-1565
-1417
-1211
-1498
-2050
-2279
-1476
-463
-153
-670
-977
-482
-251
-319
-36
1290
2363
1863
799
607
1898
3023
2850
2467
2866
3412
3023
2208
2188
3081
3622
3240
2620
2235
1979
1649
1502
1646
1728
1369
804
272
-234
-475
-376
42
83
-672
-1501
-1611
-1155
-897
-967
-1128
-1107
-1148
-1490
-1655
-1299
-654
-550
-1086
-1361
-1119
-728
-516
-559
-594
-505
-484
-652
-677
-363
54
-2
-573
-884
-789
-502
-489
-781
-1051
-1212
-1243
-1537
-1774
-1697
-1520
-1547
-1865
-1587
-1276
-1589
-2142
-2383
-1436
-305
-186
-1044
-1407
-456
280
321
335
1238
2209
1983
1217
1110
2307
3317
2956
2395
2779
3475
3263
2432
2193
2880
3392
3105
2474
2045
1848
1536
1281
1209
1237
1017
504
165
-215
-548
-647
-462
-368
-931
-1400
-1378
-1039
-882
-1251
-1617
-1617
-1224
-1106
-1313
-1366
-1309
-1143
-1047
-899
-752
-719
-663
-552
-391
-253
-226
-356
-352
-49
288
257
-203
-621
-641
-381
-258
-432
-840
-1243
-1391
-1462
-1560
-1645
-1741
-1860
-1900
-1631
-1125
-1282
-1975
-2395
-1857
-538
58
-348
-896
-381
461
531
438
983
2335
2826
2064
1354
1738
2931
3297
2918
2896
3330
3362
2630
2101
2458
3144
3152
2577
2012
1583
1283
1101
1101
1072
865
385
-53
-332
-709
-864
-736
-515
-737
-1350
-1718
-1776
-1586
-1485
-1467
-1458
-1522
-1693
-1862
-1656
-1297
-972
-849
-978
-1077
-996
-732
-410
-90
62
-6
-144
-268
-188
177
503
400
-159
-526
-443
-352
-495
-859
-1038
-1008
-1144
-1594
-2014
-1966
-1716
-1678
-1903
-1933
-1351
-917
-1405
-2172
-2175
-859
459
383
-536
-810
249
1101
995
880
1672
2790
2694
1750
1412
2395
3470
3188
2533
2693
3262
3064
2158
1852
2508
3017
2582
1762
1277
1231
1104
841
678
554
354
-72
-479
-745
-954
-1042
-1086
-1170
-1537
-1775
-1662
-1598
-1634
-1767
-1723
-1538
-1409
-1415
-1405
-1109
-841
-778
-851
-747
-356
14
209
110
36
124
276
333
277
309
521
588
115
-431
-536
-240
-76
-429
-957
-1209
-1126
-1163
-1446
-1608
-1512
-1315
-1395
-1606
-1673
-1337
-644
-597
-1108
-1519
-1132
0
596
396
-71
284
1018
1072
965
1397
2462
2827
2029
1305
1710
2814
2992
2264
2060
2646
2791
1934
1139
1381
2188
2298
1614
904
578
474
318
232
191
-41
-544
-1011
-1234
-1334
-1276
-1162
-1157
-1524
-1948
-1882
-1483
-1223
-1369
-1442
-1286
-1071
-1064
-1154
-793
-193
119
-172
-602
-357
310
665
496
236
307
474
498
363
227
290
496
428
14
-217
-224
-282
-413
-435
-439
-610
-858
-1142
-1171
-913
-732
-1054
-1507
-1492
-1216
-871
-588
-334
-542
-1003
-1115
-677
324
743
381
-65
292
1104
1091
782
1056
2004
2401
1700
1030
1151
1914
2154
1749
1643
1883
1815
1136
670
999
1469
1316
806
408
190
3
-209
-259
-234
-377
-706
-928
-1051
-1238
-1237
-924
-655
-949
-1564
-1641
-1114
-567
-551
-790
-799
-643
-574
-627
-381
52
297
123
-205
-90
271
457
440
442
572
653
551
306
204
419
691
659
380
191
146
135
108
66
-6
-68
-206
-409
-592
-629
-523
-548
-639
-753
-830
-945
-951
-784
-547
-287
-556
-1023
-1144
-597
68
-31
-306
-245
228
298
-127
-130
570
1401
1121
238
25
658
1150
750
433
863
1347
1012
190
-32
511
1008
899
620
501
366
26
-246
-78
228
296
35
-282
-584
-752
-433
1
77
-434
-983
-833
-320
-36
-252
-512
-361
-190
-310
-477
-303
168
449
327
39
33
322
545
641
728
881
886
635
384
506
950
1278
1078
559
335
474
732
752
558
399
287
126
-87
-226
-269
-239
-390
-661
-860
-999
-1141
-1359
-1338
-1122
-770
-893
-1767
-2332
-2025
-999
-621
-1123
-1559
-1471
-908
-1025
-1381
-1044
-11
613
-71
-815
-636
270
761
529
572
1100
1375
836
250
537
1414
1885
1582
1134
933
892
745
690
817
936
875
506
56
-235
-82
347
505
210
-396
-646
-380
-78
-95
-301
-254
-140
-175
-308
-234
142
405
375
190
274
591
773
822
838
992
1134
1138
1106
1150
1284
1353
1376
1332
1282
1185
973
814
769
810
637
231
-175
-367
-428
-600
-918
-1355
-1660
-1858
-2072
-2303
-2544
-2780
-2935
-2919
-2671
-2578
-3041
-3548
-3551
-2791
-2034
-1970
-2279
-2339
-1816
-1457
-1269
-811
28
652
328
-56
334
1292
1926
1770
1630
2003
2397
2289
1879
1910
2426
2725
2560
2239
1960
1732
1580
1610
1665
1520
1169
753
479
240
134
284
348
92
-509
-857
-647
-326
-226
-462
-558
-481
-391
-344
-193
227
422
379
300
508
977
1231
1293
1246
1370
1596
1660
1622
1593
1680
1621
1437
1225
1101
1087
864
438
7
-188
-285
-614
-1198
-1725
-1954
-2106
-2406
-2843
-3188
-3372
-3501
-3724
-3966
-4036
-4003
-3853
-3738
-3527
-3306
-3449
-3504
-3243
-2481
-1673
-1361
-1330
-1295
-756
-171
296
808
1406
2026
2074
1932
2081
2589
3205
3371
3363
3432
3450
3242
2920
2928
3197
3290
2883
2296
1887
1710
1622
1431
1107
701
432
206
-29
-310
-589
-511
-343
-423
-875
-1252
-984
-501
-227
-309
-407
-274
-86
110
379
850
1116
971
733
847
1370
1724
1619
1340
1250
1301
1229
1003
814
783
674
387
-73
-495
-672
-806
-1090
-1486
-1841
-2177
-2498
-2782
-2970
-3079
-3224
-3499
-3861
-3987
-3792
-3596
-3628
-3734
-3686
-3468
-3199
-2968
-2714
-2371
-1852
-1489
-1461
-1344
-881
-52
623
910
939
1122
1734
2145
2339
2598
3137
3585
3385
3030
2918
3253
3596
3461
3212
3069
2956
2524
2018
1942
2161
2191
1726
1148
804
693
612
451
304
193
52
-162
-332
-384
-326
-136
8
-77
-344
-465
-234
57
238
279
320
373
281
154
237
620
817
555
103
-6
303
427
125
-334
-450
-269
-280
-631
-1025
-1092
-1053
-1204
-1507
-1706
-1687
-1761
-2081
-2342
-2329
-2216
-2293
-2537
-2669
-2493
-2264
-2273
-2388
-2316
-2017
-1765
-1675
-1623
-1540
-1316
-1020
-887
-834
-619
-293
51
320
309
196
295
783
1383
1648
1525
1341
1571
1935
2087
2116
2276
2639
2631
2273
1976
2121
2529
2474
2135
2051
2200
2150
1679
1263
1360
1727
1769
1351
848
550
473
511
551
455
206
-95
-315
-432
-542
-596
-552
-542
-742
-1034
-1038
-897
-910
-1002
-1044
-903
-814
-981
-1169
-1038
-696
-604
-796
-962
-859
-610
-496
-533
-558
-446
-397
-494
-493
-321
-130
-104
-334
-622
-627
-382
-209
-285
-470
-643
-788
-848
-840
-751
-647
-705
-932
-1123
-1053
-934
-950
-987
-971
-845
-818
-961
-1125
-1071
-635
-175
-14
-61
-50
11
85
293
773
1398
1727
1545
1207
1410
1999
2328
2259
2224
2507
2581
2256
1890
1931
2298
2305
1910
1547
1452
1288
784
473
545
584
196
-391
-727
-881
-1009
-1240
-1424
-1476
-1603
-1840
-2007
-1952
-1845
-1768
-1771
-1783
-1706
-1518
-1140
-900
-854
-873
-663
-197
59
136
174
416
702
800
825
875
1129
1288
1244
1178
1164
1143
962
834
846
865
745
446
109
-143
-193
-181
-306
-547
-781
-914
-974
-1017
-1119
-1201
-1157
-1047
-1066
-1185
-1191
-1047
-822
-681
-641
-643
-526
-338
-275
-247
-133
135
427
565
656
740
780
748
665
808
1210
1486
1216
717
673
950
1072
866
681
747
702
294
-263
-425
-121
-81
-506
-895
-952
-948
-1231
-1500
-1399
-1085
-974
-1192
-1388
-1337
-1125
-935
-749
-526
-432
-466
-347
55
379
454
489
666
955
1136
1242
1301
1425
1477
1343
1392
1603
1740
1605
1377
1276
1258
1267
1122
964
930
862
668
392
261
232
178
102
-48
-187
-274
-388
-524
-526
-373
-293
-422
-642
-730
-656
-523
-437
-432
-459
-504
-574
-629
-521
-292
-160
-255
-469
-628
-646
-512
-426
-539
-765
-928
-1014
-1065
-1024
-1059
-1166
-1207
-1222
-1344
-1565
-1594
-1374
-1058
-979
-1217
-1345
-1152
-843
-798
-824
-573
-240
-162
-420
-486
-87
339
378
201
326
661
804
702
700
999
1288
1350
1269
1288
1381
1419
1440
1519
1622
1676
1672
1592
1548
1526
1494
1511
1524
1515
1460
1426
1313
1160
1119
1118
1109
1057
963
794
613
472
350
314
343
270
71
-65
-114
-153
-169
-184
-243
-340
-399
-417
-458
-519
-598
-662
-691
-695
-748
-894
-988
-1012
-1044
-1122
-1184
-1185
-1217
-1277
-1333
-1395
-1382
-1361
-1458
-1543
-1468
-1347
-1399
-1570
-1678
-1671
-1556
-1477
-1526
-1515
-1354
-1258
-1346
-1396
-1141
-793
-734
-941
-990
-559
-95
-105
-381
-220
387
661
394
170
599
1243
1310
945
889
1416
1848
1755
1549
1714
2111
2217
2019
1953
2222
2472
2456
2305
2197
2213
2277
2294
2172
2048
1962
1854
1698
1460
1318
1317
1322
1066
618
380
380
410
181
-184
-421
-511
-607
-882
-1097
-1129
-1127
-1224
-1407
-1481
-1448
-1406
-1446
-1475
-1356
-1210
-1183
-1242
-1181
-971
-786
-794
-906
-849
-646
-483
-491
-565
-559
-495
-460
-536
-558
-511
-500
-568
-701
-777
-818
-853
-915
-1013
-1099
-1206
-1326
-1439
-1459
-1434
-1454
-1538
-1651
-1645
-1536
-1378
-1236
-1142
-1101
-1043
-732
-408
-310
-332
-102
528
1004
995
759
1054
1828
2231
2100
1978
2388
2857
2835
2571
2635
3098
3207
2816
2488
2575
2754
2530
2116
1891
1888
1798
1457
1141
992
833
473
95
-132
-195
-214
-388
-698
-1008
-1153
-1162
-1104
-1068
-1142
-1228
-1304
-1310
-1208
-1032
-928
-934
-896
-788
-629
-502
-460
-432
-286
-8
155
120
11
5
175
366
410
262
90
0
-47
-104
-198
-279
-390
-582
-788
-919
-965
-1049
-1218
-1398
-1474
-1437
-1500
-1684
-1751
-1635
-1482
-1457
-1500
-1501
-1386
-1176
-1032
-941
-793
-608
-515
-486
-339
-97
111
232
258
314
521
740
828
823
910
1100
1153
1088
1020
1134
1346
1373
1228
1090
1211
1318
1164
997
1027
1243
1208
876
613
624
819
840
678
531
538
570
481
440
542
659
579
383
268
344
537
573
455
341
369
411
331
246
238
341
339
195
52
19
90
48
-91
-223
-243
-214
-298
-403
-485
-513
-539
-575
-566
-561
-560
-581
-612
-594
-537
-477
-465
-478
-497
-512
-449
-354
-322
-381
-447
-416
-345
-339
-390
-427
-411
-410
-434
-467
-513
-576
-622
-587
-535
-593
-779
-926
-859
-703
-681
-803
-884
-858
-771
-652
-556
-543
-462
-327
-308
-358
-343
-116
229
446
414
369
595
823
899
974
1146
1393
1466
1304
1145
1283
1594
1684
1549
1436
1377
1327
1257
1185
1144
1087
934
697
515
434
308
122
-31
-122
-187
-346
-500
-574
-582
-556
-573
-620
-675
-634
-557
-551
-503
-410
-346
-271
-150
-63
-24
98
264
349
452
561
601
648
742
770
725
745
798
798
770
689
528
377
275
171
31
-149
-393
-630
-789
-927
-1116
-1372
-1588
-1676
-1686
-1737
-1892
-2072
-2141
-2046
-1887
-1791
-1770
-1736
-1638
-1449
-1174
-918
-725
-578
-360
-54
284
560
709
840
1068
1345
1568
1676
1713
1748
1850
1922
1868
1792
1716
1664
1579
1426
1232
973
763
627
513
336
55
-268
-547
-707
-836
-969
-1106
-1247
-1414
-1586
-1672
-1661
-1566
-1466
-1384
-1350
-1350
-1255
-1052
-756
-447
-189
-27
80
262
523
848
1161
1381
1495
1586
1737
1839
1950
2051
2090
2100
2034
1909
1776
1702
1608
1433
1239
1040
817
558
310
74
-135
-329
-568
-818
-1029
-1194
-1334
-1444
-1532
-1633
-1717
-1765
-1755
-1688
-1613
-1545
-1461
-1348
-1219
-1096
-949
-764
-555
-374
-196
-7
172
377
571
747
883
1000
1125
1260
1349
1344
1331
1342
1357
1349
1253
1093
914
761
633
485
295
80
-127
-361
-586
-789
-978
-1146
-1295
-1453
-1625
-1767
-1868
-1893
-1915
-1969
-1939
-1904
-1890
-1819
-1696
-1535
-1417
-1323
-1147
-900
-668
-543
-409
-176
93
312
438
571
744
922
1089
1234
1368
1459
1487
1483
1583
1746
1786
1681
1534
1502
1531
1535
1455
1312
1150
978
874
813
754
614
419
311
260
159
-18
-133
-173
-186
-178
-208
-252
-328
-370
-329
-191
-36
-18
-56
-18
122
247
316
396
468
513
528
562
623
649
638
629
672
670
551
426
395
427
391
259
78
-70
-166
-252
-390
-583
-749
-877
-988
-1111
-1265
-1363
-1426
-1512
-1617
-1715
-1749
-1754
-1776
-1813
-1799
-1726
-1662
-1647
-1651
-1575
-1380
-1226
-1189
-1140
-967
-668
-430
-323
-203
-23
206
435
618
782
935
1052
1150
1328
1523
1632
1654
1603
1614
1727
1787
1706
1539
1428
1420
1406
1302
1151
1007
852
704
580
505
407
213
76
1
-99
-239
-385
-463
-437
-440
-538
-610
-670
-702
-627
-497
-446
-467
-459
-371
-212
-124
-119
-42
97
242
309
285
299
393
466
483
459
428
408
341
280
276
238
116
-71
-233
-330
-380
-476
-620
-769
-949
-1025
-1045
-1148
-1245
-1310
-1351
-1374
-1393
-1385
-1301
-1200
-1153
-1107
-1038
-929
-820
-703
-538
-375
-266
-204
-118
24
197
369
507
597
628
676
808
940
1013
1036
1052
1118
1167
1119
1081
1106
1082
1021
959
918
882
807
706
606
561
462
304
236
242
178
33
-90
-143
-141
-169
-247
-283
-269
-341
-414
-374
-282
-192
-211
-258
-223
-135
-86
-84
-47
54
157
102
-10
-13
96
211
183
131
118
75
-2
-23
49
82
52
-79
-224
-255
-255
-245
-263
-319
-351
-390
-449
-485
-482
-489
-487
-481
-455
-424
-467
-514
-443
-315
-275
-310
-294
-194
-108
-63
-13
31
70
116
140
182
254
297
292
293
278
268
296
326
349
305
229
186
167
167
113
37
25
8
-54
-131
-131
-103
-144
-225
-288
-251
-219
-250
-278
-282
-241
-193
-161
-160
-196
-202
-137
-49
-29
-67
-62
-41
-49
-80
-54
-11
-11
9
10
6
5
-1
-27
-28
54
108
124
69
55
163
241
256
264
340
413
392
356
406
527
607
622
608
604
688
735
683
664
737
799
780
708
672
687
648
606
577
558
534
403
309
310
338
297
167
46
-59
-13
28
-89
-222
-317
-332
-336
-345
-396
-469
-499
-520
-496
-532
-595
-608
-568
-507
-544
-648
-691
-635
-621
-655
-623
-573
-605
-730
-817
-742
-617
-621
-750
-808
-776
-763
-781
-807
-801
-740
-705
-764
-804
-754
-650
-589
-582
-520
-415
-346
-334
-287
-165
-29
37
25
78
179
268
361
473
541
543
563
635
741
825
831
834
873
907
894
909
977
994
924
860
903
915
858
823
840
854
775
685
653
634
580
514
491
491
441
327
259
261
265
237
193
148
134
123
100
77
88
119
81
28
39
62
22
-50
-50
-38
-90
-166
-231
-246
-254
-297
-393
-474
-457
-471
-560
-661
-719
-739
-750
-802
-886
-880
-867
-927
-985
-956
-880
-856
-858
-838
-774
-727
-690
-614
-556
-471
-388
-317
-199
-119
-82
-23
115
238
282
333
388
459
535
545
562
564
559
570
586
640
633
542
430
372
426
492
459
327
202
194
201
173
135
118
97
39
41
67
52
10
-25
33
151
216
141
63
108
222
349
368
276
256
320
349
332
331
332
276
224
213
208
151
82
48
16
-44
-95
-148
-179
-239
-321
-341
-350
-402
-466
-470
-452
-454
-492
-531
-511
-472
-432
-421
-442
-439
-397
-326
-265
-218
-189
-167
-122
-54
27
95
141
178
196
220
247
273
295
296
297
308
308
269
219
199
179
124
97
52
-31
-99
-137
-140
-145
-215
-328
-366
-321
-272
-261
-282
-298
-278
-235
-151
-64
-4
59
91
104
184
293
364
366
390
478
557
579
555
533
540
588
616
564
486
422
378
349
322
285
189
56
-49
-88
-108
-206
-341
-430
-454
-491
-571
-635
-662
-662
-670
-676
-662
-660
-643
-591
-522
-436
-372
-328
-251
-145
-29
70
150
217
289
368
430
466
495
553
616
643
620
587
564
558
547
471
374
322
273
203
115
29
-63
-154
-236
-308
-355
-402
-502
-588
-619
-611
-612
-660
-682
-678
-658
-625
-592
-562
-522
-471
-423
-347
-251
-156
-84
-12
93
194
249
297
354
450
547
596
616
628
630
626
650
673
661
621
543
452
407
379
340
270
175
76
4
-44
-107
-173
-223
-250
-283
-332
-371
-374
-354
-351
-355
-348
-293
-265
-288
-267
-204
-119
-77
-59
-19
32
110
162
195
238
285
320
316
341
379
410
396
362
366
388
380
316
241
210
201
192
152
61
-28
-63
-63
-106
-201
-286
-330
-324
-347
-451
-544
-562
-536
-535
-540
-520
-523
-535
-531
-494
-418
-356
-344
-350
-292
-215
-180
-155
-114
-25
74
120
116
107
153
234
281
295
313
334
354
378
394
388
375
360
378
408
404
356
288
253
266
281
240
161
85
53
54
25
-40
-102
-124
-117
-119
-165
-233
-278
-257
-221
-221
-253
-279
-270
-245
-204
-174
-156
-161
-159
-124
-74
-35
-37
-31
11
88
142
123
87
92
151
203
215
200
165
150
143
162
211
212
158
91
94
116
109
83
51
49
53
44
9
-18
-15
-19
-27
-37
-38
-50
-77
-95
-86
-69
-67
-86
-94
-74
-52
-44
-69
-82
-64
-15
31
43
34
16
9
41
74
90
101
90
59
36
19
10
7
27
38
18
-23
-73
-113
-120
-84
-68
-110
-196
-269
-266
-223
-217
-266
-330
-334
-311
-298
-296
-307
-329
-346
-324
-293
-279
-284
-297
-277
-227
-194
-189
-185
-155
-88
-41
-21
-17
-24
8
63
115
147
158
158
160
175
189
207
248
276
273
264
256
284
314
330
325
317
327
333
344
360
359
346
347
385
423
450
457
447
449
456
470
491
506
512
499
464
427
387
372
376
370
339
278
213
170
155
151
107
53
-1
-54
-98
-138
-168
-208
-242
-268
-307
-352
-418
-466
-457
-434
-437
-498
-566
-595
-593
-556
-553
-582
-616
-627
-609
-611
-619
-603
-554
-515
-510
-520
-519
-493
-452
-414
-376
-345
-330
-339
-333
-279
-213
-172
-156
-146
-112
-62
-19
-1
23
68
108
140
152
163
191
228
262
269
283
312
330
326
331
355
374
382
380
379
397
402
383
359
344
368
384
361
328
315
317
328
325
303
278
269
259
254
266
262
237
214
203
209
222
230
212
182
173
180
191
194
180
163
154
143
128
102
80
68
52
28
-9
-48
-63
-76
-90
-108
-134
-172
-218
-247
-265
-269
-280
-313
-365
-413
-437
-431
-428
-453
-498
-531
-523
-503
-491
-485
-476
-452
-422
-372
-327
-280
-233
-190
-110
-42
0
10
48
145
243
301
300
296
320
364
407
405
382
356
331
329
337
324
273
198
139
115
106
68
-13
-91
-129
-132
-147
-180
-219
-255
-261
-270
-298
-314
-305
-272
-248
-230
-229
-215
-166
-116
-78
-46
8
63
99
136
190
266
333
377
410
444
463
450
457
485
509
499
460
418
366
328
300
266
217
125
23
-43
-81
-125
-191
-269
-336
-370
-403
-450
-481
-493
-509
-536
-551
-543
-510
-483
-479
-480
-454
-398
-339
-278
-222
-189
-156
-107
-37
34
86
127
164
205
250
296
324
319
312
320
339
350
337
283
242
246
242
205
137
74
36
23
-4
-73
-131
-165
-184
-210
-241
-271
-295
-301
-292
-276
-251
-245
-240
-206
-139
-67
-27
0
44
117
194
252
296
339
386
433
468
491
512
529
531
532
544
547
537
493
439
389
348
324
292
238
157
74
24
-13
-49
-108
-185
-243
-276
-298
-323
-353
-381
-401
-411
-398
-382
-378
-393
-403
-376
-319
-258
-237
-233
-214
-182
-141
-102
-56
-21
-20
-33
-26
10
50
50
8
-30
-29
-32
-69
-115
-150
-175
-197
-234
-290
-339
-373
-386
-403
-434
-472
-496
-480
-453
-435
-431
-438
-434
-384
-300
-246
-227
-211
-173
-93
-11
42
72
131
203
256
302
346
397
451
502
547
575
594
598
600
634
678
689
651
602
589
591
577
527
484
459
434
412
361
311
266
229
207
170
123
76
34
14
6
0
-20
-52
-56
-45
-28
-20
-29
-41
-34
-10
-2
-4
1
0
-17
-37
-30
-14
-10
-42
-94
-118
-116
-122
-158
-200
-227
-246
-280
-312
-339
-351
-358
-373
-394
-418
-441
-462
-461
-455
-451
-452
-463
-458
-446
-423
-396
-385
-357
-316
-284
-252
-224
-191
-155
-109
-68
-40
1
41
82
119
154
178
193
209
242
292
329
326
295
270
282
313
324
308
274
256
249
252
258
246
217
191
182
181
174
158
149
154
165
160
147
129
135
143
156
161
140
110
84
96
123
128
106
83
82
83
84
77
60
46
34
15
1
-4
-24
-58
-76
-83
-101
-141
-173
-189
-197
-210
-238
-271
-276
-269
-281
-273
-270
-261
-260
-265
-262
-251
-217
-191
-173
-161
-154
-130
-94
-37
6
23
40
56
88
113
144
170
185
194
207
222
224
225
222
215
219
211
190
175
175
171
156
140
130
124
118
108
80
51
34
25
11
0
0
-21
-45
-69
-71
-48
-43
-55
-89
-91
-69
-46
-40
-46
-46
-38
-13
7
15
21
29
41
54
59
61
65
59
51
53
63
66
58
21
-9
-5
5
-9
-58
-105
-125
-128
-144
-188
-232
-250
-266
-296
-326
-342
-348
-358
-367
-378
-383
-378
-374
-351
-334
-321
-312
-298
-271
-239
-188
-132
-93
-74
-53
-5
53
103
141
168
201
230
243
260
294
344
374
372
367
365
364
369
371
372
357
331
281
253
250
245
226
186
160
140
120
81
43
28
28
12
-26
-69
-76
-73
-70
-73
-82
-82
-78
-79
-86
-56
-16
4
0
6
26
61
95
110
111
119
135
149
161
163
160
157
157
163
158
153
138
124
118
96
75
52
30
0
-35
-62
-87
-124
-175
-224
-244
-250
-275
-321
-366
-380
-378
-380
-395
-412
-415
-416
-401
-387
-360
-328
-315
-306
-285
-235
-178
-143
-115
-78
-36
8
44
77
107
144
171
200
231
254
262
260
272
280
288
285
269
248
243
239
226
201
173
155
142
138
114
89
65
50
34
12
-13
-37
-50
-57
-64
-78
-88
-83
-72
-76
-77
-67
-49
-30
-16
0
22
46
61
74
106
149
167
169
179
203
230
230
215
209
233
260
249
221
196
177
155
135
117
92
54
7
-42
-73
-101
-133
-170
-200
-226
-258
-294
-337
-371
-386
-379
-368
-380
-419
-458
-467
-448
-410
-389
-399
-403
-393
-360
-316
-270
-224
-192
-150
-110
-70
-25
26
78
128
171
208
239
257
285
326
367
397
393
371
362
370
379
386
374
345
310
274
250
233
226
203
160
112
81
71
57
36
7
-32
-61
-66
-55
-52
-61
-79
-97
-91
-75
-56
-45
-40
-22
-6
8
13
16
34
66
92
101
91
71
74
96
128
138
120
90
57
54
64
63
28
-22
-55
-79
-103
-135
-172
-207
-246
-279
-303
-322
-345
-376
-397
-405
-413
-425
-426
-414
-396
-378
-377
-371
-346
-306
-272
-251
-219
-186
-150
-111
-65
-16
28
66
99
133
170
206
242
278
314
339
354
364
381
407
431
445
439
426
408
397
395
395
385
365
334
295
275
253
227
188
144
115
92
67
22
-21
-39
-50
-69
-93
-105
-128
-155
-169
-164
-150
-147
-148
-153
-148
-132
-130
-143
-152
-136
-102
-82
-95
-110
-115
-103
-82
-66
-55
-70
-90
-106
-103
-88
-84
-91
-101
-105
-111
-117
-130
-136
-138
-131
-130
-150
-162
-170
-171
-160
-154
-147
-151
-156
-154
-142
-120
-107
-92
-87
-73
-59
-53
-41
-24
9
35
47
63
79
92
99
118
144
157
158
167
183
197
199
194
205
231
255
257
254
252
253
249
253
264
275
272
264
249
235
221
212
207
192
170
149
128
97
63
40
23
2
-34
-75
-103
-114
-130
-158
-177
-185
-189
-200
-215
-228
-229
-224
-228
-223
-216
-211
-209
-201
-177
-154
-136
-137
-135
-114
-85
-66
-63
-54
-32
-13
-4
10
21
28
46
62
69
68
60
67
78
85
89
85
81
80
74
68
66
59
44
23
14
5
-12
-32
-48
-56
-60
-70
-88
-96
-90
-80
-86
-95
-84
-82
-81
-75
-60
-42
-25
-12
-5
9
18
36
54
77
101
103
97
98
112
133
141
135
125
117
125
134
126
95
71
63
55
33
3
-18
-30
-46
-66
-81
-99
-123
-144
-153
-152
-151
-164
-175
-174
-172
-168
-161
-146
-137
-127
-113
-100
-79
-64
-47
-32
-14
10
47
78
98
117
125
150
179
197
210
217
229
237
243
242
232
222
208
203
188
166
142
119
105
89
65
34
3
-29
-48
-54
-72
-104
-127
-149
-163
-171
-180
-183
-179
-165
-160
-171
-183
-174
-149
-123
-113
-125
-123
-110
-83
-54
-40
-26
-21
-19
-20
-15
6
20
24
26
31
40
35
36
45
59
69
61
49
31
27
27
24
20
10
-5
-23
-30
-41
-45
-52
-64
-78
-85
-86
-85
-82
-81
-85
-83
-68
-54
-46
-45
-39
-19
11
37
54
57
67
84
103
127
141
147
147
158
175
172
164
157
158
165
166
159
136
116
105
99
96
82
59
36
24
27
24
24
17
0
-8
-28
-36
-28
-33
-50
-70
-72
-66
-61
-68
-79
-78
-63
-54
-57
-58
-55
-47
-38
-38
-38
-40
-36
-31
-26
-20
-25
-32
-35
-18
-5
0
-2
-13
-12
-1
22
33
32
28
32
46
49
52
51
59
79
87
83
78
87
100
108
120
114
94
77
78
91
100
95
64
41
34
32
26
13
-6
-30
-41
-53
-62
-73
-89
-102
-115
-120
-130
-138
-137
-136
-131
-129
-133
-133
-134
-124
-109
-90
-78
-91
-89
-74
-51
-32
-22
-13
-2
24
47
54
62
72
84
95
104
105
105
109
109
112
110
105
98
83
75
69
69
55
30
8
-5
-17
-40
-63
-80
-70
-62
-73
-90
-95
-92
-91
-84
-79
-69
-62
-61
-44
-13
21
34
39
55
85
112
128
136
144
160
178
185
195
199
207
219
221
216
200
183
164
148
130
107
82
58
33
11
-13
-41
-75
-103
-120
-138
-165
-199
-228
-243
-238
-227
-233
-248
-253
-242
-224
-210
-207
-201
-185
-167
-146
-121
-98
-77
-52
-22
11
34
41
46
63
86
108
110
105
114
129
149
150
137
121
112
106
96
78
56
38
23
10
-7
-20
-37
-61
-82
-94
-104
-113
-131
-147
-150
-137
-132
-152
-158
-147
-119
-103
-96
-95
-91
-74
-58
-43
-23
-8
-4
7
22
38
45
50
55
59
64
65
56
43
45
53
55
49
31
19
16
12
1
-12
-22
-36
-41
-50
-60
-68
-75
-81
-91
-90
-86
-82
-73
-72
-64
-64
-56
-48
-38
-18
-1
9
9
25
50
67
77
76
85
103
110
111
106
120
129
134
128
123
124
120
123
113
110
112
115
121
110
95
87
85
84
80
73
70
63
48
35
39
48
37
14
-4
-7
-10
-10
-14
-21
-23
-22
-27
-35
-38
-30
-21
-10
-6
-8
-11
-9
-14
-22
-14
-11
-9
-8
-14
-12
-9
-5
-16
-27
-35
-39
-35
-36
-35
-37
-35
-37
-36
-33
-38
-47
-60
-56
-44
-37
-45
-60
-64
-54
-47
-42
-41
-39
-40
-47
-40
-33
-26
-18
-22
-26
-21
-13
-3
10
23
22
21
19
19
25
33
43
46
44
39
45
56
58
48
43
52
55
51
40
38
50
63
61
50
49
55
52
54
53
48
54
56
46
38
45
49
49
41
29
19
11
13
4
1
-1
-13
-26
-33
-27
-22
-16
-25
-46
-49
-37
-25
-24
-31
-37
-30
-16
-13
-20
-21
-10
-5
4
9
2
1
2
10
21
31
28
16
11
14
21
19
20
7
1
2
0
0
-3
-14
-27
-30
-32
-39
-46
-62
-71
-80
-83
-91
-111
-121
-122
-118
-121
-132
-142
-146
-133
-124
-127
-124
-121
-107
-89
-83
-76
-63
-43
-25
-8
6
18
38
56
72
90
109
124
126
129
141
158
164
156
146
145
154
153
141
126
113
106
98
84
67
52
37
18
0
-16
-33
-52
-67
-78
-94
-102
-112
-122
-131
-138
-134
-132
-132
-129
-127
-119
-104
-90
-78
-63
-51
-38
-23
-9
6
24
40
53
65
71
79
85
90
93
89
86
84
78
73
65
56
44
35
21
5
-7
-21
-33
-43
-52
-62
-64
-78
-93
-107
-109
-105
-101
-94
-92
-95
-93
-87
-78
-67
-57
-43
-28
-11
6
22
37
55
71
89
112
126
137
151
168
183
194
198
204
213
220
229
228
223
216
204
198
189
174
163
146
128
108
84
59
37
24
6
-19
-41
-66
-88
-104
-117
-132
-146
-157
-170
-176
-180
-188
-191
-194
-189
-184
-178
-176
-170
-155
-142
-129
-123
-116
-101
-84
-63
-52
-39
-24
-10
9
26
43
48
49
51
57
67
76
78
75
72
72
74
66
52
40
38
35
24
10
-5
-14
-23
-32
-42
-48
-53
-54
-60
-60
-58
-52
-45
-44
-41
-35
-28
-20
-14
-6
4
13
20
23
31
47
62
72
83
96
104
108
114
124
136
143
150
154
155
155
153
152
153
148
136
123
107
95
84
71
52
31
10
-14
-34
-54
-74
-90
-101
-113
-136
-159
-167
-174
-180
-184
-190
-189
-189
-192
-191
-183
-168
-156
-150
-148
-139
-120
-95
-76
-71
-56
-42
-27
-10
2
22
37
49
55
64
78
85
93
100
111
119
120
111
102
106
111
107
97
85
77
71
66
55
39
31
26
21
15
4
-4
-4
-1
0
-2
3
2
-1
-1
1
8
18
26
26
30
32
33
34
31
35
35
33
24
24
31
36
34
28
23
20
23
19
9
0
-6
-11
-24
-35
-43
-53
-59
-59
-62
-74
-94
-109
-113
-111
-111
-116
-127
-128
-127
-126
-129
-132
-129
-128
-121
-117
-118
-114
-106
-89
-77
-73
-73
-65
-52
-48
-39
-38
-32
-22
-16
-8
-2
4
13
14
19
27
37
44
47
54
64
78
83
88
100
115
126
127
122
121
129
141
143
141
135
133
134
129
120
108
104
102
90
82
72
64
56
44
31
23
15
6
2
1
3
-7
-21
-30
-36
-33
-35
-41
-50
-53
-50
-48
-48
-55
-57
-50
-39
-32
-32
-32
-31
-33
-19
-6
-5
-9
-16
-16
-7
2
5
-2
-1
4
4
-4
-14
-18
-17
-12
-11
-21
-34
-43
-44
-43
-42
-47
-60
-67
-68
-66
-62
-66
-74
-73
-63
-53
-49
-49
-53
-48
-35
-23
-16
-14
-10
1
16
26
34
37
34
31
32
46
58
58
56
57
59
61
65
66
65
64
64
59
56
56
46
41
39
40
43
36
30
29
25
19
15
16
12
9
0
-11
-14
-11
-10
-9
-14
-23
-26
-23
-20
-20
-20
-22
-21
-15
-7
-13
-20
-19
-11
-11
-12
-13
-18
-19
-18
-14
-18
-15
-13
-14
-6
-4
-2
-2
-5
-6
-5
-6
-5
-11
-9
-6
-7
-12
-21
-29
-27
-19
-15
-14
-19
-20
-20
-19
-15
-17
-25
-29
-28
-28
-29
-34
-35
-32
-29
-25
-23
-25
-27
-23
-20
-15
-8
-10
-10
-8
-3
4
6
10
15
16
22
27
33
41
43
44
47
51
55
55
59
64
64
64
63
62
59
63
64
60
58
54
50
44
37
32
33
36
36
27
17
15
15
16
10
4
3
3
0
-4
-3
-3
-4
-1
4
8
9
6
3
2
5
2
1
-3
-4
-1
0
-5
-14
-18
-18
-18
-20
-30
-40
-45
-49
-52
-56
-61
-67
-74
-79
-82
-86
-92
-97
-98
-99
-103
-107
-107
-100
-96
-97
-101
-101
-97
-90
-84
-79
-73
-65
-60
-51
-41
-33
-22
-13
-3
6
14
22
30
41
52
63
68
66
64
67
79
92
91
85
83
88
95
100
102
97
95
96
98
101
101
93
82
79
80
79
72
61
59
62
64
63
58
52
50
52
53
51
45
39
37
38
38
35
28
23
22
21
19
15
8
3
-2
-4
-4
-8
-19
-28
-32
-34
-41
-47
-50
-53
-59
-70
-77
-82
-82
-83
-89
-93
-99
-101
-100
-99
-100
-101
-102
-104
-105
-101
-98
-95
-90
-86
-80
-74
-67
-63
-58
-44
-33
-27
-27
-22
-12
-2
8
17
21
27
32
39
50
57
59
61
67
76
81
78
79
82
87
90
88
81
77
80
81
83
81
74
66
68
72
71
67
58
49
47
44
42
38
31
24
21
24
22
16
10
12
15
17
11
5
2
2
3
1
0
-1
-4
-9
-9
-9
-10
-13
-19
-24
-28
-25
-25
-29
-34
-39
-39
-41
-46
-53
-60
-63
-62
-67
-75
-77
-76
-75
-77
-79
-80
-78
-72
-69
-65
-58
-57
-59
-57
-52
-42
-37
-37
-36
-33
-24
-20
-17
-13
-5
0
4
7
10
16
26
31
33
36
36
39
45
51
53
54
50
48
50
54
56
55
52
54
55
54
49
50
51
51
54
52
48
49
50
50
53
52
50
45
41
39
40
43
39
34
29
27
29
24
19
8
0
0
-2
-7
-12
-16
-17
-20
-21
-23
-25
-23
-26
-27
-27
-29
-31
-36
-40
-40
-39
-41
-41
-39
-36
-36
-35
-37
-37
-35
-35
-35
-34
-34
-38
-42
-47
-47
-45
-46
-47
-50
-54
-54
-58
-62
-61
-60
-60
-62
-62
-60
-57
-55
-54
-54
-49
-44
-40
-35
-31
-23
-14
-6
1
7
16
23
31
35
43
54
63
67
75
81
88
94
94
95
98
99
101
97
89
81
78
74
67
58
47
38
28
21
15
9
-1
-13
-22
-27
-29
-31
-38
-43
-44
-44
-40
-39
-35
-34
-29
-25
-19
-15
-10
-4
6
17
24
27
26
31
38
45
50
49
49
51
52
51
49
45
39
32
26
19
11
2
-8
-15
-20
-26
-36
-45
-50
-49
-51
-58
-67
-71
-70
-67
-66
-64
-64
-59
-51
-44
-37
-34
-27
-16
-5
7
14
17
24
35
47
56
61
62
66
73
77
82
81
78
71
68
65
59
52
40
34
28
20
9
-3
-17
-22
-29
-37
-49
-62
-69
-73
-74
-76
-82
-88
-91
-89
-82
-80
-78
-76
-72
-62
-53
-46
-43
-35
-28
-21
-12
-3
5
12
17
24
30
36
38
40
44
47
48
46
40
37
36
35
30
24
17
14
9
4
0
-1
-3
-4
-5
-10
-11
-11
-7
-4
-4
0
2
6
12
18
26
28
31
37
38
43
49
54
59
59
62
64
67
69
66
65
62
60
56
51
48
43
38
31
23
17
10
5
0
-5
-13
-20
-26
-31
-34
-35
-39
-45
-51
-55
-53
-53
-54
-56
-58
-57
-56
-54
-54
-54
-54
-53
-50
-47
-48
-46
-47
-45
-44
-46
-48
-48
-47
-44
-45
-45
-47
-47
-45
-43
-41
-40
-39
-38
-35
-30
-26
-21
-17
-14
-8
-2
6
11
14
19
26
34
38
41
44
48
57
58
59
60
61
64
66
67
63
60
60
59
58
54
49
43
38
33
31
26
19
12
9
7
3
-1
-8
-10
-11
-12
-14
-19
-21
-21
-16
-14
-16
-19
-19
-15
-10
-7
-7
-9
-8
-5
-1
1
-1
-5
-6
-6
-5
-6
-10
-12
-14
-14
-17
-20
-25
-29
-32
-34
-35
-39
-47
-49
-48
-46
-45
-47
-47
-48
-46
-42
-36
-31
-28
-25
-18
-10
-6
-3
3
11
20
27
31
38
45
51
60
63
67
67
68
71
74
74
73
72
70
68
65
63
58
53
44
41
38
30
23
15
12
8
1
-8
-16
-18
-19
-21
-26
-28
-30
-32
-30
-30
-30
-31
-31
-29
-27
-26
-24
-22
-18
-19
-16
-14
-13
-12
-12
-10
-7
-7
-9
-10
-9
-9
-11
-16
-15
-17
-18
-19
-19
-20
-23
-25
-27
-26
-26
-27
-30
-31
-29
-26
-23
-20
-21
-18
-15
-11
-6
-2
1
5
10
13
14
18
22
25
27
30
32
32
30
31
36
38
37
33
31
32
32
29
27
24
23
22
19
16
14
12
12
11
10
7
4
5
5
6
6
7
5
4
4
6
9
9
6
5
7
8
7
5
4
5
4
2
-1
-4
-6
-6
-6
-7
-12
-14
-18
-17
-18
-21
-22
-24
-24
-26
-25
-24
-23
-24
-22
-19
-16
-13
-12
-9
-4
1
5
7
9
13
17
20
23
22
25
27
29
31
31
28
28
27
25
22
18
14
9
6
3
-2
-9
-16
-22
-25
-28
-34
-41
-44
-46
-47
-50
-51
-51
-51
-50
-49
-48
-44
-41
-37
-31
-25
-22
-17
-13
-7
0
8
12
17
20
25
31
37
40
41
42
45
46
44
43
42
42
40
35
31
27
23
18
15
9
5
-1
-7
-10
-13
-13
-17
-21
-23
-25
-26
-25
-24
-25
-22
-20
-16
-15
-14
-10
-3
2
4
8
13
19
24
27
31
35
37
38
40
42
43
44
43
42
41
38
35
31
28
24
18
13
7
2
-4
-11
-15
-22
-28
-34
-41
-47
-53
-57
-60
-63
-66
-70
-70
-71
-71
-71
-69
-66
-63
-60
-55
-50
-44
-39
-33
-24
-18
-11
-8
0
9
15
21
28
33
39
43
47
51
52
53
55
57
56
52
51
49
48
45
39
34
31
27
21
17
14
8
2
-3
-5
-7
-10
-13
-16
-17
-16
-15
-16
-15
-13
-10
-8
-6
-3
-1
4
9
13
15
20
23
29
31
33
36
37
37
37
37
37
35
30
26
25
20
14
8
5
-1
-7
-12
-19
-25
-30
-34
-38
-43
-48
-54
-56
-57
-59
-61
-62
-62
-61
-60
-57
-54
-51
-48
-45
-40
-36
-32
-27
-22
-15
-11
-7
-5
1
3
6
9
12
13
15
16
18
19
18
15
16
15
14
12
11
11
9
7
6
5
4
2
3
5
6
6
6
9
10
13
14
17
20
24
27
30
34
37
40
41
43
45
47
47
47
46
46
45
44
42
38
35
33
30
25
19
14
10
5
-1
-7
-11
-16
-21
-27
-31
-35
-37
-40
-43
-44
-44
-45
-46
-44
-43
-40
-37
-35
-31
-29
-24
-20
-16
-13
-10
-7
-3
-1
2
4
6
7
8
8
8
7
4
4
3
1
-1
-5
-9
-12
-16
-19
-21
-25
-29
-32
-33
-34
-36
-36
-36
-35
-33
-32
-28
-25
-21
-16
-11
-5
1
6
13
20
26
32
38
43
49
54
57
59
60
63
64
64
63
62
59
56
55
51
46
40
34
28
24
18
11
5
-3
-9
-13
-18
-24
-28
-32
-34
-35
-38
-39
-40
-40
-38
-35
-34
-32
-29
-26
-21
-16
-13
-10
-6
-2
1
4
6
8
10
11
14
14
13
12
10
10
9
8
6
4
1
-2
-4
-7
-12
-15
-16
-18
-21
-24
-24
-24
-24
-23
-23
-22
-21
-19
-16
-14
-10
-7
-5
-1
4
7
10
13
17
20
24
27
29
29
30
33
33
32
30
28
26
24
23
21
19
17
14
12
9
6
2
0
-2
-3
-5
-5
-7
-10
-9
-10
-8
-9
-9
-8
-7
-6
-4
-5
-4
-3
-2
-1
1
3
3
3
3
3
2
-1
-2
-3
-4
-7
-10
-12
-14
-15
-17
-20
-22
-23
-24
-25
-24
-24
-24
-24
-21
-20
-17
-15
-13
-9
-6
-2
1
4
8
11
14
16
19
20
21
23
26
26
27
25
24
24
23
20
17
14
9
6
1
-2
-5
-9
-13
-18
-21
-23
-26
-27
-30
-30
-32
-32
-32
-30
-28
-25
-22
-17
-14
-11
-6
-1
4
9
13
17
21
25
29
31
33
35
36
37
37
37
37
34
32
30
27
23
21
17
13
7
2
-2
-8
-11
-15
-16
-20
-23
-24
-25
-25
-26
-24
-23
-21
-17
-15
-11
-7
-2
1
5
9
14
18
22
26
30
32
35
36
37
37
38
38
35
34
32
29
25
20
15
10
5
1
-5
-9
-14
-21
-24
-29
-34
-36
-39
-41
-44
-45
-47
-48
-47
-44
-41
-38
-38
-34
-31
-26
-21
-16
-12
-7
-4
-1
3
7
10
13
15
17
18
19
20
19
19
18
15
12
9
7
4
2
-2
-6
-9
-13
-15
-18
-21
-25
-27
-28
-28
-28
-28
-29
-27
-26
-24
-21
-17
-14
-11
-6
-2
2
7
11
15
20
23
26
29
31
35
38
40
41
42
42
40
42
42
41
39
37
34
31
28
25
23
21
18
15
12
9
6
5
2
1
-2
-4
-5
-4
-4
-5
-6
-5
-5
-4
-3
-2
-1
-1
-2
-1
-1
1
0
1
3
1
-1
-2
-2
-3
-5
-5
-9
-11
-13
-14
-16
-19
-20
-24
-25
-27
-28
-29
-31
-32
-33
-34
-34
-36
-36
-35
-35
-35
-34
-32
-31
-30
-28
-29
-25
-23
-22
-21
-19
-17
-15
-12
-10
-7
-4
-2
1
2
4
7
9
12
14
15
15
18
19
20
22
25
27
28
30
29
30
32
33
33
32
33
32
32
31
32
32
29
30
27
26
23
24
22
19
19
16
13
11
9
6
4
2
-2
-3
-5
-7
-8
-9
-12
-14
-15
-16
-18
-18
-19
-20
-19
-20
-21
-21
-21
-21
-21
-21
-20
-21
-20
-20
-19
-17
-15
-15
-15
-15
-15
-13
-12
-11
-10
-10
-9
-8
-7
-6
-4
-3
-2
-1
-2
-2
-1
-1
1
2
2
2
4
2
1
2
2
1
1
1
2
0
1
1
2
2
1
2
1
2
2
3
3
5
6
8
9
11
11
12
13
14
17
19
21
22
24
24
26
27
26
26
26
25
24
23
22
21
19
19
18
15
14
11
8
4
2
-1
-3
-7
-9
-11
-13
-14
-17
-19
-21
-22
-23
-24
-23
-24
-24
-23
-22
-21
-19
-19
-18
-17
-15
-15
-12
-9
-9
-7
-5
-5
-5
-5
-5
-4
-5
-5
-7
-8
-8
-8
-9
-10
-12
-14
-16
-18
-19
-21
-20
-20
-20
-21
-19
-20
-21
-20
-20
-20
-18
-15
-12
-9
-6
-3
1
6
9
13
17
20
22
26
31
34
36
39
42
43
43
43
42
41
42
40
39
37
34
31
29
25
20
16
11
8
2
-2
-5
-9
-11
-13
-17
-19
-20
-22
-23
-24
-24
-24
-23
-21
-20
-18
-15
-14
-11
-7
-5
-3
-1
2
4
5
8
9
10
11
11
10
9
9
8
6
5
1
0
-5
-8
-12
-15
-18
-22
-24
-28
-31
-34
-36
-37
-38
-39
-41
-40
-40
-39
-37
-37
-35
-32
-29
-26
-22
-17
-13
-8
-4
0
4
9
12
16
20
23
25
28
30
31
31
32
31
32
32
30
29
27
25
21
19
17
14
12
10
10
7
6
4
2
1
1
0
0
0
2
3
4
5
8
8
12
14
16
17
19
21
21
23
24
25
26
26
26
26
24
22
20
18
15
14
10
9
5
1
-2
-5
-9
-13
-16
-19
-22
-24
-25
-27
-27
-27
-29
-30
-29
-30
-30
-29
-26
-24
-20
-19
-17
-14
-11
-9
-5
-3
0
2
3
4
4
6
7
9
10
9
9
8
8
6
5
5
3
1
1
0
-2
-4
-5
-7
-8
-8
-9
-9
-7
-7
-5
-4
-2
-1
1
3
6
9
11
15
17
20
23
24
26
30
31
33
35
35
36
34
35
33
33
32
31
29
27
23
18
15
10
6
2
-2
-5
-8
-11
-15
-19
-23
-26
-28
-30
-30
-31
-33
-33
-32
-31
-31
-29
-29
-26
-23
-20
-17
-14
-12
-9
-7
-4
-2
-1
1
3
5
6
4
3
3
3
1
0
-1
-3
-5
-8
-10
-14
-16
-19
-22
-22
-23
-24
-24
-24
-23
-24
-22
-21
-19
-17
-14
-11
-8
-4
-1
3
7
11
14
18
22
26
30
32
34
37
37
41
41
42
42
42
41
38
36
35
32
29
26
23
19
15
11
8
4
-1
-6
-8
-12
-13
-15
-15
-18
-19
-20
-21
-21
-21
-20
-18
-16
-14
-12
-12
-9
-7
-5
-3
0
1
3
5
5
5
7
6
6
6
6
4
3
1
-1
-3
-5
-6
-10
-11
-13
-14
-16
-17
-18
-19
-19
-19
-20
-19
-18
-17
-16
-15
-12
-10
-8
-5
-2
0
2
4
7
11
13
14
16
18
