-28
-29
-29
-28
-28
-28
-28
-27
-28
-28
-28
-28
-28
-26
-25
-25
-23
-23
-22
-21
-19
-18
-17
-14
-11
-11
-9
-6
-5
-3
-1
2
5
5
6
8
10
12
13
15
17
19
21
23
24
25
26
28
28
31
31
31
32
32
33
32
32
32
32
32
31
31
30
31
30
29
28
27
25
24
21
19
17
14
13
11
9
5
4
1
0
-3
-4
-6
-8
-10
-12
-15
-17
-20
-22
-24
-25
-27
-30
-33
-35
-36
-37
-38
-39
-41
-42
-43
-43
-42
-43
-42
-41
-42
-41
-40
-40
-38
-37
-36
-35
-34
-32
-31
-30
-28
-25
-23
-20
-18
-16
-14
-10
-8
-5
-3
0
1
3
6
7
9
11
14
16
20
22
24
25
26
27
29
30
31
32
33
34
35
34
34
34
34
33
33
32
31
32
30
29
29
28
26
26
24
22
22
20
20
18
16
15
13
11
10
7
5
4
2
1
-1
-3
-4
-4
-7
-7
-8
-8
-9
-10
-11
-13
-14
-14
-15
-15
-18
-18
-19
-20
-21
-21
-20
-21
-21
-20
-20
-19
-20
-18
-18
-18
-18
-17
-17
-17
-15
-16
-14
-14
-14
-14
-13
-11
-11
-9
-9
-7
-4
-4
-4
-3
-2
0
2
5
7
7
7
8
10
12
11
13
14
14
16
15
16
17
18
18
18
19
20
19
18
18
18
17
18
18
17
17
15
15
14
14
13
12
11
11
10
10
8
8
6
5
3
2
0
1
0
-1
-3
-2
-4
-5
-5
-6
-5
-6
-7
-8
-8
-8
-8
-8
-9
-10
-9
-10
-10
-12
-13
-12
-12
-12
-11
-11
-11
-11
-11
-9
-10
-8
-8
-9
-9
-8
-8
-8
-8
-8
-8
-6
-6
-5
-6
-4
-4
-3
-3
-2
-1
-1
-1
-1
-1
-2
-2
-1
-1
1
1
1
0
0
1
1
1
3
4
4
4
5
5
4
4
4
4
5
5
4
3
4
3
4
3
4
2
1
1
2
3
2
1
1
2
1
1
1
-1
-1
-3
-1
-2
-1
-2
-2
-3
-2
-2
-3
-2
-4
-3
-3
-3
-3
-3
-3
-2
-1
-2
-2
-2
-2
-1
0
-1
0
0
1
1
3
2
2
2
2
2
3
3
3
1
2
3
2
1
1
1
2
2
2
1
0
-1
0
0
1
0
-1
-2
-4
-3
-4
-6
-6
-7
-7
-8
-9
-8
-9
-10
-10
-9
-8
-7
-8
-8
-7
-6
-5
-5
-5
-6
-5
-3
-2
-2
-2
-2
0
-1
2
2
3
4
5
7
8
8
9
9
10
11
12
12
12
14
15
15
16
15
16
16
17
18
19
18
18
18
18
18
19
17
17
17
16
17
15
15
13
12
11
12
10
10
8
6
7
7
5
4
2
1
-1
-1
-3
-5
-7
-8
-7
-9
-9
-13
-13
-13
-14
-13
-14
-15
-15
-17
-16
-16
-16
-17
-17
-17
-17
-18
-19
-19
-20
-21
-20
-19
-18
-19
-19
-18
-17
-16
-16
-14
-14
-12
-12
-11
-9
-9
-8
-8
-6
-6
-4
-4
-2
-2
-1
1
2
3
4
5
7
9
10
11
13
15
16
17
17
17
18
19
20
21
22
22
22
22
23
24
24
24
23
24
25
24
23
22
21
20
21
20
18
17
15
14
14
13
11
11
8
8
8
6
3
2
1
-2
-2
-4
-7
-10
-12
-12
-13
-14
-15
-18
-20
-21
-21
-22
-24
-24
-25
-25
-25
-26
-27
-27
-27
-27
-27
-28
-28
-27
-28
-28
-27
-26
-26
-27
-25
-24
-21
-20
-20
-20
-18
-15
-14
-12
-11
-11
-9
-8
-7
-6
-4
-3
-2
1
2
4
4
6
9
11
14
16
16
16
18
19
21
22
22
22
24
24
26
25
25
25
27
27
28
28
26
25
24
25
25
23
21
21
21
20
19
17
16
14
13
12
11
8
5
3
2
0
0
-2
-4
-6
-7
-7
-8
-10
-12
-14
-14
-15
-15
-17
-19
-21
-23
-22
-22
-23
-24
-25
-24
-25
-24
-25
-25
-25
-24
-22
-21
-18
-20
-19
-18
-17
-15
-15
-12
-11
-10
-7
-4
-3
-3
-1
2
5
6
8
8
10
13
15
17
19
19
19
21
22
22
22
23
23
25
26
26
25
25
25
25
25
25
24
22
21
20
19
18
16
14
13
12
11
9
8
7
6
4
4
3
1
-1
-2
-2
-3
-5
-7
-9
-10
-12
-13
-15
-16
-19
-19
-20
-22
-22
-23
-24
-23
-24
-23
-24
-26
-27
-28
-26
-25
-25
-27
-26
-27
-25
-23
-22
-21
-20
-18
-16
-13
-12
-11
-9
-7
-5
-2
-2
-2
-1
2
5
7
8
9
10
11
14
16
16
17
18
19
21
21
20
20
20
22
22
23
23
21
19
18
20
19
18
16
15
15
16
15
13
11
10
10
8
7
4
2
0
-1
-1
-4
-6
-7
-9
-11
-12
-13
-15
-17
-18
-18
-18
-20
-20
-20
-22
-21
-21
-21
-21
-21
-20
-20
-17
-15
-15
-15
-12
-10
-8
-5
-5
-4
0
2
4
5
7
7
9
11
12
12
13
14
17
20
22
22
22
21
23
24
25
25
24
23
22
22
21
20
18
16
16
15
14
13
10
9
7
7
6
3
1
-2
-3
-4
-6
-7
-11
-12
-15
-15
-16
-18
-20
-22
-23
-23
-24
-25
-25
-27
-25
-25
-24
-24
-24
-24
-24
-22
-21
-20
-20
-20
-18
-14
-13
-11
-10
-10
-8
-5
-4
-2
1
4
6
10
12
13
15
17
20
23
25
26
27
28
29
32
34
35
34
34
35
35
35
34
33
34
33
33
33
31
28
28
28
26
24
21
19
17
16
14
12
9
6
4
1
0
-3
-6
-8
-10
-12
-14
-16
-19
-22
-24
-25
-26
-28
-31
-33
-34
-36
-36
-37
-39
-40
-40
-40
-38
-38
-37
-35
-34
-32
-30
-30
-28
-26
-23
-21
-19
-18
-15
-14
-12
-8
-4
-3
-1
2
5
8
11
14
16
18
21
24
26
28
29
31
32
35
36
36
37
38
39
39
40
40
38
40
41
39
39
38
38
37
35
34
32
29
27
24
23
19
16
13
10
8
5
4
1
-3
-6
-8
-9
-11
-13
-15
-18
-20
-22
-25
-27
-29
-31
-34
-35
-35
-36
-37
-39
-39
-39
-38
-37
-38
-37
-37
-36
-37
-36
-36
-35
-34
-32
-30
-30
-27
-26
-25
-22
-21
-19
-19
-16
-13
-11
-10
-7
-4
-2
0
3
4
7
9
11
12
14
16
17
19
21
22
24
25
24
25
25
26
27
28
27
28
29
27
28
28
28
27
27
27
26
24
23
22
21
20
18
17
15
13
14
12
12
11
9
7
6
4
4
3
1
0
-2
-1
-1
-2
-2
-4
-6
-6
-7
-7
-9
-9
-9
-9
-9
-10
-11
-10
-10
-10
-11
-11
-12
-13
-13
-13
-13
-12
-12
-12
-10
-11
-11
-11
-12
-11
-11
-8
-8
-8
-9
-8
-7
-7
-7
-6
-6
-5
-7
-6
-6
-6
-3
-3
-3
-2
-2
-2
-1
1
2
2
2
2
3
4
5
5
6
7
8
10
10
10
11
10
10
11
11
12
11
11
13
12
13
15
14
15
14
14
13
12
12
12
13
11
11
12
10
10
10
10
10
8
7
4
3
4
3
3
3
1
0
-1
-1
-1
-2
-4
-6
-7
-8
-9
-10
-10
-10
-10
-10
-10
-12
-12
-13
-14
-15
-16
-16
-16
-15
-15
-16
-16
-18
-16
-16
-16
-15
-16
-16
-17
-16
-14
-14
-12
-12
-11
-11
-9
-9
-8
-7
-7
-7
-5
-5
-5
-5
-4
-4
-3
-2
-3
-2
-2
-3
-2
-2
-1
0
2
3
4
4
3
4
6
7
10
10
8
9
6
7
7
9
10
9
8
9
8
7
6
6
5
6
6
6
5
4
3
3
4
5
6
6
6
4
2
2
2
2
3
4
3
2
0
-1
0
1
0
1
-2
-2
-4
-5
-5
-4
-3
-2
-1
-1
-3
-5
-7
-7
-6
-3
-2
-2
-3
-5
-8
-9
-6
-5
-2
-1
-2
-5
-6
-8
-8
-7
-4
-4
-3
-5
-7
-10
-10
-9
-8
-8
-8
-9
-10
-11
-12
-13
-12
-9
-8
-7
-6
-10
-11
-13
-11
-10
-7
-5
-4
-5
-8
-10
-8
-7
-4
-3
-1
-1
-2
-2
-2
0
3
5
8
9
11
10
10
11
11
14
17
19
21
20
18
16
17
18
20
23
24
23
21
19
20
20
22
23
25
25
24
22
20
19
20
20
22
23
23
21
17
13
11
11
13
14
15
13
7
3
0
-2
0
0
0
-2
-6
-10
-13
-15
-14
-14
-13
-14
-16
-19
-21
-24
-25
-24
-22
-21
-21
-21
-24
-27
-29
-28
-27
-25
-23
-23
-25
-26
-29
-29
-27
-24
-21
-20
-20
-21
-20
-20
-17
-15
-10
-8
-7
-6
-7
-5
-3
-2
0
4
8
8
8
8
8
9
11
14
16
16
17
16
16
17
19
22
24
25
26
25
25
25
26
26
30
31
30
30
28
27
25
25
25
25
25
24
22
20
17
16
14
13
12
11
8
5
2
0
-1
-2
-3
-4
-7
-11
-14
-14
-16
-17
-18
-19
-20
-21
-23
-23
-24
-27
-28
-28
-28
-28
-29
-29
-31
-31
-30
-30
-29
-30
-30
-31
-30
-28
-25
-25
-23
-23
-21
-20
-18
-16
-14
-12
-10
-9
-6
-4
-1
0
1
1
1
2
5
7
8
8
7
8
10
12
13
15
15
16
16
17
19
21
21
20
20
21
22
23
26
27
27
27
27
27
26
26
25
25
26
25
25
24
23
22
18
18
18
18
18
17
16
15
14
11
12
12
10
8
5
3
2
1
-1
-2
-4
-7
-9
-10
-11
-12
-14
-15
-16
-18
-18
-19
-21
-23
-23
-23
-22
-21
-21
-21
-21
-20
-21
-19
-19
-17
-17
-17
-16
-15
-15
-14
-12
-12
-12
-12
-10
-10
-9
-7
-6
-6
-5
-5
-3
-2
-3
-1
-2
-1
1
3
6
7
6
7
7
8
10
12
14
14
15
14
13
14
16
17
17
20
19
19
19
19
19
21
21
21
21
20
20
19
19
20
21
22
22
20
18
17
17
17
18
17
16
15
12
11
9
8
6
5
3
1
0
-3
-4
-4
-7
-9
-10
-10
-10
-9
-11
-13
-12
-14
-13
-13
-13
-15
-16
-16
-18
-18
-17
-16
-15
-16
-16
-18
-20
-19
-20
-21
-20
-18
-18
-18
-18
-20
-20
-19
-18
-15
-14
-13
-12
-12
-12
-11
-9
-7
-6
-5
-7
-9
-8
-7
-5
-5
-5
-4
-5
-6
-6
-6
-6
-4
-3
-1
1
1
0
1
1
2
3
5
8
10
11
11
11
12
13
15
15
14
13
13
12
11
11
11
10
11
10
9
9
7
8
7
9
10
11
11
11
10
10
10
9
10
11
12
12
11
10
9
9
9
10
9
9
6
4
4
2
3
2
2
1
-1
-2
-4
-5
-6
-6
-6
-6
-6
-6
-8
-10
-12
-11
-10
-9
-10
-10
-12
-13
-13
-13
-14
-14
-14
-14
-14
-16
-17
-16
-15
-16
-15
-16
-14
-14
-14
-13
-14
-13
-11
-10
-8
-7
-6
-6
-6
-7
-7
-4
-1
1
1
1
1
2
6
8
9
10
10
11
12
14
16
17
17
20
21
22
23
25
26
27
28
28
30
33
35
33
29
25
25
27
28
28
25
22
18
17
16
16
15
13
11
9
8
7
3
2
-1
-3
-3
-3
-1
-2
-6
-8
-10
-7
-4
-4
-6
-9
-10
-10
-10
-9
-10
-9
-10
-14
-16
-17
-18
-19
-21
-23
-23
-23
-23
-24
-27
-28
-28
-25
-23
-19
-17
-15
-13
-16
-16
-16
-15
-14
-15
-17
-19
-20
-22
-27
-30
-30
-31
-31
-35
-36
-36
-34
-34
-33
-30
-25
-21
-19
-17
-12
-5
0
7
17
31
45
47
43
42
49
58
64
66
68
70
70
61
53
48
50
51
45
36
34
35
35
28
19
16
21
27
28
24
18
18
20
24
32
37
33
18
3
-5
-1
5
0
-14
-26
-34
-39
-50
-64
-72
-73
-69
-69
-74
-81
-86
-91
-93
-91
-81
-72
-69
-71
-73
-70
-59
-48
-34
-22
-16
-15
-17
-16
-6
10
24
28
30
31
28
20
14
17
29
44
48
39
26
17
15
16
17
20
26
26
19
8
-2
-3
2
10
14
13
5
-5
-15
-14
-4
8
14
11
3
-4
-8
-5
0
7
12
11
6
-1
-8
-13
-16
-17
-15
-13
-15
-22
-28
-24
-12
1
3
1
3
11
24
40
56
72
81
82
77
77
83
96
107
111
110
103
89
73
59
55
58
57
42
15
-11
-27
-36
-37
-39
-42
-52
-70
-89
-101
-100
-88
-74
-69
-70
-77
-84
-89
-89
-83
-69
-55
-50
-54
-65
-73
-78
-78
-73
-69
-69
-80
-101
-118
-110
-74
-40
-37
-59
-79
-68
-35
-4
19
45
73
88
83
74
80
107
136
155
165
178
184
172
151
136
146
177
199
190
155
116
85
68
69
86
103
95
52
-1
-32
-30
-11
0
0
-8
-25
-51
-83
-107
-108
-88
-64
-56
-67
-88
-112
-127
-127
-117
-99
-93
-107
-133
-151
-148
-136
-122
-116
-110
-92
-73
-71
-82
-84
-45
14
49
41
16
12
31
62
90
116
136
129
98
71
86
131
171
173
135
95
83
93
95
92
88
87
83
68
41
18
11
10
15
29
40
45
28
-11
-37
-31
-3
18
13
-11
-46
-77
-114
-155
-170
-153
-125
-139
-187
-244
-271
-262
-257
-251
-234
-207
-201
-220
-234
-217
-170
-142
-154
-155
-69
91
202
164
40
-19
56
192
278
305
318
306
225
126
102
193
317
350
268
156
104
104
86
40
12
51
116
115
20
-102
-160
-142
-83
-11
47
73
33
-69
-162
-161
-61
50
93
54
-7
-34
-45
-64
-79
-54
14
77
81
19
-63
-123
-132
-93
-22
37
42
-26
-132
-197
-181
-111
-53
-32
-47
-68
-77
-91
-110
-111
-70
-10
37
39
2
-43
-69
-67
-30
31
81
86
50
1
-25
-19
21
62
81
74
48
16
-12
-26
-16
20
58
66
47
23
-1
-10
1
25
54
69
67
40
-1
-32
-36
-6
34
59
53
28
-2
-24
-29
-11
13
42
60
64
61
42
19
9
25
59
90
104
93
68
46
43
61
97
132
144
132
110
87
72
79
91
105
119
109
79
28
-21
-8
76
160
154
58
-41
-75
-53
-34
-26
-14
-26
-89
-199
-289
-294
-237
-193
-238
-328
-389
-398
-402
-433
-447
-416
-333
-268
-275
-321
-356
-380
-388
-337
-157
122
306
233
-31
-213
-134
104
314
411
434
403
289
119
47
172
404
559
534
375
222
144
96
42
33
132
275
302
146
-91
-224
-193
-59
91
196
238
171
1
-169
-209
-66
150
272
233
116
33
3
-24
-35
5
122
238
269
172
-1
-123
-142
-67
56
166
186
89
-77
-216
-232
-111
32
88
52
-27
-97
-152
-174
-166
-108
-9
63
64
-14
-122
-178
-157
-72
35
117
135
77
-17
-77
-56
43
151
217
208
192
211
224
181
93
54
142
279
301
167
-5
-109
-155
-175
-177
-159
-160
-250
-429
-607
-684
-620
-519
-488
-543
-628
-675
-669
-637
-607
-541
-412
-276
-194
-196
-280
-355
-297
-51
290
519
489
249
51
55
221
441
623
696
610
391
175
127
275
453
504
430
320
222
140
27
-89
-105
41
246
322
205
-11
-174
-189
-73
107
286
384
309
106
-91
-145
-34
153
267
255
183
101
25
-63
-111
-61
91
234
268
165
-10
-152
-193
-102
83
237
243
101
-72
-152
-96
49
175
232
215
142
49
-46
-107
-129
-113
-78
-80
-139
-241
-378
-507
-567
-541
-458
-401
-436
-560
-694
-768
-731
-613
-480
-393
-358
-342
-313
-294
-263
-182
42
403
677
655
400
227
303
523
702
811
900
895
659
321
161
304
564
687
563
316
116
39
7
-80
-148
-88
62
121
-23
-237
-359
-338
-219
-59
122
263
260
92
-116
-162
22
303
479
446
320
244
243
249
225
228
297
401
458
383
209
42
-15
20
99
180
198
117
-78
-289
-378
-326
-225
-194
-280
-427
-563
-653
-720
-770
-781
-752
-729
-768
-857
-937
-963
-929
-858
-750
-586
-421
-330
-393
-471
-284
146
456
413
275
371
599
717
679
736
941
1027
860
636
585
630
649
541
339
153
119
170
74
-196
-403
-371
-205
-174
-298
-419
-427
-395
-383
-307
-169
-60
-44
-103
-153
-92
104
275
279
183
183
324
473
525
497
460
463
488
507
497
444
368
333
340
326
276
233
193
123
70
68
78
30
-74
-202
-314
-394
-432
-462
-535
-646
-773
-867
-934
-976
-1003
-1010
-1003
-1023
-1042
-1031
-954
-796
-561
-380
-340
-272
-6
286
358
275
395
751
1017
982
847
914
1053
993
787
712
765
763
627
405
139
-63
-73
-28
-122
-322
-442
-394
-404
-559
-674
-571
-382
-332
-372
-345
-261
-199
-171
-157
-139
-10
219
345
254
115
168
406
618
661
590
526
486
491
520
523
484
478
487
451
381
341
365
364
268
168
136
150
117
5
-115
-215
-268
-313
-388
-503
-640
-745
-831
-910
-978
-1015
-1022
-1061
-1159
-1225
-1209
-1137
-1046
-889
-617
-289
-130
-192
-206
22
349
525
645
909
1210
1241
1002
860
1041
1293
1287
1113
976
850
684
499
325
113
-14
44
91
-98
-462
-682
-641
-580
-592
-543
-383
-308
-440
-581
-540
-384
-230
-98
-20
-2
8
85
129
44
-12
174
550
743
585
300
185
295
457
536
512
473
452
410
296
199
263
440
508
354
171
144
201
176
11
-139
-152
-67
-86
-287
-563
-723
-742
-751
-860
-998
-1032
-1033
-1185
-1419
-1515
-1375
-1205
-1200
-1351
-1378
-1050
-501
-102
-120
-282
-161
279
634
721
830
1222
1585
1485
1108
1048
1363
1607
1479
1211
1034
960
829
605
308
52
-4
102
80
-239
-619
-728
-645
-698
-864
-787
-484
-339
-526
-781
-780
-525
-220
-27
19
-14
13
124
207
135
85
242
526
677
621
619
693
582
305
163
377
744
909
754
473
330
309
319
345
401
492
565
406
75
-193
-263
-166
-165
-301
-448
-562
-664
-914
-1189
-1371
-1361
-1222
-1180
-1369
-1647
-1831
-1858
-1812
-1732
-1628
-1453
-1174
-818
-516
-372
-375
-300
-1
369
669
1025
1520
1821
1620
1174
1078
1486
1935
2040
1811
1492
1159
832
616
518
441
322
258
149
-139
-533
-751
-730
-697
-712
-595
-337
-230
-486
-832
-891
-555
-119
158
243
195
99
89
173
266
357
541
793
909
757
525
388
385
535
806
981
856
496
139
184
651
998
950
703
426
239
274
417
555
697
708
433
43
-218
-256
-155
-189
-441
-697
-842
-969
-1194
-1527
-1767
-1768
-1609
-1533
-1662
-1925
-2147
-2212
-2088
-1834
-1542
-1273
-1052
-816
-514
-272
-124
29
261
463
694
1184
1848
2165
1816
1246
1200
1756
2309
2369
2081
1650
1161
744
582
591
446
118
-166
-315
-488
-783
-1021
-1150
-1254
-1314
-1074
-602
-395
-706
-1123
-1136
-759
-327
10
243
291
159
63
144
343
518
704
945
1111
1033
869
783
740
624
583
833
1284
1541
1223
589
196
253
643
1055
1179
1085
891
572
178
2
211
558
690
406
-155
-583
-782
-891
-1024
-1185
-1232
-1212
-1333
-1722
-2258
-2555
-2462
-2178
-1946
-1857
-1883
-1949
-2105
-2203
-2016
-1507
-780
-85
336
378
271
307
498
764
1140
1723
2423
2782
2443
1755
1340
1443
1849
2159
2219
1893
1229
460
-175
-485
-528
-470
-425
-554
-909
-1383
-1706
-1805
-1780
-1644
-1229
-661
-314
-430
-837
-1049
-844
-294
355
857
1094
996
736
593
675
916
1264
1620
1825
1708
1382
1015
819
1031
1397
1479
1242
859
590
554
527
382
341
572
628
301
-85
-231
-119
27
-68
-305
-438
-467
-541
-827
-1207
-1387
-1276
-1136
-1266
-1571
-1837
-1971
-2054
-2181
-2252
-2041
-1797
-1829
-2113
-2331
-2227
-1810
-1397
-1126
-823
-240
387
642
502
321
503
1083
1828
2431
2670
2493
2099
1772
1690
1817
2015
2197
2116
1553
714
48
-204
-299
-505
-714
-786
-833
-1069
-1524
-1912
-2017
-1839
-1478
-1025
-638
-518
-619
-703
-647
-378
157
859
1414
1548
1321
1115
1201
1502
1807
2040
2207
2247
2052
1735
1388
1136
1302
1722
1803
1395
735
259
188
256
139
107
412
524
95
-500
-795
-615
-186
-48
-267
-574
-783
-895
-1139
-1453
-1504
-1237
-914
-975
-1414
-1805
-1912
-1840
-1778
-1782
-1641
-1447
-1516
-1866
-2157
-2102
-1713
-1258
-897
-630
-241
265
505
349
105
196
902
1927
2656
2679
2163
1703
1500
1455
1624
1927
2184
2018
1187
139
-475
-521
-423
-575
-823
-988
-1134
-1332
-1653
-2026
-2222
-2066
-1531
-919
-594
-623
-836
-941
-862
-579
72
918
1500
1511
1096
850
1109
1653
2075
2179
2213
2365
2383
2035
1430
1027
1095
1341
1374
1106
769
472
36
-473
-699
-474
57
326
10
-600
-991
-947
-679
-571
-619
-659
-624
-701
-1001
-1332
-1447
-1328
-1138
-1051
-1082
-1173
-1354
-1695
-2052
-2138
-1838
-1378
-1119
-1293
-1671
-1873
-1743
-1479
-1115
-526
211
842
1051
792
416
326
750
1597
2477
3004
2899
2327
1744
1343
1249
1521
1964
2158
1684
669
-324
-880
-1043
-1105
-1131
-1052
-1041
-1319
-1851
-2374
-2617
-2487
-2016
-1323
-732
-464
-541
-791
-910
-732
-171
703
1568
2003
1887
1485
1277
1367
1656
1996
2392
2616
2580
2597
2357
1581
833
536
849
1498
1630
981
197
-252
-666
-927
-678
-147
294
253
-464
-1284
-1645
-1456
-1029
-817
-827
-844
-868
-1059
-1574
-2045
-1999
-1443
-817
-584
-886
-1394
-1943
-2378
-2402
-1906
-1156
-687
-851
-1466
-2048
-1995
-1211
-164
705
1170
1263
1162
939
780
980
1679
2643
3277
3246
2756
2040
1390
1010
1081
1526
1854
1572
691
-390
-1232
-1755
-1915
-1703
-1386
-1280
-1528
-2049
-2644
-3078
-3054
-2442
-1465
-612
-329
-520
-742
-772
-510
173
1188
2183
2767
2831
2493
2120
2075
2360
2834
3298
3510
3320
2793
2002
1190
754
874
1238
1376
1042
325
-495
-1037
-1228
-1124
-790
-442
-303
-527
-1056
-1564
-1744
-1511
-1109
-776
-635
-717
-981
-1359
-1675
-1706
-1346
-800
-472
-604
-1095
-1641
-1942
-1896
-1600
-1182
-805
-689
-963
-1430
-1717
-1541
-859
102
898
1286
1234
897
555
490
861
1663
2601
3164
2974
2257
1511
989
851
1128
1558
1752
1329
313
-885
-1702
-1951
-1866
-1640
-1377
-1399
-1787
-2372
-2875
-3015
-2693
-1965
-1057
-348
-72
-231
-500
-517
-131
633
1617
2587
3125
2916
2249
1749
1903
2548
3182
3437
3333
3021
2449
1668
1023
798
976
1162
994
447
-243
-890
-1380
-1565
-1466
-1164
-827
-737
-1099
-1699
-2137
-2136
-1714
-1165
-803
-672
-764
-1103
-1503
-1637
-1366
-815
-277
-128
-451
-951
-1401
-1584
-1446
-1129
-742
-465
-570
-1053
-1566
-1694
-1309
-440
517
1068
1089
774
397
181
318
937
1928
2794
2942
2356
1605
1086
811
837
1289
1856
1877
1011
-321
-1289
-1609
-1563
-1443
-1316
-1267
-1477
-1934
-2418
-2726
-2749
-2377
-1591
-673
-99
-78
-371
-554
-385
194
1134
2234
2972
2977
2416
1950
1954
2397
2853
3178
3869
4388
3725
2175
672
238
982
1789
1827
1337
766
-271
-1598
-2282
-2002
-967
65
16
-978
-2074
-2615
-2454
-2003
-1562
-1060
-527
-228
-741
-1795
-2359
-2024
-1069
-108
187
3
-507
-1362
-2184
-2455
-1904
-829
-51
-173
-1146
-2053
-2274
-1978
-1282
-361
532
1246
1399
875
36
-549
-186
1159
2796
3675
3217
2196
1422
895
658
930
1820
2697
2456
1000
-723
-1655
-1687
-1502
-1297
-980
-881
-1288
-2147
-3032
-3423
-3120
-2171
-1016
-245
-69
-434
-763
-682
-321
293
1414
2841
3815
3656
2595
1713
1752
2584
3460
3973
4160
3879
2969
1690
620
436
1064
1716
1737
973
-113
-1086
-1753
-1977
-1767
-1114
-323
-102
-739
-1814
-2586
-2499
-1731
-874
-343
-204
-388
-1013
-1837
-2245
-1903
-968
-142
5
-489
-1261
-1976
-2368
-2310
-1824
-1109
-596
-704
-1414
-2204
-2569
-2235
-1281
-156
565
758
709
523
208
-36
271
1411
2875
3630
3208
2290
1686
1396
1170
1324
2043
2770
2458
926
-793
-1650
-1585
-1208
-964
-910
-1167
-1767
-2451
-2921
-3046
-2778
-2109
-1116
-293
-141
-543
-827
-669
-197
485
1568
2916
3724
3418
2332
1602
1983
3026
3896
4204
4152
3905
3170
2011
969
683
1282
1999
2013
1152
-90
-1119
-1731
-1922
-1667
-1002
-271
-189
-1114
-2390
-3109
-2806
-1829
-1002
-660
-688
-999
-1591
-2281
-2601
-2205
-1272
-442
-357
-1018
-1861
-2449
-2634
-2415
-1891
-1220
-798
-1013
-1737
-2473
-2590
-1903
-778
242
851
1068
953
502
-26
-18
960
2542
3622
3568
2865
2213
1771
1382
1280
1895
2817
2980
1892
175
-1034
-1395
-1348
-1195
-1000
-945
-1279
-1985
-2778
-3329
-3404
-2873
-1838
-767
-282
-543
-996
-1129
-860
-236
822
2157
3158
3201
2491
1811
1913
3047
4396
4923
4480
3661
3136
2962
2657
2141
1910
2285
2464
1714
424
-555
-819
-729
-871
-1175
-1241
-1043
-1111
-1833
-2710
-2954
-2306
-1349
-1033
-1445
-1941
-2141
-2087
-2043
-1975
-1668
-1231
-1048
-1418
-2052
-2369
-2200
-1887
-1756
-1815
-1748
-1406
-1218
-1578
-2106
-2090
-1102
272
1187
1285
846
444
376
644
1407
2518
3402
3603
3151
2660
2283
1964
1829
2137
2789
2950
2000
534
-546
-1011
-1186
-1308
-1302
-1330
-1740
-2493
-3239
-3556
-3545
-3362
-2829
-1949
-1252
-1099
-1345
-1502
-1320
-699
371
1701
2894
3553
3389
2716
2301
2634
3627
4706
5286
5146
4473
3570
2613
1905
1832
2300
2773
2598
1489
-53
-1223
-1635
-1485
-1179
-889
-773
-989
-1665
-2660
-3331
-3178
-2355
-1471
-1074
-1305
-1940
-2601
-2997
-2959
-2439
-1618
-967
-922
-1535
-2404
-2888
-2707
-2117
-1475
-1069
-976
-1077
-1349
-1723
-1880
-1488
-406
842
1655
1820
1405
828
414
530
1583
3192
4200
3923
2971
2284
1923
1615
1524
1992
2768
2736
1354
-468
-1550
-1773
-1772
-1811
-1704
-1659
-2064
-2885
-3701
-4082
-3939
-3361
-2412
-1437
-935
-1049
-1346
-1358
-955
-233
968
2587
3853
3985
3146
2391
2592
3572
4591
5221
5477
5330
4506
3225
2184
1914
2375
2925
2911
2141
848
-438
-1332
-1712
-1644
-1234
-790
-783
-1509
-2600
-3398
-3491
-2947
-2210
-1637
-1367
-1567
-2216
-2967
-3284
-2895
-1968
-1096
-811
-1207
-1890
-2345
-2468
-2270
-1785
-1150
-615
-543
-914
-1419
-1650
-1342
-531
495
1472
2127
2142
1400
405
146
1168
2950
4125
4023
3290
2663
2081
1401
1034
1608
2753
3088
1884
-100
-1516
-1938
-1957
-1944
-1809
-1663
-1841
-2514
-3480
-4224
-4406
-3865
-2771
-1584
-882
-866
-1190
-1375
-1286
-761
416
2115
3515
3845
3110
2399
2988
4330
4872
4551
4291
4722
5278
4786
3248
2066
2247
2765
2557
1881
1189
655
14
-1101
-2135
-2210
-1348
-639
-1040
-2261
-3209
-3172
-2468
-2228
-2467
-2421
-1930
-1530
-1761
-2461
-2786
-2425
-1840
-1592
-1611
-1567
-1507
-1692
-2159
-2541
-2190
-1256
-652
-801
-1337
-1563
-1114
-259
457
793
1034
1346
1469
1298
1098
1357
2267
3243
3495
3139
2800
2562
2191
1762
1786
2218
2389
1751
426
-722
-1233
-1422
-1708
-2024
-2221
-2401
-2677
-3067
-3593
-4055
-4052
-3431
-2405
-1518
-1212
-1374
-1526
-1362
-829
94
1482
2988
3787
3516
2725
2438
3081
4091
4810
5121
5194
4973
4182
3032
2148
2026
2558
2924
2505
1378
82
-876
-1392
-1648
-1670
-1380
-998
-1100
-1894
-2872
-3382
-3162
-2472
-1881
-1651
-1693
-1993
-2463
-2901
-2968
-2512
-1763
-1222
-1317
-1820
-2237
-2335
-2178
-1924
-1588
-1182
-868
-823
-1126
-1475
-1516
-966
89
1134
1791
1917
1515
887
472
927
2302
3665
4125
3658
3019
2561
2083
1644
1754
2490
3085
2506
871
-680
-1479
-1757
-1904
-1923
-1767
-1806
-2305
-3154
-3999
-4396
-4195
-3486
-2515
-1708
-1401
-1530
-1690
-1632
-1306
-591
792
2616
3997
3999
2848
1933
2358
3803
5054
5493
5467
5271
4604
3309
2070
1857
2751
3616
3298
1872
265
-719
-1106
-1399
-1650
-1502
-938
-697
-1441
-2821
-3776
-3653
-2735
-1886
-1571
-1667
-1971
-2489
-3106
-3410
-3009
-2036
-1206
-1185
-1872
-2565
-2734
-2465
-2126
-1841
-1418
-918
-662
-920
-1462
-1746
-1188
107
1454
2299
2369
1730
823
338
985
2576
4108
4557
4007
3280
2649
1986
1562
1904
2892
3453
2652
919
-655
-1497
-1879
-2069
-1907
-1522
-1542
-2234
-3353
-4261
-4610
-4379
-3629
-2545
-1580
-1194
-1436
-1865
-2045
-1688
-613
1077
2846
3905
3743
2877
2313
2603
3570
4637
5398
5786
5588
4722
3417
2292
1961
2408
3120
3293
2465
967
-614
-1727
-2087
-1827
-1181
-626
-714
-1599
-2823
-3640
-3616
-2977
-2151
-1555
-1426
-1755
-2452
-3117
-3362
-3028
-2256
-1480
-1157
-1484
-2186
-2765
-2847
-2432
-1745
-1051
-680
-701
-1003
-1355
-1389
-881
107
1222
2148
2529
2098
1166
541
985
2517
4078
4565
4066
3395
2807
2161
1651
1842
2700
3307
2703
1084
-451
-1230
-1649
-2010
-2095
-1831
-1657
-2010
-2953
-4039
-4704
-4582
-3787
-2641
-1665
-1276
-1482
-1863
-2084
-1823
-826
894
2735
3754
3585
2753
2266
2622
3499
4468
5282
5757
5619
4691
3293
2209
2000
2537
3118
3054
2145
738
-618
-1592
-2041
-1954
-1461
-1000
-1108
-1926
-2961
-3622
-3629
-3157
-2545
-2057
-1856
-2024
-2549
-3134
-3357
-3027
-2342
-1767
-1639
-1975
-2460
-2706
-2602
-2268
-1830
-1453
-1162
-1014
-1087
-1343
-1309
-662
438
1539
2176
2055
1435
842
903
1895
3255
4039
3982
3650
3352
2833
2164
1948
2467
3113
2891
1681
325
-473
-967
-1541
-1969
-1966
-1789
-1909
-2515
-3356
-4002
-4154
-3804
-3120
-2399
-1912
-1766
-1754
-1733
-1662
-1277
-66
1745
3071
3086
2294
1966
2741
3897
4536
4724
5068
5433
5054
3923
2879
2692
3214
3556
3161
2219
1245
540
-154
-929
-1431
-1312
-795
-708
-1528
-2653
-3202
-2962
-2458
-2267
-2303
-2283
-2275
-2529
-3015
-3187
-2785
-2139
-1841
-2118
-2547
-2679
-2521
-2371
-2311
-2085
-1529
-1054
-1060
-1465
-1819
-1529
-533
588
1501
2151
2276
1689
758
464
1533
3412
4626
4397
3589
3101
2695
2143
1890
2461
3431
3551
2284
419
-829
-1197
-1325
-1456
-1456
-1435
-1623
-2182
-3054
-3917
-4359
-4088
-3125
-2082
-1518
-1629
-2006
-2211
-2160
-1791
-792
754
2163
2833
2678
2248
2199
2719
3470
4292
5057
5463
5293
4595
3548
2675
2523
2984
3460
3384
2512
1190
-67
-937
-1377
-1377
-1033
-766
-977
-1688
-2623
-3247
-3257
-2863
-2376
-1973
-1811
-1971
-2398
-2915
-3229
-3068
-2486
-1901
-1730
-2069
-2703
-3160
-3120
-2653
-2037
-1523
-1337
-1398
-1549
-1499
-950
-54
947
1733
1970
1662
1119
1024
1790
2970
3787
3808
3535
3417
3101
2560
2255
2552
3165
3115
2068
770
-33
-355
-777
-1377
-1711
-1735
-1698
-1937
-2613
-3425
-3957
-3901
-3194
-2301
-1726
-1707
-1972
-2137
-2081
-1658
-654
789
2232
2951
2438
1469
1167
2027
3487
4606
5102
5103
4751
3912
2699
2052
2569
3677
4285
3601
1955
462
-225
-282
-260
-329
-232
-147
-475
-1452
-2667
-3123
-2645
-1797
-1270
-1338
-1816
-2420
-3047
-3504
-3441
-2746
-1816
-1403
-1909
-2959
-3746
-3704
-3096
-2483
-2032
-1702
-1485
-1474
-1740
-2004
-1721
-765
637
1928
2418
1824
646
130
957
2610
3890
4169
3830
3394
2640
1765
1503
2337
3506
3533
2168
502
-434
-688
-1014
-1523
-1695
-1497
-1355
-1721
-2578
-3442
-3912
-3760
-3037
-2127
-1513
-1465
-1824
-2180
-2382
-2143
-1181
389
1875
2492
2061
1348
1200
1803
2763
3650
4459
5067
5067
4269
3041
2198
2302
3138
3958
4015
3101
1723
497
-212
-426
-265
129
392
92
-788
-1845
-2476
-2473
-2099
-1696
-1422
-1340
-1583
-2203
-2951
-3360
-3237
-2654
-2070
-1914
-2298
-2972
-3520
-3639
-3291
-2639
-1966
-1485
-1296
-1445
-1500
-1188
-288
1058
2138
2209
1422
770
1197
2505
3637
3891
3553
3434
3329
2835
2314
2375
3026
3351
2664
1362
374
21
-265
-886
-1437
-1583
-1473
-1434
-1873
-2710
-3468
-3702
-3277
-2497
-1777
-1456
-1609
-1958
-2298
-2382
-1772
-292
1414
2397
2025
793
14
423
1699
3005
3926
4411
4320
3546
2305
1470
1806
2987
3974
3986
3018
1776
854
351
124
191
635
1082
897
-62
-1370
-2254
-2235
-1625
-1048
-839
-1021
-1563
-2441
-3324
-3691
-3286
-2437
-1897
-2156
-2934
-3598
-3781
-3683
-3427
-3083
-2544
-1913
-1457
-1517
-1729
-1500
-574
928
2183
2448
1796
1077
1164
2144
3322
4030
4200
4170
3756
2791
1946
2041
2907
3449
2840
1593
593
116
-437
-1287
-1817
-1661
-1293
-1235
-1753
-2616
-3360
-3594
-3260
-2534
-1813
-1376
-1367
-1636
-2061
-2451
-2136
-710
1118
1963
1336
206
-136
607
1599
2199
2711
3457
3835
3269
2196
1616
2004
2853
3263
3018
2574
2241
1859
1136
302
19
622
1451
1412
295
-1009
-1620
-1451
-1077
-997
-1129
-1214
-1459
-2095
-2892
-3331
-3167
-2697
-2514
-2913
-3437
-3598
-3531
-3607
-3813
-3727
-3098
-2193
-1679
-1710
-1691
-1225
-228
1059
1970
2094
1599
1260
1778
2994
3983
4081
3760
3742
3700
3173
2553
2561
3159
3297
2370
1061
383
347
-11
-969
-1765
-1896
-1599
-1440
-1853
-2558
-3169
-3364
-3089
-2479
-1845
-1465
-1348
-1400
-1652
-1968
-1706
-424
1149
1726
984
-26
-115
777
1687
2040
2310
2773
2951
2458
1677
1406
1977
2794
3003
2469
1823
1614
1688
1505
910
546
916
1545
1448
470
-604
-1059
-831
-523
-575
-813
-1071
-1514
-2233
-2877
-3081
-2824
-2524
-2687
-3323
-3946
-4097
-3922
-3772
-3719
-3600
-3200
-2600
-2199
-1967
-1592
-822
378
1546
1974
1614
1200
1602
2842
4044
4455
4175
3960
3902
3558
3088
3053
3589
3947
3258
1885
791
441
309
-235
-926
-1274
-1313
-1336
-1685
-2364
-3071
-3432
-3200
-2479
-1709
-1254
-1244
-1468
-1754
-2004
-1829
-706
1040
2104
1594
166
-702
-237
936
1805
2218
2584
2704
2104
1035
447
953
2204
3034
2816
1883
1085
858
969
998
890
1062
1554
1723
1046
-84
-878
-871
-406
-128
-244
-472
-757
-1397
-2356
-3109
-3121
-2548
-2063
-2393
-3302
-4042
-4330
-4379
-4378
-4154
-3559
-2835
-2388
-2391
-2401
-1960
-894
524
1524
1638
1232
1158
1999
3325
4169
4188
3942
3889
3768
3423
3204
3493
3895
3543
2368
1210
797
731
238
-669
-1363
-1501
-1400
-1509
-2041
-2756
-3278
-3337
-2899
-2236
-1728
-1482
-1410
-1457
-1620
-1642
-888
545
1692
1672
763
71
305
1081
1591
1835
2209
2531
2278
1454
734
837
1650
2325
2244
1601
947
664
652
637
576
798
1274
1422
893
37
-467
-367
-12
72
-169
-377
-516
-918
-1611
-2293
-2543
-2383
-2200
-2476
-3121
-3599
-3774
-3891
-4188
-4364
-4155
-3564
-2916
-2420
-2082
-1606
-732
259
787
671
526
1186
2686
4004
4308
3879
3656
3685
3535
3278
3417
4085
4434
3636
2136
1072
867
814
274
-466
-937
-1064
-1108
-1514
-2263
-3057
-3460
-3194
-2442
-1837
-1718
-1868
-1801
-1650
-1651
-1318
-135
1325
1919
1222
263
215
1059
1819
1906
1926
2209
2359
1915
1033
379
576
1368
1923
1818
1233
690
332
36
-197
-58
710
1521
1498
623
-361
-726
-379
67
203
95
22
-202
-931
-1872
-2414
-2282
-1746
-1570
-2180
-3055
-3589
-3681
-3719
-3869
-3894
-3580
-3027
-2529
-2247
-1860
-915
75
406
28
-93
843
2489
3762
3965
3618
3427
3203
2902
3014
3747
4599
4521
3247
1689
936
1123
1375
1021
231
-592
-1065
-1067
-1144
-1685
-2460
-2891
-2700
-2136
-1706
-1634
-1780
-1877
-2017
-2091
-1371
251
1644
1758
713
-184
105
1210
2027
2163
2221
2392
2191
1545
813
498
909
1526
1698
1324
821
526
326
-49
-480
-425
393
1201
1031
61
-839
-930
-327
220
223
-50
-329
-630
-1119
-1589
-1769
-1666
-1449
-1605
-2147
-2593
-2798
-3032
-3410
-3720
-3547
-2902
-2118
-1738
-1858
-1753
-1089
-377
-136
-231
139
1345
2647
3218
3035
2929
2875
2563
2342
2826
3839
4366
3627
2108
1023
834
1071
1050
802
472
-1
-485
-972
-1496
-2052
-2389
-2230
-1598
-1073
-1123
-1631
-2087
-2247
-2190
-1567
-148
1282
1640
696
-486
-622
357
1495
2084
2358
2483
2129
1281
414
122
693
1629
2017
1571
683
28
-219
-278
-336
-205
412
1020
823
-155
-1166
-1495
-946
-105
321
266
-104
-763
-1598
-2154
-2164
-1703
-1159
-1141
-1683
-2333
-2692
-2852
-2988
-3075
-2942
-2471
-1657
-1042
-909
-898
-815
-680
-485
-52
766
1802
2554
2677
2474
2399
2240
2074
2371
3142
3730
3404
2315
1328
1001
1150
1194
967
702
390
21
-226
-414
-771
-1332
-1742
-1567
-892
-361
-479
-1090
-1625
-1933
-1772
-834
583
1475
1156
-17
-838
-551
424
1259
1650
1874
1839
1316
587
129
297
912
1449
1490
1125
701
378
37
-313
-426
-10
825
1285
819
-283
-1229
-1451
-976
-320
111
178
-218
-1126
-2208
-2745
-2424
-1645
-1136
-1376
-2056
-2597
-2827
-2867
-2843
-2587
-2080
-1459
-943
-748
-612
-302
-49
-11
34
507
1536
2548
2889
2601
2256
1981
1628
1526
2172
3247
3697
2813
1158
0
-7
566
924
840
450
-66
-476
-687
-821
-1034
-1241
-1225
-842
-359
-133
-232
-530
-1005
-1550
-1452
-253
1360
2095
1442
114
-642
-387
312
950
1543
2015
1847
943
-228
-899
-523
545
1357
1344
758
167
-194
-412
-558
-461
178
981
1146
501
-511
-1230
-1268
-868
-442
-169
-79
-399
-1285
-2348
-2922
-2770
-2096
-1567
-1570
-1893
-2292
-2731
-3135
-3201
-2734
-1799
-738
-27
209
232
49
-255
-259
506
1861
3135
3652
3403
2979
2523
1863
1356
1798
3034
3869
3293
1668
203
-318
-217
-75
14
128
66
-371
-992
-1518
-1801
-1823
-1500
-934
-363
-59
-148
-461
-824
-1143
-998
123
1735
2511
1809
418
-373
36
1050
1703
1920
2128
2062
1295
137
-714
-616
316
1182
1204
583
-32
-442
-833
-1164
-1085
-208
1110
1637
790
-682
-1669
-1609
-809
-41
301
254
-223
-1262
-2471
-3104
-2902
-2193
-1734
-1980
-2568
-2906
-2983
-3180
-3527
-3521
-2787
-1521
-464
-40
-44
-210
-390
-362
274
1549
2923
3670
3568
3162
2839
2465
2178
2372
3122
3686
3289
2120
1021
424
125
-172
-344
-247
-266
-593
-1099
-1544
-1938
-2333
-2403
-1827
-920
-309
-360
-803
-1210
-1419
-1060
122
1585
2332
1994
1163
714
852
1226
1474
1843
2422
2668
2213
1321
453
38
206
605
888
985
880
484
-210
-893
-1184
-679
341
1009
890
210
-577
-1070
-1112
-797
-252
209
117
-755
-1898
-2568
-2579
-2279
-2118
-2346
-2644
-2766
-2866
-3207
-3574
-3554
-2925
-1910
-930
-232
57
-107
-571
-736
46
1615
3100
3767
3638
3288
2826
2369
2306
2950
3944
4284
3513
2189
1128
608
395
302
350
300
-82
-648
-1212
-1673
-2187
-2614
-2535
-1856
-1128
-811
-985
-1383
-1846
-2200
-1817
-445
1255
2075
1609
692
221
449
1004
1592
2222
2764
2702
1966
1015
355
283
692
1181
1305
1103
710
192
-321
-676
-713
-225
474
795
538
-43
-654
-1091
-1174
-884
-349
100
5
-811
-1842
-2484
-2600
-2391
-2126
-2004
-2056
-2320
-2878
-3515
-3814
-3442
-2519
-1434
-535
-64
-301
-1047
-1632
-1220
339
2111
3090
3129
2950
2807
2411
1974
2177
3219
4321
4353
3285
2068
1324
912
551
397
594
789
655
128
-716
-1629
-2372
-2621
-2144
-1367
-844
-860
-1232
-1829
-2527
-2767
-1908
-299
961
1078
304
-270
-209
173
508
1001
1839
2508
2413
1609
665
268
584
1091
1351
1406
1379
1200
664
-136
-654
-405
509
1211
1170
598
-82
-623
-946
-987
-624
-1
282
-242
-1323
-2226
-2544
-2451
-2246
-2146
-2018
-1931
-2242
-3002
-3737
-3817
-3044
-1831
-715
-23
-98
-897
-1850
-1986
-844
984
2421
2927
2748
2268
1574
1051
1484
2874
4242
4439
3448
2180
1408
1098
966
1010
1302
1490
1288
807
87
-755
-1470
-1676
-1207
-429
41
-125
-819
-1743
-2586
-2670
-1546
62
851
371
-704
-1272
-1038
-482
-85
274
839
1288
1210
642
-24
-320
-23
551
1029
1277
1340
1108
518
-159
-413
158
1257
1906
1572
675
-18
-154
-4
141
262
385
337
-250
-1143
-1711
-1725
-1520
-1615
-1958
-2216
-2151
-2052
-2335
-2843
-2997
-2471
-1546
-653
-87
-140
-791
-1511
-1548
-526
966
2002
2231
2065
1752
1171
647
933
2118
3340
3536
2687
1720
1183
895
643
670
1117
1557
1563
1187
597
-90
-669
-855
-434
293
816
900
537
-225
-1124
-1504
-868
284
885
580
-119
-585
-739
-858
-937
-694
-146
303
232
-271
-849
-1274
-1295
-996
-599
-130
253
373
95
-379
-557
-166
609
1208
1229
871
562
426
482
619
707
708
447
-82
-704
-1114
-1201
-1110
-1142
-1398
-1782
-2014
-2091
-2204
-2329
-2358
-1992
-1265
-447
92
-9
-754
-1516
-1543
-535
889
1841
2065
1822
1308
563
35
413
1619
2645
2630
1731
784
336
181
87
142
445
813
1003
963
604
-36
-563
-596
-51
752
1410
1781
1825
1327
443
-127
158
1050
1720
1717
1197
606
122
-353
-698
-639
-235
173
163
-488
-1487
-2314
-2519
-2169
-1640
-1228
-1057
-1063
-1234
-1508
-1627
-1300
-617
133
579
614
382
166
82
95
219
451
650
584
157
-487
-951
-1017
-850
-789
-988
-1331
-1652
-1781
-1742
-1488
-1040
-419
200
418
5
-721
-1087
-570
587
1638
2010
1807
1447
977
487
383
919
1724
2106
1658
805
131
-199
-366
-438
-361
-183
-5
165
158
-99
-429
-581
-304
330
1011
1569
1919
2006
1722
1245
1085
1470
2170
2775
2807
2246
1480
922
593
427
438
577
631
413
-240
-1207
-2036
-2416
-2328
-1933
-1609
-1593
-1826
-2085
-2306
-2435
-2271
-1845
-1341
-943
-735
-659
-578
-588
-744
-842
-615
-142
166
44
-447
-875
-859
-540
-302
-238
-332
-540
-874
-1164
-994
-305
683
1465
1570
1007
216
-217
70
932
1823
2262
2269
2042
1472
772
408
604
1152
1511
1293
659
-55
-687
-1213
-1452
-1178
-642
-213
-118
-555
-1103
-1214
-822
-160
461
851
1112
1336
1326
974
680
887
1533
2188
2481
2281
1876
1505
1143
921
1026
1398
1712
1503
728
-196
-771
-859
-799
-857
-994
-1176
-1397
-1748
-2152
-2357
-2278
-2066
-1932
-1965
-1998
-1895
-1795
-1822
-1909
-1850
-1542
-1184
-1005
-1094
-1216
-1138
-881
-555
-263
-111
-65
-57
-108
-120
-34
280
752
1180
1305
1201
1178
1315
1434
1298
1056
1129
1567
1900
1848
1531
1266
1077
804
486
453
775
1065
852
148
-571
-827
-587
-257
-239
-437
-507
-370
-230
-258
-310
-111
263
493
461
437
561
687
659
550
564
868
1223
1317
1123
910
865
969
1029
974
946
998
986
669
159
-257
-432
-434
-451
-635
-963
-1322
-1660
-1937
-2145
-2225
-2276
-2367
-2523
-2714
-2792
-2769
-2715
-2696
-2645
-2494
-2295
-2122
-1979
-1807
-1558
-1175
-785
-475
-202
33
322
676
1058
1293
1417
1628
1918
2132
2146
2053
2042
2159
2131
1932
1843
2002
2070
1722
1133
673
594
784
890
710
313
-42
-180
-85
24
29
-15
5
33
3
-66
-96
-74
-5
48
126
252
360
310
72
-167
-150
188
587
728
578
387
316
354
411
490
639
792
856
793
636
448
338
286
267
250
252
230
136
-130
-525
-951
-1268
-1442
-1544
-1655
-1869
-2143
-2472
-2828
-3093
-3109
-2899
-2634
-2491
-2501
-2504
-2358
-2021
-1550
-1045
-761
-686
-517
-79
477
912
1249
1627
1983
2093
1926
1819
1986
2215
2295
2301
2339
2311
2088
1623
1130
882
930
1094
1134
880
369
-34
-157
-101
35
218
356
340
183
-26
-111
61
366
561
519
319
140
149
265
262
118
28
98
241
308
253
159
44
-69
-102
14
249
417
292
-34
-250
-153
150
340
298
176
115
113
52
-72
-156
-204
-312
-506
-820
-1171
-1453
-1665
-1812
-1948
-2056
-2161
-2309
-2539
-2792
-2876
-2656
-2273
-1989
-1961
-2042
-1999
-1785
-1467
-1091
-649
-127
309
494
513
604
935
1392
1714
1874
1972
2093
2186
2162
2047
1977
1985
2009
1925
1721
1547
1465
1410
1258
1000
812
783
800
678
399
199
203
307
353
307
234
168
49
-147
-241
-103
199
351
199
-96
-266
-164
75
277
383
433
410
308
176
117
171
258
270
176
91
101
146
107
-85
-320
-446
-392
-297
-282
-381
-567
-789
-1038
-1244
-1316
-1175
-985
-974
-1261
-1715
-2073
-2190
-2070
-1874
-1690
-1605
-1670
-1825
-1947
-1971
-1852
-1550
-1175
-823
-531
-362
-284
-250
-160
72
472
879
1154
1304
1375
1415
1424
1453
1566
1769
1983
2061
1945
1744
1556
1476
1500
1548
1560
1439
1144
740
405
283
368
465
394
123
-191
-384
-433
-390
-279
-130
45
126
60
-65
-131
-78
109
372
647
762
673
480
274
172
201
380
590
656
547
279
34
-124
-178
-170
-192
-255
-416
-554
-700
-840
-1009
-1181
-1276
-1259
-1112
-977
-990
-1134
-1330
-1452
-1482
-1411
-1259
-1093
-1050
-1141
-1273
-1345
-1312
-1194
-1083
-977
-872
-751
-613
-509
-438
-421
-360
-215
-16
218
468
692
851
896
891
957
1195
1509
1738
1768
1689
1635
1655
1726
1749
1691
1502
1215
981
888
936
978
858
544
184
-25
-13
98
149
84
-43
-104
-54
87
231
291
266
246
307
444
586
656
623
495
391
448
643
821
796
538
237
58
17
37
10
-127
-383
-678
-926
-1067
-1112
-1170
-1310
-1478
-1586
-1602
-1556
-1536
-1575
-1597
-1561
-1479
-1378
-1238
-1081
-993
-972
-954
-847
-653
-512
-476
-458
-358
-196
-29
72
58
-37
-123
-125
48
339
558
572
418
257
250
444
685
856
947
1022
1094
1152
1128
1054
1021
1031
1074
1115
1089
997
808
588
414
330
381
464
503
422
237
65
-3
29
138
276
384
428
362
253
209
267
399
499
543
554
553
551
520
457
415
413
388
330
226
122
14
-154
-368
-575
-735
-863
-962
-1084
-1249
-1448
-1593
-1641
-1592
-1524
-1526
-1612
-1730
-1761
-1633
-1372
-1129
-1001
-1022
-1043
-958
-740
-440
-148
78
169
155
127
171
279
354
334
274
306
441
528
455
248
85
110
276
420
426
378
352
387
412
398
413
516
678
746
681
565
507
507
498
457
454
494
539
496
414
388
456
547
569
531
539
670
810
841
752
678
749
903
1012
992
923
898
879
801
634
479
385
342
274
156
-1
-172
-305
-439
-596
-794
-991
-1113
-1138
-1175
-1323
-1549
-1742
-1819
-1811
-1724
-1597
-1463
-1388
-1447
-1524
-1484
-1274
-996
-751
-590
-448
-276
-111
-3
50
136
282
462
584
593
518
424
397
449
505
487
438
411
436
411
294
176
183
289
332
270
189
166
190
193
165
179
255
284
180
41
35
184
328
308
181
133
240
409
526
588
623
672
764
869
937
963
1019
1077
1103
1073
1053
1093
1119
1047
851
645
482
398
346
260
100
-123
-363
-591
-740
-780
-761
-793
-902
-1061
-1181
-1242
-1249
-1242
-1254
-1258
-1247
-1179
-1067
-960
-917
-910
-891
-822
-689
-538
-391
-283
-194
-149
-135
-110
-38
94
218
275
271
237
208
214
281
385
456
460
446
450
450
416
363
309
286
298
302
273
192
95
-25
-124
-151
-107
-47
-36
-71
-112
-115
-98
-92
-76
-6
102
192
256
317
371
425
495
619
779
929
1002
983
950
959
1023
1104
1113
1014
832
613
431
307
221
119
-68
-335
-609
-831
-965
-1032
-1084
-1173
-1295
-1367
-1341
-1265
-1197
-1231
-1351
-1404
-1295
-1005
-680
-487
-519
-676
-754
-631
-342
-33
157
192
148
109
120
171
251
324
388
417
420
420
395
354
301
319
416
526
576
570
526
477
447
435
491
569
573
471
310
180
126
129
130
94
24
-73
-175
-231
-214
-129
-52
-39
-70
-93
-55
10
101
182
257
365
479
591
638
630
617
625
653
690
739
760
683
508
320
189
120
43
-92
-270
-479
-688
-861
-972
-1062
-1146
-1230
-1278
-1277
-1239
-1199
-1178
-1194
-1202
-1111
-910
-664
-530
-536
-601
-601
-461
-238
-32
92
129
127
131
175
270
391
481
498
471
448
491
574
608
566
517
524
575
617
617
566
513
499
513
545
575
603
581
489
326
166
99
114
125
77
7
-43
-79
-114
-151
-177
-149
-89
-19
34
85
153
227
264
290
326
395
470
506
516
541
578
580
515
382
233
132
130
160
102
-48
-234
-376
-459
-541
-657
-765
-850
-920
-969
-995
-993
-1003
-1037
-1051
-1029
-944
-846
-787
-755
-744
-702
-637
-557
-454
-367
-312
-266
-212
-128
-23
94
187
251
299
326
358
440
562
676
757
782
760
743
742
758
776
800
833
849
835
734
558
426
402
458
479
399
223
23
-146
-227
-204
-111
-1
18
-47
-134
-141
-39
105
236
317
356
384
387
367
382
425
466
459
419
388
372
340
238
100
-42
-138
-163
-144
-179
-340
-601
-841
-940
-860
-745
-716
-777
-897
-1012
-1069
-983
-794
-623
-579
-653
-735
-734
-645
-545
-488
-478
-524
-591
-613
-574
-496
-442
-408
-375
-315
-196
-59
45
115
160
198
265
408
592
746
811
798
788
829
906
944
914
883
874
867
819
726
607
489
387
309
253
210
124
3
-119
-186
-176
-129
-75
-31
-18
9
77
173
306
437
529
573
572
540
534
558
589
569
495
410
342
301
231
103
-71
-250
-380
-441
-457
-494
-618
-819
-1026
-1153
-1150
-1037
-916
-868
-930
-1043
-1075
-957
-746
-562
-465
-418
-385
-330
-263
-213
-192
-222
-269
-274
-227
-167
-167
-248
-356
-387
-310
-169
-30
42
66
90
148
242
356
483
591
663
708
768
829
863
837
791
777
799
810
773
682
542
392
264
200
179
176
141
60
-49
-133
-146
-116
-61
-1
60
132
232
347
450
516
544
555
608
692
723
679
584
506
455
428
391
309
189
48
-113
-292
-457
-570
-635
-690
-779
-897
-1020
-1112
-1162
-1158
-1091
-987
-914
-908
-912
-878
-778
-650
-541
-463
-398
-308
-211
-139
-128
-159
-167
-136
-72
-15
16
-10
-69
-102
-74
8
127
218
243
213
180
208
290
414
527
609
650
644
637
615
583
572
593
616
596
519
412
311
224
131
45
15
23
37
11
-60
-124
-130
-54
60
171
270
365
434
483
513
536
570
633
707
744
736
657
535
406
311
254
234
220
127
-54
-281
-499
-650
-721
-755
-800
-890
-984
-1055
-1102
-1131
-1144
-1134
-1076
-976
-866
-765
-673
-625
-624
-618
-564
-424
-242
-98
-54
-100
-160
-165
-81
21
105
150
190
252
312
337
337
366
434
505
554
596
599
555
482
451
496
586
645
607
475
298
167
129
168
193
115
-12
-126
-210
-260
-270
-244
-195
-126
-55
12
47
36
21
74
238
452
631
698
651
547
487
523
619
701
701
615
477
345
245
166
107
65
5
-109
-255
-408
-544
-659
-763
-838
-866
-847
-819
-824
-895
-993
-1034
-961
-806
-647
-573
-587
-638
-677
-629
-508
-356
-259
-234
-244
-254
-235
-177
-107
-63
-48
-18
74
188
269
274
237
242
326
458
567
625
620
595
570
551
539
553
577
558
463
333
222
157
115
50
-44
-134
-184
-201
-210
-225
-229
-195
-117
-36
21
77
144
232
312
397
509
642
756
804
787
748
739
772
784
740
652
559
480
381
261
130
19
-81
-185
-283
-371
-439
-516
-621
-745
-843
-868
-830
-766
-723
-734
-765
-778
-764
-701
-606
-492
-386
-320
-322
-372
-398
-373
-310
-228
-157
-101
-63
-61
-100
-151
-144
-55
89
240
327
333
279
207
181
222
326
455
554
572
511
408
326
300
300
312
309
270
184
70
-56
-168
-241
-245
-218
-210
-239
-312
-365
-368
-313
-231
-125
-12
81
164
239
327
440
559
671
752
796
819
814
794
752
704
658
607
544
432
280
112
-21
-106
-163
-223
-318
-444
-559
-649
-721
-746
-724
-688
-675
-689
-711
-725
-717
-696
-642
-545
-427
-316
-245
-229
-256
-280
-255
-169
-56
18
46
29
-5
-35
-44
-19
34
124
226
270
250
199
164
166
208
279
346
384
358
293
225
187
158
126
98
84
92
76
14
-99
-214
-269
-248
-160
-68
-31
-65
-128
-141
-97
-30
25
70
148
245
326
380
431
487
540
602
664
717
723
684
627
578
536
489
419
320
228
130
31
-55
-151
-248
-319
-379
-440
-516
-578
-618
-629
-630
-647
-672
-689
-675
-632
-562
-501
-441
-400
-356
-292
-225
-175
-141
-119
-101
-78
-39
15
44
53
35
24
46
96
165
240
286
272
210
144
122
154
208
248
242
188
112
39
-28
-85
-105
-86
-48
-35
-76
-153
-218
-248
-244
-202
-108
-14
29
5
-56
-96
-81
-3
99
212
312
368
383
383
396
447
537
637
712
717
643
535
464
462
481
484
445
353
241
111
16
-43
-66
-73
-121
-199
-292
-380
-452
-513
-555
-575
-571
-574
-588
-594
-580
-549
-510
-467
-409
-322
-241
-190
-179
-185
-159
-85
24
109
123
93
56
55
114
205
287
325
315
282
249
254
269
263
251
235
235
224
175
99
11
-56
-83
-77
-66
-87
-137
-207
-274
-306
-298
-257
-225
-209
-198
-192
-197
-192
-174
-144
-91
-14
84
178
234
247
249
278
355
468
561
587
533
445
386
392
433
454
412
308
200
123
92
53
-4
-61
-99
-142
-202
-263
-334
-424
-515
-570
-568
-534
-509
-534
-589
-621
-588
-495
-378
-279
-232
-228
-231
-228
-188
-95
9
73
65
5
-45
-26
51
144
208
233
245
255
256
260
281
314
345
362
376
378
363
304
218
144
119
144
165
162
92
-21
-128
-191
-197
-180
-151
-143
-178
-237
-303
-329
-302
-218
-119
-52
-20
12
59
116
179
242
318
399
460
472
459
439
434
449
458
429
379
322
263
194
112
39
-11
-55
-114
-194
-274
-321
-365
-422
-504
-566
-589
-582
-558
-544
-545
-565
-561
-510
-428
-340
-267
-212
-170
-137
-109
-70
-6
45
46
16
-9
5
51
109
148
174
194
203
201
193
208
250
302
331
342
334
308
268
222
201
212
236
236
196
134
80
43
9
-43
-96
-128
-129
-123
-137
-174
-227
-254
-232
-179
-113
-69
-50
-34
3
72
167
269
339
377
397
406
426
447
441
424
394
364
338
303
245
166
93
35
-2
-40
-109
-191
-271
-329
-388
-435
-461
-479
-501
-544
-590
-605
-554
-467
-380
-336
-340
-344
-324
-273
-204
-124
-56
-5
36
37
4
-34
-40
3
86
166
212
211
175
131
111
142
203
269
305
293
249
195
136
93
87
111
163
209
195
125
34
-36
-49
-23
0
-8
-29
-56
-94
-129
-159
-167
-145
-101
-63
-40
-24
-13
7
40
100
186
290
358
373
352
340
369
412
433
399
346
299
251
216
181
146
101
43
-22
-92
-141
-174
-209
-276
-364
-445
-490
-493
-499
-516
-535
-528
-490
-440
-406
-394
-394
-391
-352
-294
-227
-165
-107
-66
-48
-43
-32
-6
22
57
84
125
174
209
219
202
178
165
193
233
264
255
193
113
35
-9
-8
12
20
8
-25
-79
-125
-144
-137
-120
-112
-110
-101
-84
-71
-73
-86
-77
-31
32
90
129
163
205
236
253
262
293
359
425
445
408
363
345
338
323
295
271
245
211
154
77
27
7
-2
-26
-79
-135
-181
-223
-254
-283
-301
-315
-342
-382
-426
-440
-424
-389
-359
-341
-342
-335
-305
-261
-218
-178
-130
-94
-58
-33
-23
3
37
77
108
142
188
231
271
283
281
277
272
287
306
308
296
263
215
155
101
55
32
35
36
16
-48
-134
-196
-214
-189
-150
-112
-103
-109
-115
-122
-88
-26
50
115
158
203
258
327
377
389
387
393
427
469
488
462
401
344
308
270
227
193
173
127
59
-18
-82
-102
-102
-101
-126
-174
-226
-263
-278
-287
-302
-312
-315
-309
-303
-300
-293
-282
-260
-236
-216
-192
-178
-187
-205
-196
-158
-112
-76
-75
-88
-74
-24
30
65
96
119
147
177
184
186
199
208
196
187
200
203
181
134
69
29
21
28
21
-18
-68
-128
-169
-186
-190
-182
-180
-187
-210
-211
-185
-144
-87
-43
-7
35
94
182
259
315
345
344
349
356
368
384
409
403
367
312
249
211
189
174
144
99
38
-42
-106
-142
-169
-184
-197
-212
-226
-240
-259
-287
-325
-359
-358
-305
-232
-187
-175
-193
-210
-206
-174
-122
-66
-28
-43
-85
-116
-107
-72
-43
-23
-15
8
32
35
37
49
69
94
117
129
119
103
86
82
101
122
128
94
50
17
5
15
20
12
-6
-29
-61
-81
-96
-111
-114
-117
-111
-96
-88
-70
-64
-56
-31
14
83
161
225
255
245
222
217
234
265
282
281
264
232
200
170
139
110
88
60
30
-5
-56
-110
-170
-226
-261
-276
-283
-288
-291
-307
-339
-378
-407
-399
-360
-315
-284
-260
-234
-218
-213
-205
-184
-150
-110
-67
-36
-14
-11
-36
-48
-31
27
97
141
136
98
70
57
71
102
133
144
122
95
68
56
60
77
75
59
43
32
25
13
-4
-25
-31
-19
-2
8
4
-18
-35
-41
-27
5
47
83
98
101
107
140
191
239
257
238
229
237
265
278
262
238
211
190
173
163
157
152
139
119
99
65
29
2
-22
-26
-30
-37
-61
-94
-125
-157
-181
-193
-203
-200
-183
-169
-172
-186
-188
-172
-127
-77
-55
-50
-43
-23
14
46
54
39
37
55
78
79
65
51
40
50
61
65
59
44
10
-17
-14
11
7
-16
-71
-130
-154
-150
-131
-128
-136
-160
-196
-216
-212
-177
-118
-62
-60
-92
-101
-63
15
100
144
148
141
151
179
203
231
234
234
232
235
241
230
202
155
112
91
90
104
102
82
24
-30
-44
-37
-18
-14
-21
-41
-65
-77
-86
-87
-84
-90
-99
-112
-122
-127
-120
-103
-97
-101
-110
-99
-61
-25
-2
5
17
46
90
129
139
119
81
64
74
108
127
125
94
50
20
10
21
37
39
5
-42
-88
-123
-145
-172
-186
-200
-210
-231
-263
-292
-309
-303
-282
-247
-212
-170
-134
-125
-116
-97
-56
7
75
127
146
142
134
134
155
183
197
203
206
200
180
158
129
100
81
69
57
37
15
-30
-76
-102
-112
-110
-114
-119
-127
-134
-127
-125
-131
-141
-145
-136
-113
-87
-87
-100
-99
-97
-95
-84
-74
-62
-35
-12
2
21
40
52
62
77
90
95
92
75
73
75
75
75
65
45
28
23
13
-6
-32
-71
-88
-96
-112
-139
-179
-212
-240
-249
-257
-270
-276
-281
-276
-267
-252
-232
-202
-157
-114
-77
-40
7
58
109
151
183
219
260
283
295
295
300
318
336
349
351
334
300
260
217
194
190
186
165
115
50
-3
-27
-29
-26
-23
-35
-69
-104
-130
-149
-148
-135
-119
-104
-92
-87
-90
-88
-66
-28
16
61
98
127
152
167
187
218
249
271
282
293
302
288
264
254
265
269
256
220
170
140
121
100
75
50
16
-34
-80
-126
-166
-192
-209
-228
-249
-267
-297
-321
-320
-310
-290
-268
-245
-240
-243
-238
-217
-164
-104
-57
-25
3
37
64
84
99
112
127
139
155
159
159
140
104
76
70
80
90
85
50
9
-28
-49
-58
-67
-80
-99
-136
-171
-192
-197
-190
-195
-215
-245
-257
-250
-222
-196
-188
-182
-181
-160
-115
-65
-16
31
73
106
145
185
212
236
255
271
290
301
295
282
267
246
224
200
174
142
115
93
64
31
-11
-55
-90
-110
-121
-146
-174
-197
-213
-208
-193
-191
-195
-195
-185
-167
-146
-119
-99
-83
-70
-56
-24
18
49
63
80
92
103
119
142
152
159
166
162
152
134
132
134
135
135
123
106
86
63
35
28
37
37
25
5
-30
-72
-109
-134
-138
-141
-147
-162
-184
-205
-221
-225
-233
-234
-225
-199
-160
-129
-114
-106
-84
-47
12
78
128
168
189
200
207
222
241
254
257
244
221
191
164
136
103
72
36
6
-23
-61
-100
-137
-163
-172
-180
-186
-186
-187
-195
-206
-206
-189
-152
-112
-93
-85
-79
-64
-29
5
38
67
84
87
100
118
137
153
153
151
146
151
160
162
155
139
123
115
112
115
115
105
91
72
53
44
45
33
24
11
-2
-19
-34
-42
-50
-64
-85
-95
-97
-101
-109
-120
-128
-127
-114
-93
-83
-77
-61
-32
-8
11
34
61
82
104
125
150
166
170
168
161
166
176
174
162
136
105
68
48
32
10
-16
-41
-69
-98
-124
-147
-149
-131
-113
-104
-107
-104
-96
-84
-68
-51
-22
0
14
24
34
48
60
71
79
97
113
124
119
97
73
54
53
67
82
84
67
40
15
1
5
20
39
45
38
22
10
8
11
6
-5
-14
-20
-24
-34
-52
-69
-81
-85
-83
-81
-86
-93
-104
-105
-101
-91
-77
-64
-56
-49
-30
-13
0
-2
-1
16
29
36
22
13
16
22
26
21
17
13
13
13
3
-8
-13
-25
-32
-32
-42
-56
-70
-79
-78
-77
-74
-71
-58
-39
-28
-19
-14
-10
4
18
38
53
52
51
49
57
64
68
65
63
66
60
52
38
26
23
26
16
2
-9
-11
-5
-2
-2
0
5
7
10
9
-3
-16
-28
-41
-36
-29
-30
-38
-58
-71
-71
-61
-50
-59
-68
-61
-46
-30
-16
-5
-5
2
20
39
54
63
62
57
63
77
88
87
65
29
0
-11
-5
2
-4
-25
-52
-62
-57
-56
-54
-51
-54
-56
-63
-64
-56
-45
-33
-40
-40
-25
-2
24
33
30
23
26
41
61
74
79
74
64
60
64
71
77
78
72
64
64
65
56
46
38
40
49
55
54
36
16
4
0
2
6
6
-4
-12
-29
-58
-77
-84
-78
-67
-60
-70
-90
-97
-90
-79
-63
-49
-38
-22
-4
11
18
29
39
56
82
107
118
121
116
102
91
86
88
79
65
42
6
-22
-41
-52
-66
-76
-92
-119
-139
-154
-153
-138
-120
-106
-102
-91
-77
-64
-47
-29
-12
8
31
52
59
55
50
57
74
87
91
83
72
55
45
39
45
51
49
50
38
25
11
10
17
29
39
35
27
24
23
20
21
13
3
3
11
10
-6
-37
-76
-111
-123
-105
-80
-67
-82
-117
-144
-147
-128
-95
-60
-32
-21
-23
-21
-11
14
53
91
114
125
131
138
142
139
132
125
128
127
115
88
43
4
-23
-36
-46
-56
-69
-91
-117
-145
-160
-156
-143
-128
-125
-126
-125
-118
-105
-83
-57
-23
12
28
29
27
34
50
61
63
64
65
65
57
44
30
31
47
67
69
49
23
9
15
33
54
62
57
41
21
7
11
25
37
41
28
3
-22
-43
-59
-72
-79
-81
-84
-93
-106
-119
-128
-129
-125
-112
-91
-67
-52
-47
-48
-47
-29
5
41
67
85
100
113
123
123
126
130
138
145
138
115
84
54
29
13
-2
-17
-31
-47
-74
-110
-141
-157
-156
-144
-131
-125
-130
-132
-127
-111
-88
-60
-36
-18
-8
-1
11
28
37
43
51
57
65
72
75
70
65
64
71
76
79
81
74
65
57
57
64
74
72
61
47
34
30
36
46
45
34
14
-6
-21
-31
-35
-39
-44
-49
-56
-69
-84
-96
-97
-84
-66
-54
-47
-48
-53
-55
-42
-14
22
52
65
67
65
71
89
111
128
132
125
114
101
85
74
67
61
47
22
-9
-33
-51
-65
-78
-95
-108
-111
-109
-118
-129
-132
-125
-112
-96
-82
-65
-47
-40
-44
-47
-35
-12
12
20
11
0
-1
11
27
43
56
63
67
64
59
58
68
75
77
72
63
61
61
55
38
28
29
34
35
23
3
-16
-29
-37
-45
-49
-47
-43
-47
-63
-85
-94
-89
-82
-74
-63
-53
-43
-44
-49
-49
-33
-7
17
36
48
59
68
71
68
66
77
96
108
105
86
63
50
49
51
51
43
27
8
-11
-28
-40
-43
-47
-56
-70
-76
-78
-80
-84
-86
-78
-59
-45
-43
-53
-62
-59
-50
-36
-23
-13
-5
-8
-14
-17
-5
19
46
60
57
51
50
56
67
76
81
82
83
81
71
58
43
33
26
24
22
13
-6
-33
-57
-68
-64
-51
-44
-53
-73
-89
-91
-90
-83
-71
-57
-46
-40
-43
-49
-47
-36
-15
9
29
45
54
53
43
34
37
53
73
83
79
60
36
23
19
26
35
36
27
13
-2
-15
-19
-18
-22
-28
-31
-29
-27
-35
-51
-62
-56
-38
-23
-22
-38
-56
-72
-67
-49
-28
-13
-9
-18
-31
-39
-34
-13
16
35
41
41
39
43
51
61
72
85
96
99
93
80
62
48
41
38
38
38
22
-5
-34
-55
-57
-45
-38
-39
-47
-58
-67
-67
-59
-46
-27
-10
-2
-5
-10
-9
3
23
41
52
59
63
58
51
46
44
48
54
56
54
46
33
19
7
0
0
5
7
0
-10
-19
-24
-22
-19
-16
-9
-8
-8
-10
-13
-13
-12
-11
-10
-10
-12
-15
-23
-35
-43
-44
-36
-26
-22
-24
-30
-33
-26
-13
6
22
34
40
42
43
48
55
62
70
76
82
80
69
51
33
22
18
16
10
-3
-22
-43
-64
-75
-78
-73
-66
-64
-71
-77
-79
-72
-57
-39
-24
-14
-7
0
6
15
24
33
42
49
55
58
53
40
29
26
32
39
35
20
-1
-14
-15
-9
-3
-4
-14
-23
-27
-26
-19
-11
-12
-18
-23
-24
-17
-8
-6
-14
-21
-22
-16
-8
-7
-16
-29
-39
-38
-28
-15
-12
-21
-34
-42
-34
-12
14
26
23
16
15
29
52
69
71
66
60
61
68
73
68
53
36
21
18
20
16
0
-24
-47
-56
-51
-44
-44
-56
-69
-76
-70
-55
-39
-30
-28
-29
-27
-15
3
20
30
30
29
33
44
54
56
47
34
28
31
40
43
34
15
-1
-11
-9
1
5
-1
-19
-33
-38
-30
-18
-13
-19
-28
-32
-25
-14
-5
-4
-10
-15
-12
-3
4
2
-8
-20
-27
-20
-5
6
3
-12
-31
-39
-27
-3
15
17
6
-9
-12
2
20
33
38
33
29
32
40
46
45
37
27
23
27
31
28
14
-6
-18
-16
-5
5
0
-18
-39
-48
-43
-25
-8
-5
-15
-31
-39
-32
-11
11
20
17
10
9
18
27
31
25
20
21
27
34
34
23
9
-2
-4
6
19
23
12
-9
-27
-28
-13
7
12
3
-13
-25
-23
-10
6
16
16
7
0
0
5
11
12
7
4
7
15
14
4
-12
-23
-20
-6
8
9
-3
-22
-34
-34
-20
-1
9
9
-3
-11
-11
-2
10
19
22
22
25
25
22
17
12
16
24
32
32
22
7
-11
-20
-16
-4
8
7
-8
-27
-41
-40
-29
-17
-10
-11
-15
-18
-21
-21
-20
-15
-6
5
13
16
10
0
-11
-10
2
18
28
24
7
-11
-20
-14
-1
10
12
4
-8
-18
-18
-12
-4
2
3
3
2
2
2
1
0
1
6
15
21
17
6
-7
-15
-12
-1
8
9
-2
-18
-28
-29
-24
-18
-14
-14
-18
-22
-23
-22
-16
-11
-5
1
9
14
16
12
8
12
23
36
40
35
23
10
7
10
15
19
17
7
-6
-17
-22
-19
-16
-15
-18
-20
-19
-20
-23
-28
-30
-25
-12
-1
2
-4
-11
-15
-12
-3
8
16
17
11
-1
-9
-5
5
15
17
12
5
-2
-4
-3
-1
4
7
10
8
4
0
-1
1
5
11
16
23
20
11
2
-2
5
17
24
19
8
-3
-10
-12
-10
-7
-5
-7
-15
-24
-31
-29
-21
-15
-13
-15
-16
-14
-9
-3
3
8
13
19
19
18
19
19
23
24
26
26
24
18
9
4
4
8
8
6
-3
-11
-17
-17
-13
-11
-12
-13
-14
-19
-19
-19
-16
-8
-1
2
-1
-2
-4
-2
4
12
17
21
23
19
14
9
8
14
19
23
19
11
2
-2
-3
-1
0
2
2
-2
-5
-6
-6
-1
2
3
5
8
11
11
8
5
6
10
14
11
5
1
-1
0
0
0
-1
-3
-7
-12
-17
-15
-7
3
6
3
-1
-4
0
6
10
14
16
19
19
15
11
10
10
10
11
11
13
10
2
-10
-18
-20
-16
-9
-9
-14
-22
-29
-33
-34
-29
-19
-12
-9
-13
-19
-21
-16
-5
4
10
14
18
17
15
12
10
14
20
24
22
16
8
0
-8
-12
-12
-9
-7
-10
-20
-32
-35
-34
-27
-20
-15
-15
-16
-18
-18
-13
-4
5
10
9
6
5
8
14
18
19
19
16
14
11
7
6
7
11
12
13
11
6
1
-1
-1
6
14
17
13
4
-4
-7
-4
4
9
10
7
-2
-10
-15
-15
-14
-10
-10
-10
-14
-19
-23
-28
-30
-29
-23
-15
-10
-11
-16
-19
-19
-12
0
10
17
18
18
17
16
18
22
26
27
25
20
15
10
6
-2
-8
-12
-16
-16
-18
-25
-34
-41
-43
-38
-32
-26
-24
-25
-26
-23
-17
-7
2
5
6
8
12
19
24
27
27
24
23
24
27
28
27
24
21
20
19
17
16
11
6
3
4
7
8
4
-3
-12
-16
-14
-7
-3
-4
-9
-17
-26
-28
-24
-21
-15
-13
-15
-18
-19
-18
-16
-11
-6
1
10
16
19
18
16
16
21
31
40
46
46
41
33
27
25
30
34
33
26
15
4
-3
-8
-13
-20
-23
-26
-31
-35
-39
-44
-47
-47
-45
-41
-34
-30
-28
-28
-25
-21
-12
-3
2
5
9
13
18
23
25
27
29
29
30
31
33
33
33
32
29
29
28
26
22
18
16
16
14
9
1
-7
-14
-18
-21
-21
-24
-28
-35
-43
-48
-49
-47
-44
-42
-40
-37
-33
-29
-25
-22
-16
-4
9
21
30
36
38
39
41
47
57
66
69
67
58
51
43
40
37
32
28
22
14
4
-9
-20
-28
-33
-36
-37
-37
-39
-46
-51
-56
-56
-49
-38
-31
-28
-26
-25
-25
-21
-15
-7
0
8
12
13
13
16
17
20
23
27
32
33
32
31
30
31
33
37
37
36
34
33
29
27
23
21
17
10
2
-7
-14
-22
-27
-33
-41
-48
-54
-60
-64
-66
-65
-61
-56
-54
-52
-50
-45
-34
-22
-9
1
11
18
23
28
36
44
53
57
60
58
56
52
45
38
33
29
27
20
11
1
-9
-18
-26
-31
-33
-34
-35
-39
-46
-48
-49
-45
-38
-35
-32
-28
-23
-18
-15
-13
-13
-10
-7
-1
3
8
10
9
5
2
5
12
20
23
24
24
24
24
29
30
35
37
40
41
40
39
36
31
24
16
13
12
8
0
-13
-27
-36
-40
-41
-42
-45
-49
-53
-54
-52
-46
-36
-31
-27
-23
-14
-3
10
20
26
31
36
44
52
57
61
65
63
60
57
53
50
45
36
27
19
16
11
3
-10
-24
-32
-33
-29
-28
-28
-33
-39
-45
-44
-36
-26
-19
-15
-16
-14
-10
-4
-1
0
2
7
13
18
19
17
15
14
16
21
27
33
35
34
28
25
29
34
37
35
31
28
24
23
19
13
4
-4
-10
-12
-16
-18
-25
-37
-48
-53
-51
-45
-42
-44
-48
-48
-42
-34
-26
-20
-14
-5
4
12
22
29
33
35
37
43
51
57
57
50
41
34
33
33
30
21
8
-3
-13
-19
-19
-22
-29
-41
-51
-56
-52
-45
-40
-42
-47
-49
-44
-35
-29
-24
-21
-17
-11
-6
0
3
4
4
6
13
22
29
30
23
16
15
22
33
40
41
36
28
23
25
27
32
32
26
18
10
8
7
2
-7
-18
-26
-27
-26
-28
-36
-47
-55
-55
-49
-43
-38
-36
-39
-39
-35
-24
-11
-1
3
6
11
20
34
42
46
46
46
49
54
57
58
53
44
34
28
26
26
21
10
-5
-16
-22
-22
-23
-29
-37
-45
-50
-51
-50
-48
-48
-49
-49
-46
-41
-35
-30
-29
-28
-23
-14
-4
3
4
2
3
8
16
25
31
34
31
27
26
30
37
42
41
35
30
27
24
22
19
13
10
7
4
-4
-13
-25
-33
-38
-38
-36
-37
-40
-52
-59
-62
-58
-49
-43
-38
-38
-38
-34
-27
-17
-6
4
13
19
25
31
38
44
49
54
59
64
67
66
61
55
49
47
47
43
37
26
13
2
-4
-7
-12
-19
-28
-37
-44
-46
-47
-48
-49
-51
-51
-48
-43
-36
-33
-29
-22
-15
-8
1
8
13
16
22
28
34
41
45
45
45
42
44
45
46
44
39
34
28
25
21
15
9
1
-3
-8
-12
-15
-22
-28
-36
-41
-43
-40
-41
-43
-48
-51
-51
-48
-44
-40
-35
-30
-27
-23
-19
-14
-7
-1
6
15
25
33
37
38
39
42
47
54
58
58
55
49
43
37
33
30
27
20
10
-2
-11
-18
-26
-33
-40
-43
-46
-49
-54
-58
-60
-57
-53
-49
-44
-39
-33
-29
-23
-17
-6
4
13
19
22
27
34
40
43
46
48
48
47
45
43
40
36
33
29
22
18
14
7
1
-5
-8
-12
-15
-18
-25
-29
-31
-33
-35
-34
-34
-35
-34
-35
-34
-31
-28
-25
-23
-20
-15
-12
-9
-6
-2
5
12
17
21
24
28
32
34
36
39
43
43
43
40
36
34
30
25
19
13
8
2
-6
-14
-22
-30
-36
-41
-46
-48
-50
-54
-57
-61
-57
-53
-47
-42
-38
-31
-26
-19
-11
-4
5
13
20
27
31
37
42
45
47
47
48
47
46
43
38
31
27
22
18
14
6
-1
-8
-15
-19
-22
-23
-27
-31
-35
-38
-37
-37
-37
-34
-34
-32
-29
-26
-24
-21
-18
-15
-12
-8
-3
2
4
4
7
12
17
23
27
28
27
28
30
32
34
34
33
29
26
24
21
19
15
10
4
-1
-6
-10
-14
-19
-24
-28
-30
-31
-33
-34
-36
-36
-33
-30
-23
-19
-16
-11
-5
1
6
14
22
28
32
37
40
44
48
49
48
45
44
43
40
36
30
24
17
10
5
0
-5
-12
-20
-25
-29
-31
-32
-32
-33
-35
-34
-32
-30
-28
-24
-21
-15
-12
-8
-5
0
4
5
8
13
17
22
23
21
21
22
25
25
27
28
28
26
24
23
23
21
20
18
16
14
10
7
1
-3
-7
-8
-11
-15
-21
-26
-32
-35
-36
-36
-36
-37
-38
-38
-37
-32
-27
-22
-17
-14
-9
-3
4
10
18
23
29
32
36
38
39
39
38
36
34
32
30
23
17
9
2
-3
-8
-12
-17
-25
-31
-36
-39
-40
-38
-38
-37
-36
-34
-32
-28
-23
-19
-15
-10
-6
-1
2
4
7
10
12
14
18
19
20
20
16
16
19
21
21
21
20
19
18
19
20
19
18
17
15
13
11
9
5
1
-3
-6
-9
-11
-16
-21
-27
-30
-32
-34
-33
-34
-35
-34
-33
-30
-24
-17
-12
-8
-2
4
11
18
24
29
35
40
43
45
47
47
46
42
38
34
29
24
16
8
0
-8
-14
-19
-25
-30
-34
-39
-42
-44
-42
-41
-40
-37
-35
-31
-26
-21
-15
-10
-6
1
4
8
12
15
17
18
19
21
21
21
21
21
20
19
18
17
16
16
15
13
12
11
9
10
9
7
5
2
-1
-5
-8
-12
-13
-17
-20
-24
-27
-29
-30
-31
-32
-31
-31
-29
-26
-24
-18
-12
-6
1
6
14
19
27
33
39
43
47
49
51
52
51
49
45
41
35
30
