31
32
33
33
34
36
36
38
39
39
38
38
37
37
36
34
33
32
29
26
23
20
18
16
13
12
10
9
8
7
6
4
2
-1
-4
-7
-8
-10
-12
-14
-16
-18
-19
-22
-23
-25
-26
-27
-29
-30
-32
-32
-31
-29
-29
-27
-27
-26
-25
-23
-22
-22
-20
-21
-22
-21
-20
-19
-18
-17
-16
-14
-13
-10
-7
-5
-3
-1
-1
0
1
3
6
7
9
9
11
11
12
13
13
13
14
13
12
14
14
15
16
17
16
16
15
14
16
17
16
16
14
13
13
12
13
12
11
9
8
7
6
5
5
3
1
0
-2
-2
-3
-2
-2
-2
-1
-2
-1
0
-3
-4
-6
-7
-9
-10
-10
-11
-11
-12
-12
-13
-13
-14
-14
-14
-14
-13
-13
-13
-10
-11
-9
-8
-8
-7
-9
-10
-9
-8
-8
-8
-9
-11
-11
-11
-10
-8
-9
-8
-7
-6
-5
-2
-1
1
1
3
2
1
2
4
4
4
3
4
4
4
4
4
4
5
5
5
5
7
7
10
11
12
12
13
14
14
16
15
15
13
11
10
10
9
10
12
11
10
9
8
8
8
7
6
6
4
4
3
4
4
3
2
0
-2
-3
-4
-6
-6
-8
-9
-9
-11
-12
-12
-12
-13
-13
-13
-13
-14
-13
-12
-12
-11
-12
-12
-12
-12
-12
-13
-13
-12
-12
-12
-11
-11
-10
-9
-8
-8
-7
-5
-4
-2
1
2
3
5
6
7
7
9
7
7
6
6
7
8
9
10
10
11
10
11
12
12
12
14
14
15
16
16
16
16
15
14
12
11
9
8
7
5
4
3
0
-3
-5
-5
-7
-8
-8
-8
-8
-9
-9
-11
-13
-16
-18
-20
-22
-23
-23
-25
-27
-29
-30
-31
-31
-30
-29
-28
-27
-26
-25
-25
-23
-23
-20
-19
-17
-15
-13
-10
-8
-7
-4
-4
-2
0
3
6
9
11
15
17
20
23
25
28
30
33
37
40
43
45
48
50
49
50
49
47
47
46
45
45
45
44
43
40
39
37
36
33
32
29
28
27
24
22
18
15
10
5
1
-3
-6
-10
-15
-19
-23
-27
-31
-35
-37
-40
-43
-46
-47
-49
-48
-50
-52
-53
-56
-57
-58
-59
-59
-60
-58
-60
-60
-60
-59
-57
-55
-53
-52
-49
-45
-42
-38
-34
-29
-24
-19
-16
-11
-7
-1
3
8
11
13
16
20
23
26
31
35
38
41
45
48
51
55
57
59
61
62
63
65
66
68
67
65
63
62
60
58
56
54
51
48
45
42
40
37
32
28
24
21
18
13
11
9
4
0
-3
-8
-13
-19
-22
-27
-30
-33
-38
-42
-44
-45
-49
-51
-53
-55
-56
-58
-59
-56
-57
-57
-55
-54
-54
-53
-54
-53
-52
-50
-48
-45
-42
-39
-36
-34
-30
-27
-23
-19
-14
-9
-6
-2
2
7
11
14
17
22
23
28
31
32
35
36
38
41
42
43
44
46
46
46
48
48
48
48
49
47
47
45
42
41
39
37
35
33
30
27
23
22
18
17
14
12
9
7
5
2
-2
-3
-7
-10
-12
-14
-16
-19
-20
-22
-23
-26
-27
-30
-32
-33
-34
-35
-36
-35
-35
-34
-35
-34
-34
-33
-32
-31
-31
-30
-28
-26
-26
-25
-23
-23
-21
-21
-19
-17
-14
-12
-9
-8
-6
-4
-3
0
2
3
5
7
9
11
11
14
15
16
17
17
17
18
18
19
19
20
20
21
22
21
22
21
22
23
23
22
22
21
21
19
18
16
16
16
14
13
12
11
10
10
7
7
5
4
3
2
3
2
1
0
0
-1
-2
-3
-5
-7
-8
-10
-10
-10
-9
-9
-9
-10
-10
-10
-10
-9
-10
-9
-9
-7
-6
-5
-6
-6
-6
-5
-6
-7
-7
-6
-6
-4
-3
-3
-2
-2
-2
-2
0
-1
0
1
1
3
4
3
4
4
5
3
3
3
4
5
5
6
7
8
8
9
8
10
10
11
11
11
12
11
11
10
10
11
11
10
10
9
8
7
6
5
4
2
1
1
-2
-1
-3
-2
-3
-5
-6
-7
-10
-10
-13
-13
-14
-15
-17
-19
-19
-21
-22
-24
-24
-25
-27
-27
-27
-27
-26
-25
-25
-25
-25
-23
-24
-24
-23
-23
-22
-21
-21
-20
-18
-17
-15
-13
-11
-10
-9
-6
-3
-1
1
4
7
9
11
13
15
17
20
21
23
23
25
28
30
30
31
32
32
35
37
38
39
39
40
39
41
40
41
40
39
38
37
35
34
30
27
25
22
19
16
13
11
8
6
3
0
-3
-6
-10
-13
-15
-17
-20
-24
-26
-30
-33
-36
-38
-41
-45
-47
-48
-50
-51
-51
-53
-53
-53
-55
-54
-53
-53
-52
-51
-48
-47
-45
-42
-41
-39
-38
-35
-33
-29
-26
-22
-20
-16
-12
-7
-3
2
6
9
13
17
22
26
30
33
36
40
44
44
47
50
51
51
53
56
56
56
56
58
58
58
58
56
56
56
54
53
50
49
46
42
40
36
33
29
25
21
18
14
10
5
2
-3
-6
-9
-12
-16
-20
-24
-27
-30
-33
-36
-41
-44
-46
-50
-52
-54
-56
-58
-59
-59
-58
-60
-60
-59
-57
-57
-55
-52
-51
-48
-46
-43
-39
-37
-33
-32
-28
-24
-20
-17
-14
-11
-8
-3
0
4
8
11
15
17
22
26
29
33
36
39
40
42
45
47
48
48
49
50
51
50
51
52
51
50
48
47
46
45
44
42
40
38
35
32
30
27
27
24
20
18
15
11
9
5
2
-2
-5
-8
-10
-13
-16
-19
-22
-24
-26
-29
-30
-32
-35
-35
-38
-39
-39
-41
-41
-41
-43
-42
-43
-43
-43
-42
-42
-42
-40
-38
-38
-35
-34
-33
-30
-28
-27
-25
-22
-21
-19
-16
-15
-12
-10
-7
-5
-1
-1
2
5
7
8
11
14
16
19
20
20
23
24
25
27
29
29
31
31
32
33
33
34
34
33
33
34
34
34
33
32
32
30
29
27
27
26
24
22
22
20
17
16
13
11
9
7
5
2
-1
-3
-5
-6
-8
-11
-11
-13
-15
-18
-20
-22
-22
-25
-26
-27
-28
-29
-29
-30
-30
-32
-33
-33
-34
-35
-34
-34
-33
-31
-31
-30
-28
-27
-25
-24
-22
-19
-18
-17
-15
-12
-10
-8
-6
-5
-3
0
3
4
8
9
11
13
16
19
19
23
24
26
27
29
31
32
33
33
33
35
36
36
38
37
38
38
38
37
36
35
35
33
31
30
29
26
25
22
22
19
16
13
10
7
4
0
-4
-8
-11
-13
-16
-17
-19
-22
-25
-26
-29
-31
-34
-37
-39
-41
-43
-45
-47
-48
-49
-49
-50
-50
-49
-48
-47
-46
-45
-44
-41
-39
-36
-34
-32
-29
-27
-24
-20
-17
-12
-9
-5
-3
2
5
9
12
17
19
22
26
29
33
35
39
41
45
47
50
52
55
57
58
59
59
60
59
59
60
58
58
56
55
51
50
49
46
43
41
36
32
28
24
21
17
13
9
6
1
-1
-6
-9
-13
-17
-20
-26
-29
-34
-36
-38
-42
-45
-49
-51
-53
-55
-58
-59
-59
-60
-62
-61
-61
-60
-59
-57
-57
-55
-53
-52
-49
-47
-44
-41
-38
-35
-31
-27
-25
-21
-17
-14
-9
-5
-1
3
6
10
15
17
21
24
28
30
34
35
40
40
42
44
47
47
49
49
50
51
51
51
50
50
49
47
45
44
40
38
36
32
31
29
25
22
20
14
12
7
4
2
-2
-4
-8
-11
-13
-16
-19
-22
-23
-27
-28
-31
-32
-33
-36
-37
-37
-39
-41
-41
-42
-42
-41
-41
-39
-38
-37
-35
-32
-31
-31
-27
-25
-23
-21
-18
-16
-14
-10
-6
-5
-1
0
3
5
7
9
11
14
15
17
18
19
21
22
23
25
26
28
29
30
30
30
29
27
26
26
25
24
23
21
21
19
19
15
14
13
10
9
9
7
7
5
3
2
1
-1
-3
-5
-7
-8
-8
-9
-10
-12
-13
-14
-14
-15
-15
-15
-14
-15
-16
-15
-14
-14
-13
-13
-14
-15
-13
-12
-12
-11
-10
-9
-10
-9
-8
-7
-6
-6
-5
-5
-2
-2
0
0
0
1
1
1
2
3
4
4
4
3
4
4
4
6
6
5
5
5
4
4
5
5
5
4
4
4
4
4
3
3
4
3
3
2
4
2
2
2
2
2
2
2
3
3
4
3
4
3
5
3
2
2
2
2
3
3
2
2
2
1
3
2
2
2
2
3
2
3
2
1
0
-1
-1
-1
-1
-2
-3
-2
-4
-3
-5
-5
-6
-7
-6
-5
-3
-2
-3
-3
-3
-3
-4
-4
-4
-4
-3
-3
-2
-2
-1
-1
-1
-2
-2
-1
-2
-1
1
1
1
2
2
3
2
2
3
3
4
3
4
5
4
4
4
4
4
4
4
3
3
3
4
3
3
3
3
4
3
3
3
3
3
2
2
1
-1
-2
-2
-1
-2
-1
-1
-1
-2
-4
-3
-2
-4
-6
-8
-9
-8
-9
-9
-9
-10
-10
-12
-12
-13
-14
-14
-14
-14
-13
-14
-13
-13
-13
-12
-11
-11
-9
-8
-7
-6
-6
-4
-3
-3
-1
-1
0
0
1
2
2
4
6
7
9
10
11
13
14
14
15
16
16
17
17
17
18
17
17
18
18
18
20
19
20
19
17
17
16
14
13
13
12
11
11
10
10
10
8
7
5
4
3
1
0
-2
-2
-4
-3
-5
-7
-8
-10
-12
-12
-13
-14
-15
-16
-17
-17
-18
-19
-20
-19
-20
-19
-18
-19
-18
-17
-18
-18
-17
-16
-15
-15
-13
-12
-11
-9
-8
-7
-6
-3
-2
-1
1
2
4
6
8
10
12
13
15
16
16
17
17
18
20
21
21
23
23
22
23
22
24
23
22
22
22
20
20
19
18
17
16
14
13
14
12
10
9
8
5
3
1
0
-1
-4
-6
-8
-10
-11
-13
-15
-16
-16
-18
-21
-21
-22
-23
-23
-24
-26
-26
-27
-28
-27
-27
-27
-27
-26
-26
-25
-24
-22
-21
-20
-19
-18
-15
-14
-12
-11
-10
-8
-7
-6
-3
-1
0
2
3
6
7
9
11
12
14
16
17
19
19
21
23
24
25
26
27
27
27
28
28
28
28
27
27
26
27
25
24
23
22
20
19
16
14
13
10
9
8
5
3
1
-1
-3
-4
-5
-7
-8
-10
-10
-12
-13
-13
-13
-15
-16
-16
-17
-18
-20
-21
-22
-22
-22
-23
-24
-25
-25
-27
-28
-28
-26
-25
-25
-25
-25
-24
-23
-24
-23
-22
-21
-20
-19
-15
-13
-11
-9
-7
-6
-5
-3
-1
1
4
5
5
8
10
10
12
14
15
16
17
18
20
20
20
20
21
21
24
23
23
25
25
25
26
25
25
24
23
22
21
19
19
18
17
17
16
14
15
14
12
11
10
8
6
4
4
3
0
0
-2
-4
-6
-7
-8
-8
-9
-11
-13
-13
-14
-16
-17
-18
-18
-20
-20
-22
-22
-22
-22
-23
-23
-23
-23
-23
-24
-23
-22
-22
-22
-20
-19
-19
-18
-17
-16
-14
-12
-11
-10
-9
-7
-5
-2
0
2
4
6
7
9
11
13
14
15
17
19
21
23
25
26
26
27
28
28
30
31
30
31
30
31
30
30
30
28
27
27
27
26
24
23
20
18
18
17
16
15
14
11
10
8
7
6
4
3
1
-1
-4
-5
-6
-7
-10
-13
-15
-19
-21
-23
-25
-29
-30
-32
-34
-35
-37
-40
-40
-41
-41
-40
-40
-41
-40
-39
-39
-37
-35
-33
-32
-31
-29
-26
-25
-23
-21
-19
-16
-16
-12
-11
-9
-6
-4
-1
-1
1
3
6
8
11
13
15
17
19
21
24
28
29
30
31
33
34
35
37
37
38
39
39
40
40
40
39
38
35
33
33
32
29
28
27
25
23
21
18
16
13
11
9
7
5
3
2
-2
-3
-5
-6
-9
-11
-12
-15
-15
-17
-18
-20
-21
-24
-25
-26
-28
-30
-31
-32
-34
-36
-36
-36
-37
-36
-37
-37
-36
-34
-36
-35
-33
-32
-31
-30
-28
-25
-25
-22
-20
-17
-15
-13
-10
-8
-4
-2
1
3
5
8
10
11
15
16
17
18
20
23
24
25
26
28
29
29
31
31
32
33
32
33
34
33
33
32
33
31
30
29
28
28
25
24
21
20
18
16
15
12
10
8
4
2
-1
-4
-6
-7
-9
-12
-14
-16
-17
-18
-21
-23
-24
-25
-27
-28
-28
-29
-29
-29
-30
-30
-29
-30
-29
-28
-28
-29
-28
-26
-26
-26
-25
-24
-23
-21
-21
-20
-18
-16
-15
-12
-10
-7
-5
-4
-2
-1
2
5
7
9
11
12
14
15
17
19
21
22
24
24
24
26
26
27
27
27
27
27
27
27
27
28
26
26
27
25
25
25
24
22
22
20
20
19
17
17
15
14
12
9
8
7
5
4
1
-1
-2
-4
-6
-8
-10
-11
-13
-15
-17
-19
-21
-23
-24
-25
-26
-25
-27
-27
-27
-27
-27
-27
-27
-27
-27
-27
-28
-26
-26
-25
-24
-22
-22
-21
-19
-17
-15
-14
-12
-10
-7
-5
-5
-3
-2
1
3
4
6
8
9
12
14
16
18
19
20
21
22
24
24
26
27
28
29
29
29
30
30
30
29
30
30
29
29
29
28
26
26
24
22
21
19
18
16
16
13
11
10
7
5
2
0
-1
-4
-6
-9
-9
-12
-12
-15
-17
-19
-19
-21
-22
-22
-24
-25
-25
-26
-27
-27
-28
-28
-29
-29
-28
-28
-28
-25
-26
-24
-22
-21
-20
-19
-18
-16
-14
-11
-9
-9
-7
-4
-3
-1
2
3
5
7
9
11
15
17
18
19
21
21
24
24
25
25
26
27
28
27
26
27
28
28
29
30
30
29
29
28
27
27
26
25
23
22
21
20
17
15
13
12
11
9
7
3
2
0
-1
-2
-3
-4
-6
-6
-7
-7
-7
-10
-12
-11
-13
-14
-15
-17
-19
-22
-23
-26
-26
-28
-29
-31
-32
-32
-33
-33
-36
-36
-36
-35
-33
-33
-32
-30
-29
-27
-27
-25
-23
-21
-19
-18
-16
-15
-13
-12
-10
-9
-7
-6
-3
-1
1
2
4
4
6
9
12
15
18
20
23
24
26
29
33
37
42
46
49
51
52
55
56
60
62
62
64
61
58
55
52
52
51
48
45
41
35
31
26
23
22
21
20
17
13
7
1
-3
-6
-8
-10
-15
-20
-32
-39
-48
-53
-56
-58
-62
-69
-75
-82
-87
-89
-88
-87
-84
-83
-83
-83
-83
-80
-75
-66
-59
-52
-47
-44
-42
-36
-29
-19
-11
-3
2
7
13
20
28
35
43
49
55
59
63
66
71
77
81
85
88
88
89
89
92
92
91
88
84
80
76
73
67
62
54
47
38
28
19
9
0
-6
-14
-21
-30
-40
-49
-56
-58
-60
-61
-61
-63
-66
-69
-70
-70
-66
-62
-58
-55
-54
-55
-56
-54
-52
-46
-41
-36
-32
-32
-30
-29
-23
-17
-9
-1
7
11
14
17
21
28
34
38
41
43
42
40
39
39
36
33
29
23
15
8
1
-2
-5
-10
-16
-24
-31
-35
-35
-33
-30
-26
-24
-26
-27
-27
-26
-19
-8
1
9
11
7
1
-3
2
11
27
38
41
35
21
9
6
16
33
53
67
67
54
36
23
26
47
76
99
105
93
70
47
36
41
60
81
89
76
45
7
-25
-42
-41
-33
-24
-31
-59
-101
-144
-170
-175
-158
-131
-109
-103
-118
-142
-162
-160
-137
-99
-56
-29
-22
-37
-58
-73
-71
-47
-9
29
50
48
29
0
-18
-15
8
50
84
100
92
72
54
48
70
112
157
192
205
195
170
149
147
164
189
207
212
196
167
131
96
78
76
85
90
75
39
-4
-52
-95
-127
-138
-135
-135
-150
-181
-216
-231
-230
-207
-180
-158
-144
-138
-136
-135
-125
-108
-91
-76
-72
-75
-73
-68
-57
-51
-48
-43
-46
-48
-49
-45
-40
-28
-17
-6
7
22
39
63
98
126
150
166
182
191
193
201
215
232
243
236
216
186
165
152
142
134
135
131
97
33
-26
-51
-43
-32
-44
-67
-101
-143
-184
-213
-222
-208
-180
-169
-175
-182
-187
-186
-184
-173
-136
-85
-41
-31
-52
-79
-89
-77
-56
-37
-12
22
47
49
28
8
12
33
68
100
124
131
122
103
100
123
160
197
216
211
198
194
199
200
200
212
226
230
217
179
128
80
58
61
72
71
50
8
-37
-69
-86
-85
-103
-135
-170
-184
-184
-198
-227
-261
-289
-300
-296
-284
-276
-281
-293
-302
-293
-270
-242
-228
-232
-232
-213
-164
-112
-92
-93
-98
-86
-55
-9
45
95
139
160
165
170
183
199
213
241
275
295
299
285
271
268
287
324
364
377
353
315
284
272
276
285
280
264
239
206
167
134
110
99
102
96
67
30
-20
-70
-119
-162
-173
-166
-159
-176
-222
-279
-323
-352
-372
-373
-344
-331
-358
-407
-450
-455
-426
-379
-350
-332
-318
-315
-308
-299
-273
-233
-187
-143
-116
-102
-106
-114
-97
-9
130
234
259
204
133
113
173
274
365
425
428
403
361
339
365
416
466
472
453
438
425
405
351
302
291
322
354
334
263
171
110
91
103
134
155
141
69
-13
-82
-126
-144
-154
-146
-135
-146
-183
-244
-305
-352
-376
-338
-281
-262
-300
-393
-467
-495
-462
-401
-354
-337
-353
-364
-368
-361
-334
-303
-246
-176
-127
-101
-119
-163
-195
-174
-71
101
263
312
232
105
53
105
221
328
401
430
401
317
232
222
278
367
427
415
365
306
253
188
139
150
208
269
274
200
94
12
-24
-11
40
98
119
75
-30
-112
-138
-117
-93
-111
-132
-143
-155
-186
-239
-282
-282
-238
-188
-164
-183
-247
-327
-380
-396
-360
-297
-248
-247
-295
-328
-322
-288
-253
-228
-194
-142
-76
-48
-64
-91
-109
-104
-79
-4
141
311
399
330
182
95
122
244
378
478
527
484
358
221
177
264
407
507
484
365
244
174
132
89
74
122
212
254
186
35
-88
-113
-80
0
91
145
125
-9
-167
-246
-192
-64
11
-6
-92
-165
-211
-259
-300
-304
-242
-156
-124
-170
-252
-326
-376
-385
-357
-308
-258
-232
-276
-372
-433
-426
-367
-302
-265
-251
-245
-252
-261
-273
-243
-182
-140
-140
-158
-109
55
256
361
298
168
112
179
317
430
517
539
489
361
240
245
358
474
472
377
276
224
210
149
68
21
70
187
225
142
-14
-124
-142
-85
43
179
262
222
73
-83
-134
-41
94
186
184
116
23
-79
-169
-219
-183
-84
20
33
-67
-210
-333
-378
-326
-211
-120
-115
-200
-335
-439
-458
-406
-339
-285
-256
-280
-340
-412
-472
-483
-430
-322
-231
-181
-204
-289
-383
-405
-276
-12
312
497
439
213
44
89
284
534
748
866
836
633
396
287
395
585
668
627
501
357
215
100
-7
-73
-26
101
198
136
-39
-210
-288
-222
-53
152
300
322
193
-1
-105
-48
121
286
353
301
195
102
15
-72
-120
-66
49
148
140
-6
-213
-358
-376
-279
-137
-44
-53
-171
-335
-467
-483
-398
-303
-248
-256
-327
-433
-526
-601
-627
-582
-488
-417
-429
-521
-639
-703
-658
-568
-450
-346
-171
135
447
475
156
-78
91
504
801
941
1064
1111
907
516
330
565
949
1070
835
496
188
42
44
32
-111
-226
-120
28
-3
-240
-463
-506
-414
-277
-100
163
310
165
-159
-316
-166
152
439
495
349
199
137
78
-27
-54
50
206
282
212
4
-225
-369
-400
-295
-88
81
86
-77
-321
-493
-422
-206
-41
-29
-95
-193
-332
-462
-554
-577
-534
-465
-472
-570
-703
-869
-983
-1013
-947
-810
-669
-571
-574
-562
-488
-295
81
535
729
530
341
522
943
1215
1270
1326
1411
1317
1002
793
926
1114
1022
726
481
275
100
14
-82
-295
-473
-399
-199
-170
-392
-632
-630
-455
-308
-194
23
203
117
-113
-190
-64
172
419
515
396
255
287
424
417
226
81
152
366
411
231
8
-103
-117
-119
-67
20
126
168
43
-151
-225
-81
104
141
38
-87
-123
-136
-221
-389
-515
-547
-537
-572
-734
-954
-1128
-1201
-1230
-1274
-1245
-1179
-1138
-1176
-1243
-1162
-813
-292
0
39
111
390
587
526
538
838
1324
1525
1384
1195
1201
1207
988
866
982
1098
922
618
312
-59
-305
-298
-150
-204
-422
-569
-557
-569
-801
-959
-738
-307
-131
-202
-195
-164
-213
-209
-7
277
475
604
631
566
468
451
574
762
853
811
813
849
762
556
410
417
511
626
661
563
398
264
172
123
163
275
360
329
141
-93
-248
-292
-305
-356
-447
-552
-661
-809
-1004
-1225
-1364
-1370
-1339
-1365
-1455
-1543
-1608
-1668
-1695
-1618
-1463
-1324
-1209
-937
-463
-79
60
130
347
532
555
699
1176
1746
1841
1467
1128
1198
1405
1352
1232
1244
1194
825
433
236
62
-184
-335
-287
-273
-433
-629
-686
-709
-904
-1014
-708
-169
6
-187
-284
-166
-71
-23
209
526
710
685
596
549
498
519
657
863
871
690
574
640
756
763
693
563
460
428
467
516
497
441
378
320
214
166
238
326
231
-16
-184
-251
-273
-331
-470
-685
-842
-860
-851
-935
-1145
-1358
-1472
-1435
-1375
-1399
-1468
-1591
-1745
-1836
-1740
-1526
-1362
-1266
-1296
-1357
-1193
-537
247
572
397
218
391
675
925
1219
1686
1997
1819
1398
1229
1457
1608
1496
1365
1309
1118
711
387
140
-147
-429
-475
-304
-276
-558
-940
-1099
-1156
-1281
-1195
-671
-120
-93
-405
-570
-478
-277
35
451
798
893
754
612
623
670
724
886
1196
1290
1106
1091
1321
1303
803
394
464
879
1161
1001
626
379
343
217
75
158
412
624
491
48
-504
-647
-384
-223
-360
-589
-686
-723
-815
-1167
-1567
-1612
-1356
-1162
-1266
-1488
-1738
-1921
-2040
-2114
-1998
-1679
-1375
-1400
-1619
-1750
-1594
-1083
-371
178
349
470
663
804
770
736
1081
1869
2546
2467
1886
1557
1543
1447
1258
1288
1398
1269
772
102
-530
-917
-1005
-942
-828
-843
-1076
-1330
-1458
-1582
-1733
-1513
-815
-162
-35
-204
-286
-153
56
234
562
1070
1515
1603
1433
1214
1106
1150
1440
1753
1942
2202
2409
2069
1112
333
246
808
1378
1447
1058
644
242
-364
-796
-571
130
645
582
-39
-922
-1290
-1120
-918
-853
-724
-561
-548
-817
-1447
-2002
-1939
-1397
-935
-814
-951
-1382
-1838
-2163
-2246
-2004
-1453
-944
-926
-1255
-1585
-1635
-1302
-635
55
568
933
1063
1007
766
449
526
1374
2513
2860
2309
1575
1133
963
924
1087
1384
1534
1121
243
-582
-1042
-1199
-1184
-980
-849
-985
-1289
-1559
-1800
-2048
-1966
-1323
-383
186
121
-161
-206
-69
109
500
1176
1875
2217
2059
1653
1310
1309
1649
2226
2723
2786
2363
1627
929
490
482
799
1140
1122
655
-23
-633
-903
-864
-591
-297
-204
-371
-741
-1134
-1393
-1348
-1072
-735
-529
-542
-753
-1052
-1291
-1412
-1266
-890
-544
-508
-858
-1410
-1876
-1971
-1750
-1421
-1218
-1226
-1419
-1661
-1809
-1840
-1571
-877
44
603
612
414
293
270
362
811
1667
2540
2773
2236
1487
1082
1085
1239
1548
1812
1696
1061
214
-443
-855
-1019
-931
-682
-584
-859
-1338
-1648
-1720
-1786
-1675
-1092
-225
306
278
57
-42
91
421
968
1699
2262
2335
1995
1649
1442
1529
2045
2689
2887
2514
1914
1348
895
593
512
667
897
822
254
-460
-925
-1081
-993
-702
-442
-437
-630
-995
-1448
-1708
-1501
-1030
-615
-473
-691
-1037
-1277
-1367
-1336
-1095
-695
-450
-538
-966
-1493
-1827
-1775
-1503
-1257
-1132
-1179
-1402
-1660
-1776
-1674
-1205
-404
343
653
559
324
185
294
647
1204
1970
2602
2629
2054
1464
1246
1310
1544
1860
2029
1772
1052
175
-502
-762
-773
-738
-712
-769
-1086
-1590
-1943
-2073
-2043
-1780
-1166
-454
-114
-215
-475
-507
-236
283
930
1629
2064
2019
1593
1312
1303
1610
2406
3181
3111
2199
1299
924
975
1024
947
892
997
702
-265
-1139
-1256
-891
-632
-589
-723
-1002
-1100
-1179
-1504
-1714
-1359
-712
-204
-193
-755
-1338
-1338
-934
-619
-359
-96
-129
-545
-1194
-1660
-1612
-1123
-753
-866
-1235
-1476
-1522
-1482
-1526
-1555
-1090
-102
704
838
539
158
10
306
923
1642
2371
2753
2395
1651
1130
1042
1294
1738
2023
1776
1086
274
-427
-904
-1081
-1080
-1028
-1045
-1306
-1795
-2230
-2359
-2278
-2065
-1644
-1051
-482
-208
-239
-363
-244
215
960
1750
2339
2508
2360
2084
1987
2444
3240
3589
3158
2449
2055
1993
1910
1617
1230
996
863
474
-93
-457
-601
-732
-1040
-1320
-1486
-1310
-1014
-1182
-1709
-1962
-1714
-1200
-864
-990
-1341
-1470
-1274
-1043
-894
-771
-779
-871
-1067
-1275
-1335
-1193
-1087
-1180
-1407
-1531
-1473
-1294
-1208
-1374
-1396
-843
-6
566
662
394
58
47
492
1111
1739
2312
2437
2012
1504
1301
1328
1452
1655
1764
1502
858
97
-515
-843
-970
-1063
-1147
-1239
-1424
-1787
-2105
-2209
-2158
-1966
-1531
-885
-316
-90
-168
-220
-14
470
1212
2083
2805
3067
2831
2426
2246
2510
3064
3588
3722
3374
2766
2093
1520
1154
1035
1101
1162
879
128
-801
-1436
-1635
-1530
-1358
-1240
-1251
-1423
-1738
-2121
-2327
-2136
-1596
-1040
-781
-906
-1303
-1599
-1644
-1432
-1074
-647
-387
-521
-948
-1387
-1556
-1397
-1124
-938
-820
-784
-913
-1149
-1309
-1234
-812
-100
598
957
925
597
197
118
562
1408
2220
2553
2237
1625
1210
1072
1034
1206
1526
1602
1208
401
-501
-1124
-1308
-1265
-1255
-1228
-1257
-1573
-2069
-2463
-2609
-2403
-1796
-1018
-491
-335
-378
-458
-383
4
664
1496
2234
2606
2494
2233
2382
2996
3538
3565
3241
3052
3048
2880
2404
1852
1558
1501
1310
773
164
-227
-516
-995
-1542
-1881
-1825
-1546
-1512
-1888
-2305
-2345
-2015
-1695
-1597
-1648
-1632
-1465
-1315
-1322
-1314
-1156
-967
-1039
-1292
-1399
-1266
-1153
-1244
-1460
-1523
-1400
-1237
-1191
-1257
-1181
-745
-134
419
734
802
635
421
494
954
1741
2432
2606
2304
2021
1898
1837
1724
1785
2037
2071
1577
669
-187
-700
-911
-982
-1083
-1312
-1641
-2067
-2502
-2816
-2934
-2738
-2260
-1660
-1213
-1079
-1038
-888
-659
-267
385
1314
2233
2715
2688
2471
2676
3418
4076
4176
3838
3564
3581
3533
3079
2475
2137
2094
1842
1280
687
250
-44
-492
-1123
-1625
-1653
-1337
-1285
-1720
-2215
-2341
-2049
-1680
-1643
-1792
-1800
-1639
-1568
-1668
-1669
-1572
-1488
-1564
-1801
-1974
-1932
-1786
-1758
-1919
-2022
-1888
-1694
-1648
-1741
-1630
-1010
-143
465
639
652
718
757
813
1150
1902
2760
3120
2820
2310
2029
1991
1952
1991
2225
2334
1873
899
-190
-904
-1096
-985
-962
-1253
-1731
-2208
-2550
-2749
-2903
-2947
-2648
-2026
-1421
-1161
-1174
-1176
-1021
-634
-9
958
2128
2868
2758
2187
2008
2600
3550
4228
4366
4201
4023
3688
3074
2533
2416
2606
2642
2256
1538
783
228
-231
-716
-1051
-1035
-847
-904
-1455
-2192
-2602
-2479
-2068
-1788
-1760
-1904
-2116
-2331
-2503
-2461
-2180
-1853
-1779
-2014
-2309
-2434
-2373
-2259
-2140
-1975
-1716
-1561
-1532
-1593
-1524
-1133
-406
354
868
1171
1338
1323
1154
1144
1601
2513
3284
3385
2933
2515
2385
2268
2081
2118
2378
2408
1849
773
-243
-788
-882
-907
-1062
-1312
-1646
-2025
-2399
-2758
-3011
-2937
-2465
-1825
-1415
-1361
-1449
-1431
-1178
-770
-109
765
1549
1840
1802
2045
2702
3240
3349
3315
3538
3986
4141
3744
3159
2839
2647
2368
2058
1842
1673
1290
540
-369
-1018
-1114
-971
-1114
-1585
-2023
-2180
-2166
-2252
-2514
-2668
-2483
-2182
-2125
-2281
-2443
-2483
-2452
-2510
-2577
-2511
-2383
-2345
-2481
-2629
-2534
-2180
-1847
-1783
-1856
-1648
-964
-62
635
994
1196
1349
1418
1404
1606
2304
3203
3633
3380
2951
2843
2941
2878
2686
2696
2835
2606
1848
828
20
-328
-409
-590
-982
-1425
-1844
-2240
-2625
-2970
-3173
-3010
-2521
-2089
-1991
-2102
-2136
-2005
-1690
-1154
-354
528
1165
1244
1202
1702
2535
3094
3224
3345
3663
4011
4036
3688
3323
3195
3075
2802
2523
2325
2120
1641
875
76
-397
-387
-332
-704
-1336
-1822
-1926
-1829
-1891
-2174
-2419
-2415
-2317
-2371
-2508
-2579
-2558
-2584
-2803
-3020
-2983
-2781
-2746
-2909
-3026
-2828
-2409
-2138
-2161
-2217
-1847
-928
124
795
1094
1287
1426
1415
1435
1943
3012
3999
4127
3493
2970
3007
3237
3127
2924
3045
3192
2754
1669
438
-345
-545
-514
-680
-1092
-1601
-2151
-2716
-3187
-3515
-3534
-3088
-2434
-2089
-2206
-2486
-2564
-2381
-1986
-1325
-162
1171
1752
1249
525
670
1716
2852
3542
3842
4046
4028
3493
2710
2388
2835
3495
3631
3113
2288
1612
1173
724
267
150
414
584
150
-872
-1845
-2177
-1907
-1524
-1420
-1553
-1799
-2178
-2733
-3238
-3275
-2844
-2401
-2383
-2780
-3198
-3379
-3412
-3443
-3377
-2968
-2295
-1836
-1876
-2174
-2183
-1518
-365
774
1539
1947
1991
1657
1351
1676
2771
4025
4548
4108
3408
3039
2955
2776
2645
2805
3067
2908
2043
744
-356
-938
-1093
-1045
-1024
-1157
-1559
-2208
-2914
-3490
-3589
-3068
-2249
-1650
-1535
-1780
-2047
-2150
-1989
-1483
-563
541
1220
1317
1304
1461
1754
2011
2375
3022
3764
4166
3941
3294
2775
2541
2565
2748
2957
3011
2597
1738
733
29
-21
274
365
6
-618
-1139
-1464
-1720
-1989
-2170
-2078
-1821
-1734
-1969
-2394
-2785
-3035
-3129
-3071
-2878
-2691
-2730
-3072
-3543
-3755
-3455
-2849
-2378
-2230
-2143
-1775
-1078
-342
248
833
1452
1774
1590
1392
1857
2944
3774
3815
3371
3165
3270
3213
2858
2665
2839
2931
2455
1505
557
-65
-394
-696
-1054
-1387
-1634
-1858
-2198
-2709
-3220
-3319
-2845
-2128
-1727
-1764
-1918
-1921
-1823
-1637
-1148
-73
1208
1752
1271
549
554
1425
2454
3066
3316
3500
3493
3030
2349
2055
2427
3068
3279
2824
2071
1518
1221
847
409
290
578
820
474
-463
-1399
-1718
-1401
-973
-895
-1135
-1480
-1867
-2319
-2698
-2704
-2335
-2003
-2096
-2616
-3144
-3376
-3327
-3270
-3231
-2968
-2444
-2062
-2148
-2486
-2527
-1869
-701
483
1297
1711
1623
1096
610
933
2243
3726
4379
3995
3276
2796
2554
2342
2335
2688
3072
2898
1989
708
-310
-806
-941
-940
-906
-941
-1223
-1785
-2508
-3131
-3336
-2898
-2049
-1344
-1191
-1479
-1776
-1903
-1840
-1515
-690
555
1553
1608
910
380
648
1487
2325
2923
3328
3507
3235
2508
1847
1792
2365
2976
3040
2562
1901
1292
759
291
80
253
593
653
148
-701
-1406
-1619
-1423
-1167
-1075
-1116
-1285
-1683
-2254
-2709
-2727
-2425
-2249
-2395
-2698
-2989
-3203
-3391
-3505
-3349
-2863
-2317
-2105
-2188
-2212
-1823
-1034
-92
834
1557
1734
1296
787
994
2117
3425
4034
3837
3408
3116
2851
2543
2544
2902
3168
2846
1990
998
217
-303
-703
-994
-1097
-1076
-1235
-1649
-2255
-2851
-3135
-2846
-2121
-1482
-1222
-1301
-1467
-1638
-1686
-1380
-526
644
1477
1518
1022
714
987
1620
2256
2734
3088
3258
3054
2462
1919
1848
2222
2620
2670
2368
1914
1388
794
292
150
407
732
718
152
-683
-1272
-1357
-1136
-928
-895
-1056
-1374
-1802
-2209
-2442
-2411
-2274
-2308
-2565
-2868
-3080
-3212
-3355
-3427
-3274
-2874
-2433
-2265
-2336
-2335
-1843
-948
60
956
1552
1565
1061
720
1182
2421
3629
4083
3795
3356
2986
2593
2322
2524
3015
3138
2534
1461
440
-204
-583
-889
-1107
-1216
-1311
-1581
-2016
-2526
-2949
-3035
-2632
-1926
-1353
-1138
-1232
-1415
-1621
-1643
-1199
-168
1001
1597
1382
850
724
1196
1863
2384
2768
3067
3121
2749
2138
1774
1849
2149
2317
2231
1994
1677
1218
566
23
-88
247
648
598
-7
-786
-1234
-1196
-939
-771
-768
-928
-1250
-1696
-2071
-2167
-2035
-1981
-2202
-2535
-2723
-2792
-2932
-3164
-3338
-3156
-2635
-2130
-1980
-2051
-1937
-1402
-659
185
1111
1804
1821
1141
674
1242
2656
3809
3951
3513
3146
2842
2451
2185
2399
2888
2888
2147
1039
189
-295
-690
-1093
-1348
-1440
-1463
-1624
-1991
-2517
-3026
-3073
-2542
-1744
-1144
-973
-1050
-1206
-1397
-1411
-891
224
1357
1783
1378
794
827
1418
1976
2283
2503
2790
2921
2565
1868
1370
1451
1830
2058
1976
1734
1424
971
344
-137
-160
283
720
593
-40
-737
-1075
-988
-810
-745
-766
-827
-1018
-1413
-1888
-2164
-2183
-2099
-2221
-2506
-2762
-2948
-3130
-3378
-3490
-3291
-2825
-2364
-2121
-2054
-1820
-1286
-507
478
1410
1713
1226
683
971
2107
3305
3827
3652
3340
2962
2503
2157
2370
2910
3015
2289
1246
458
70
-251
-770
-1244
-1485
-1496
-1576
-1879
-2347
-2831
-3014
-2685
-2005
-1424
-1132
-1089
-1158
-1323
-1341
-927
-35
952
1395
1104
787
1076
1695
2063
2042
2056
2411
2852
2866
2338
1830
1720
1806
1799
1744
1807
1941
1689
907
21
-240
261
818
742
95
-567
-768
-620
-565
-756
-975
-1004
-1009
-1191
-1466
-1673
-1846
-2061
-2415
-2723
-2779
-2702
-2734
-3122
-3525
-3526
-3126
-2661
-2389
-2304
-1952
-1313
-553
208
926
1401
1298
931
1095
2009
3175
3770
3682
3454
3158
2780
2406
2489
2993
3172
2488
1358
455
71
-175
-640
-1154
-1579
-1775
-1954
-2211
-2497
-2889
-3223
-3166
-2651
-1952
-1451
-1261
-1283
-1490
-1586
-1228
-292
1055
2021
2017
1331
715
762
1352
2127
2781
3141
3201
2807
1937
1144
949
1443
2142
2335
1976
1333
747
318
-56
-100
308
861
1060
579
-274
-963
-1155
-859
-451
-171
-137
-484
-1124
-1858
-2325
-2338
-2061
-1765
-1816
-2326
-2950
-3393
-3546
-3497
-3330
-3014
-2571
-2141
-1886
-1720
-1497
-1041
-246
808
1557
1650
1380
1406
2053
2911
3429
3546
3593
3573
3291
2795
2618
2863
2937
2338
1353
601
342
181
-311
-1065
-1681
-1937
-2008
-2127
-2392
-2729
-2947
-2827
-2411
-1941
-1604
-1392
-1271
-1304
-1325
-1025
-146
1092
2002
2034
1346
713
793
1523
2367
2849
2924
2790
2458
1885
1288
1109
1535
2087
2155
1641
966
572
408
213
35
147
602
899
561
-278
-1004
-1164
-836
-420
-236
-316
-617
-1119
-1787
-2340
-2445
-2127
-1817
-1936
-2536
-3256
-3660
-3694
-3564
-3465
-3288
-2899
-2393
-1891
-1546
-1286
-804
-1
768
1136
1227
1578
2286
2972
3241
3171
3232
3452
3500
3259
3109
3255
3308
2745
1756
876
527
474
222
-340
-950
-1387
-1686
-1953
-2231
-2548
-2793
-2722
-2355
-1977
-1808
-1733
-1579
-1430
-1352
-1147
-525
615
1784
2108
1480
660
542
1245
2213
2850
3010
2803
2303
1544
908
852
1424
2112
2167
1435
500
34
149
334
265
169
352
700
691
92
-688
-981
-652
-167
39
-75
-297
-638
-1240
-1963
-2278
-1958
-1484
-1513
-2152
-2953
-3459
-3595
-3578
-3530
-3417
-3075
-2598
-2175
-1860
-1565
-1025
-214
498
753
706
1084
2056
3040
3381
3154
3032
3236
3369
3189
3093
3392
3737
3366
2331
1276
758
659
408
-100
-618
-909
-1073
-1366
-1865
-2440
-2815
-2725
-2273
-1837
-1604
-1509
-1444
-1464
-1601
-1500
-864
285
1433
1846
1452
726
344
593
1288
2065
2633
2778
2369
1457
541
252
741
1580
1991
1593
738
-38
-352
-297
-105
172
482
713
624
125
-474
-800
-689
-296
34
132
-25
-463
-1106
-1800
-2126
-1925
-1527
-1429
-1911
-2631
-3153
-3381
-3478
-3579
-3570
-3261
-2702
-2082
-1729
-1540
-1123
-503
-29
65
226
1036
2279
3113
3143
2814
2793
2952
2949
2902
3208
3768
3840
3001
1797
1044
1002
1069
713
117
-424
-772
-999
-1236
-1604
-2105
-2413
-2209
-1728
-1434
-1454
-1544
-1483
-1440
-1429
-1101
-242
846
1487
1358
863
588
795
1337
1865
2254
2470
2418
1993
1220
593
545
1084
1703
1805
1302
574
-41
-374
-443
-247
227
708
851
439
-286
-757
-750
-426
-77
95
92
-74
-469
-1132
-1799
-1976
-1591
-1215
-1325
-1935
-2633
-3077
-3312
-3484
-3580
-3393
-2944
-2449
-2119
-1945
-1611
-991
-527
-513
-612
-43
1253
2456
2769
2418
2170
2328
2527
2539
2740
3318
3765
3304
2151
1146
904
1183
1291
898
238
-300
-675
-983
-1325
-1647
-1810
-1703
-1407
-1239
-1297
-1420
-1416
-1358
-1347
-1104
-375
691
1494
1554
1059
604
543
913
1549
2149
2519
2508
2031
1212
443
214
576
1224
1583
1355
716
3
-494
-679
-567
-211
251
507
365
-165
-724
-940
-801
-478
-171
-7
-60
-356
-875
-1492
-1887
-1782
-1392
-1132
-1326
-1879
-2521
-3029
-3308
-3316
-3058
-2604
-2160
-1819
-1688
-1553
-1098
-509
-194
-303
-244
551
1849
2773
2833
2360
2042
2023
2111
2380
2989
3618
3508
2494
1288
668
849
1237
1216
796
225
-269
-665
-961
-1219
-1505
-1624
-1349
-904
-715
-848
-1109
-1250
-1355
-1307
-776
247
1248
1497
1030
466
378
773
1338
1848
2197
2278
1970
1385
750
449
609
1011
1287
1196
791
283
-150
-409
-464
-338
-75
134
98
-259
-757
-1014
-916
-668
-493
-491
-588
-768
-1006
-1325
-1618
-1685
-1518
-1388
-1568
-1956
-2282
-2418
-2557
-2784
-2979
-2812
-2286
-1647
-1289
-1253
-947
-250
258
87
-340
-37
1142
2355
2754
2471
2227
2166
1917
1584
1766
2582
3255
2854
1683
598
213
388
501
431
268
66
-257
-725
-1191
-1565
-1675
-1357
-827
-560
-608
-742
-762
-823
-1044
-989
-292
993
2127
2219
1263
241
38
679
1572
2234
2529
2398
1805
751
-169
-223
590
1521
1709
959
-4
-552
-623
-607
-628
-373
151
514
291
-506
-1249
-1380
-956
-435
-204
-240
-441
-877
-1564
-2196
-2297
-1767
-1206
-1208
-1736
-2329
-2579
-2659
-2752
-2830
-2636
-2028
-1185
-622
-479
-370
-18
241
166
198
862
1987
2871
2951
2501
2173
2048
1925
1805
2081
2641
2795
2101
981
158
-16
146
161
-34
-286
-429
-589
-842
-1201
-1601
-1741
-1359
-642
-165
-265
-646
-888
-895
-710
-184
822
1898
2163
1382
335
71
742
1613
2044
2021
1884
1679
1178
365
-168
46
811
1364
1214
521
-173
-547
-699
-716
-454
123
678
648
-150
-1189
-1688
-1328
-573
-158
-292
-736
-1280
-1840
-2348
-2558
-2336
-1876
-1671
-2001
-2539
-2821
-2788
-2754
-2853
-2793
-2227
-1213
-362
-88
-31
229
532
557
662
1385
2604
3512
3505
2969
2582
2445
2239
2041
2250
2699
2706
1834
622
-230
-437
-358
-428
-626
-801
-929
-1173
-1472
-1741
-1982
-1994
-1507
-669
-75
-30
-368
-701
-929
-897
-210
1146
2504
2849
1961
713
182
678
1598
2372
2719
2643
2110
1189
250
-107
360
1111
1470
1184
605
183
-80
-352
-588
-487
87
728
825
147
-869
-1507
-1464
-1005
-492
-231
-364
-1078
-2218
-3138
-3290
-2680
-1978
-1871
-2425
-3125
-3455
-3386
-3284
-3201
-2870
-2064
-1051
-415
-123
156
416
473
444
990
2283
3663
4247
3853
3143
2679
2487
2529
2937
3489
3568
2639
1158
-60
-537
-439
-355
-478
-783
-1219
-1693
-2036
-2204
-2383
-2574
-2466
-1855
-1058
-491
-386
-608
-950
-1224
-914
332
2054
2962
2423
1220
524
823
1652
2421
2857
2970
2615
1665
554
-41
251
1023
1516
1323
705
229
-40
-326
-604
-477
206
1038
1306
690
-373
-1141
-1249
-942
-575
-252
-58
-409
-1524
-2883
-3631
-3423
-2727
-2273
-2357
-2810
-3357
-3883
-4323
-4418
-3818
-2509
-1092
-345
-218
-265
-276
-238
19
1038
2626
4064
4631
4334
3799
3336
2916
2725
3176
4123
4691
4073
2501
782
-331
-612
-467
-205
-121
-449
-1224
-2232
-2995
-3342
-3263
-2767
-2042
-1477
-1342
-1490
-1670
-1777
-1815
-1378
-166
1456
2490
2247
1225
428
475
1184
2111
2925
3420
3340
2469
1056
-139
-251
645
1706
2091
1555
660
-154
-658
-798
-491
307
1185
1551
1032
-65
-961
-1147
-766
-270
147
304
-74
-1074
-2298
-3161
-3336
-2905
-2445
-2340
-2607
-3066
-3657
-4298
-4621
-4255
-3081
-1640
-586
-170
-307
-788
-1191
-804
707
2693
4073
4364
4032
3625
3256
2947
3090
3880
4796
4923
3953
2561
1426
830
495
282
274
240
-94
-850
-1706
-2454
-3009
-3183
-2842
-2185
-1711
-1634
-1906
-2289
-2687
-2828
-2160
-536
1233
1837
1092
1
-334
235
1191
2084
2706
3026
2798
1936
909
383
671
1370
1815
1701
1289
922
545
-29
-553
-535
210
1226
1661
1146
69
-833
-1131
-910
-332
375
735
267
-1006
-2346
-2976
-2713
-2166
-1950
-2237
-2774
-3248
-3617
-3821
-3877
-3468
-2621
-1684
-910
-535
-691
-1245
-1545
-891
620
2204
3182
3490
3402
2995
2357
2146
2930
4258
5030
4508
3305
2214
1593
1307
1094
1142
1312
1206
590
-327
-1166
-1797
-2207
-2266
-1915
-1430
-1136
-1292
-1859
-2652
-3306
-3167
-1938
-177
936
711
-326
-1128
-1138
-506
402
1375
2178
2429
1909
884
41
-4
661
1420
1720
1596
1374
1023
445
-176
-350
160
1049
1630
1461
709
-103
-626
-849
-709
-132
495
508
-373
-1660
-2544
-2677
-2333
-1995
-1932
-2106
-2494
-3117
-3776
-4105
-3668
-2579
-1446
-690
-459
-787
-1499
-2030
-1588
-121
1645
2782
2966
2582
1987
1436
1309
2055
3426
4470
4362
3361
2210
1412
1064
1026
1342
1839
2091
1776
991
127
-609
-1090
-1115
-651
-36
287
40
-718
-1703
-2504
-2577
-1633
-135
777
347
-791
-1541
-1498
-1035
-509
99
738
1080
770
-31
-672
-604
41
711
1012
1030
1064
968
456
-229
-348
436
1573
2182
1840
884
107
-103
-16
144
428
722
565
-365
-1601
-2293
-2188
-1826
-1882
-2315
-2627
-2643
-2720
-3121
-3611
-3521
-2644
-1459
-533
-200
-493
-1257
-1888
-1580
-270
1369
2464
2711
2368
1642
880
660
1423
2790
3698
3448
2478
1526
943
639
506
804
1374
1704
1474
885
340
-75
-323
-251
222
862
1302
1248
595
-431
-1326
-1393
-358
1110
1740
960
-387
-1320
-1521
-1256
-736
-53
500
474
-323
-1400
-2014
-1883
-1285
-644
-211
69
247
100
-408
-849
-676
185
1244
1905
1788
1117
462
210
303
649
1139
1482
1179
81
-1165
-1815
-1680
-1281
-1203
-1543
-2035
-2481
-2854
-3158
-3174
-2646
-1729
-857
-351
-325
-780
-1476
-1726
-1030
339
1643
2251
2225
1761
1022
348
381
1360
2614
3127
2558
1523
649
200
34
77
464
921
1102
828
306
-200
-568
-589
-187
479
1127
1578
1671
1271
443
-228
64
1220
2284
2325
1520
624
37
-244
-306
-61
397
560
90
-825
-1638
-2017
-2021
-1914
-1839
-1717
-1442
-1222
-1381
-1752
-1891
-1466
-610
240
690
609
309
100
88
265
674
1170
1357
897
32
-659
-884
-767
-646
-706
-995
-1426
-1859
-2230
-2420
-2134
-1387
-538
87
249
-137
-873
-1313
-912
192
1361
2096
2282
2087
1483
642
226
753
1833
2509
2229
1407
654
154
-205
-485
-378
59
414
392
77
-297
-686
-944
-863
-397
281
953
1361
1294
823
404
645
1519
2405
2738
2453
1949
1479
1124
913
951
1204
1330
994
275
-505
-1055
-1388
-1683
-1951
-1988
-1809
-1721
-1992
-2449
-2687
-2485
-1947
-1429
-1106
-980
-936
-894
-849
-671
-254
210
342
38
-393
-567
-575
-620
-683
-652
-584
-681
-1019
-1440
-1714
-1428
-650
213
881
1209
991
225
-494
-420
526
1733
2563
2719
2322
1558
744
425
909
1764
2224
1896
1094
252
-360
-708
-889
-798
-494
-194
-159
-426
-839
-1242
-1414
-1105
-357
455
1001
1091
779
378
342
864
1667
2322
2564
2410
2122
1817
1555
1468
1631
1853
1860
1570
1087
521
-67
-559
-883
-982
-932
-966
-1233
-1688
-2128
-2313
-2198
-1900
-1633
-1566
-1720
-1982
-2124
-1976
-1611
-1233
-1097
-1284
-1637
-1892
-1888
-1716
-1532
-1361
-1233
-1202
-1272
-1381
-1443
-1308
-775
56
892
1528
1798
1516
849
436
802
1847
2917
3442
3247
2576
1725
1097
1079
1680
2323
2325
1604
611
-182
-560
-688
-822
-925
-946
-909
-906
-971
-1162
-1513
-1723
-1430
-659
242
1007
1380
1221
759
468
737
1479
2248
2579
2437
2116
1750
1401
1222
1305
1532
1735
1709
1358
743
121
-359
-595
-478
-128
118
21
-434
-1045
-1530
-1658
-1397
-997
-756
-949
-1525
-2120
-2436
-2463
-2323
-2188
-2217
-2390
-2675
-2972
-3231
-3311
-3139
-2834
-2514
-2243
-2022
-1919
-1780
-1369
-622
438
1443
1891
1630
1082
958
1562
2650
3593
3996
3826
3228
2419
1899
2084
2678
2986
2512
1561
577
-119
-493
-733
-902
-989
-1004
-1019
-1085
-1250
-1556
-1903
-1940
-1420
-395
665
1249
1176
688
218
162
702
1686
2602
2855
2421
1645
1025
864
1133
1554
1830
1795
1433
838
208
-219
-310
-100
210
354
294
65
-270
-574
-702
-534
-233
-21
-57
-422
-981
-1494
-1761
-1863
-1918
-2019
-2239
-2628
-3067
-3387
-3527
-3585
-3585
-3467
-3237
-2998
-2877
-2899
-2711
-2075
-1053
-9
671
849
674
659
1077
1923
2871
3578
3817
3631
3201
2727
2529
2783
3178
3224
2747
1931
1067
417
-4
-307
-421
-359
-328
-507
-807
-1047
-1215
-1244
-1065
-699
-127
463
726
494
-20
-352
-176
454
1138
1514
1464
1091
521
101
160
660
1248
1510
1275
699
163
-112
-133
39
315
496
453
241
-38
-250
-314
-225
-41
150
312
322
67
-413
-924
-1241
-1295
-1250
-1304
-1566
-2013
-2481
-2851
-3124
-3265
-3253
-3054
-2915
-2905
-2887
-2574
-1931
-1402
-1383
-1456
-874
303
1183
1239
1029
1267
1888
2170
2092
2312
3082
3538
3043
2057
1527
1820
2348
2279
1464
629
428
625
629
272
-139
-182
117
289
187
134
323
469
297
2
58
555
1002
820
150
-328
-270
-8
78
-13
-23
87
130
-94
-453
-540
-240
176
386
310
112
-33
-104
-190
-234
-122
140
353
375
269
201
195
117
-113
-358
-404
-290
-308
-644
-1147
-1554
-1737
-1821
-1850
-1780
-1658
-1623
-1739
-1920
-1990
-1916
-1719
-1596
-1525
-1219
-617
-61
133
38
-20
235
710
1088
1243
1324
1323
1111
855
852
1168
1588
1687
1304
731
522
704
875
833
663
601
739
923
906
739
630
669
794
923
975
907
738
498
306
306
440
439
136
-334
-656
-673
-518
-435
-554
-747
-809
-747
-629
-566
-536
-461
-300
-104
28
70
36
-60
-97
45
315
557
656
574
379
213
128
89
-10
-123
-245
-384
-542
-710
-888
-1124
-1395
-1582
-1557
-1357
-1159
-1157
-1327
-1514
-1547
-1345
-994
-674
-493
-449
-413
-323
-162
20
140
182
131
99
182
368
508
526
408
261
209
291
458
581
678
732
750
798
914
1125
1346
1475
1492
1459
1439
1448
1460
1418
1277
1061
908
839
739
582
390
195
-66
-321
-454
-477
-451
-460
-542
-653
-689
-631
-554
-528
-487
-387
-264
-177
-155
-123
-90
-90
-113
-61
130
415
592
514
251
-32
-132
-76
30
27
-168
-401
-646
-827
-956
-993
-917
-877
-991
-1236
-1380
-1217
-841
-620
-721
-942
-962
-722
-488
-387
-334
-209
-99
-132
-262
-379
-363
-209
-15
87
120
197
287
250
55
4
291
804
1174
1153
872
651
726
1016
1348
1568
1664
1629
1460
1203
963
909
982
1051
977
796
568
302
-3
-355
-614
-641
-421
-214
-253
-555
-912
-1060
-927
-593
-241
57
214
154
-59
-229
-161
111
417
569
538
427
345
300
249
209
217
239
228
133
8
-186
-383
-510
-563
-589
-668
-748
-832
-975
-1174
-1322
-1291
-1060
-780
-654
-698
-844
-982
-1010
-877
-631
-407
-314
-410
-574
-661
-590
-395
-139
94
188
156
101
156
294
442
526
558
621
763
939
1038
1050
992
966
1021
1135
1249
1301
1275
1172
1032
853
731
728
805
808
614
292
-48
-296
-433
-445
-382
-362
-453
-630
-777
-763
-587
-375
-226
-129
-17
89
174
242
308
407
495
576
619
653
703
705
612
397
181
67
82
140
124
6
-167
-361
-591
-801
-927
-969
-979
-989
-1023
-1104
-1230
-1376
-1508
-1569
-1480
-1306
-1153
-1098
-1113
-1157
-1152
-1028
-832
-643
-479
-294
-51
172
264
249
247
354
566
800
992
1069
977
824
776
909
1125
1276
1284
1189
1090
1056
1080
1100
1056
938
799
697
663
648
571
423
224
41
-79
-149
-236
-346
-466
-540
-523
-442
-329
-280
-320
-397
-382
-249
-40
122
177
169
160
219
320
484
664
823
899
844
705
563
519
520
461
300
160
92
22
-196
-564
-862
-947
-863
-809
-922
-1169
-1430
-1650
-1810
-1875
-1809
-1642
-1500
-1460
-1489
-1465
-1357
-1214
-1072
-918
-668
-336
-11
202
291
318
373
521
712
914
1057
1136
1115
983
868
893
1072
1240
1286
1191
1066
995
1009
1054
1013
845
607
461
468
568
606
505
274
2
-165
-143
-31
42
17
-116
-308
-445
-438
-358
-277
-205
-125
-49
7
72
98
79
81
172
340
519
650
714
722
701
698
729
756
772
771
688
504
289
140
29
-105
-299
-550
-779
-940
-1066
-1248
-1493
-1745
-1918
-1977
-1945
-1859
-1807
-1831
-1897
-1904
-1781
-1534
-1263
-1085
-980
-822
-539
-172
131
301
356
384
483
681
913
1058
1068
963
843
799
851
942
998
969
883
782
705
686
698
672
573
484
492
590
674
644
493
321
254
300
404
475
488
404
252
133
106
160
194
181
118
61
49
76
100
85
94
174
339
551
738
789
699
576
555
657
784
855
848
751
550
315
133
31
-54
-223
-455
-697
-876
-1016
-1191
-1428
-1659
-1784
-1823
-1809
-1775
-1722
-1709
-1769
-1845
-1837
-1632
-1278
-961
-842
-838
-788
-626
-414
-198
-7
131
199
235
315
421
511
542
502
425
438
583
766
810
690
514
420
471
601
706
688
635
599
584
589
616
657
639
570
499
463
461
442
353
225
148
196
312
379
329
190
64
38
152
327
482
551
531
485
476
551
676
780
806
778
771
780
767
678
505
312
202
205
180
2
-312
-609
-789
-851
-874
-981
-1178
-1391
-1543
-1595
-1543
-1395
-1263
-1267
-1361
-1408
-1321
-1152
-1004
-886
-781
-654
-518
-431
-388
-340
-253
-182
-159
-107
28
162
197
164
141
160
214
309
433
546
628
664
673
659
663
703
756
786
789
777
748
672
559
469
451
483
462
341
165
58
39
64
106
162
197
157
76
64
173
332
447
470
447
462
520
590
606
591
604
638
645
627
603
568
480
310
103
-52
-107
-131
-200
-358
-601
-853
-1023
-1099
-1140
-1175
-1208
-1247
-1289
-1315
-1255
-1089
-884
-751
-717
-658
-506
-340
-242
-241
-270
-257
-198
-139
-88
-35
-18
-73
-172
-227
-188
-97
-3
56
64
69
109
204
315
403
472
540
630
693
722
742
765
806
860
908
888
809
713
594
451
342
307
305
246
110
-63
-198
-258
-229
-138
-40
39
78
102
139
214
334
469
569
609
633
654
649
617
579
555
528
477
393
265
128
-9
-146
-275
-394
-501
-631
-784
-911
-1012
-1092
-1176
-1225
-1208
-1140
-1079
-1081
-1077
-992
-807
-581
-399
-288
-229
-165
-93
-2
111
232
310
262
116
-16
-53
-7
23
-15
-86
-132
-122
-71
-27
16
90
173
248
331
437
549
610
621
641
721
832
880
831
724
607
552
559
540
451
313
182
74
8
-24
-38
-85
-176
-261
-263
-176
-59
20
49
91
217
409
567
614
575
548
585
666
711
684
573
421
262
139
68
27
-52
-243
-513
-762
-897
-957
-1009
-1093
-1219
-1364
-1482
-1490
-1379
-1210
-1066
-983
-961
-926
-807
-616
-421
-267
-156
-77
-14
39
91
136
133
85
44
53
110
149
105
-33
-147
-132
-14
106
173
211
249
293
336
396
498
630
720
765
783
811
834
818
731
603
524
495
478
412
292
142
-3
-123
-206
-215
-184
-157
-155
-205
-267
-267
-175
-58
41
161
342
552
702
740
699
661
697
793
869
861
755
584
388
210
79
-2
-75
-187
-354
-562
-786
-978
-1100
-1172
-1216
-1228
-1202
-1163
-1161
-1178
-1179
-1123
-992
-803
-604
-438
-332
-318
-360
-364
-273
-117
21
68
37
-12
-54
-79
-80
-62
-62
-55
-5
78
166
233
273
307
364
453
550
640
704
729
729
742
794
861
876
785
609
421
309
275
255
171
-6
-232
-426
-506
-492
-426
-360
-334
-357
-398
-392
-299
-125
77
254
387
503
591
651
689
722
777
861
925
906
801
660
510
350
208
114
79
34
-98
-325
-584
-779
-881
-911
-904
-902
-941
-1010
-1065
-1072
-1027
-938
-822
-724
-645
-582
-525
-467
-411
-360
-315
-249
-170
-105
-65
-46
-24
16
55
55
22
-5
21
111
246
354
418
462
477
493
533
634
779
914
972
928
834
759
719
680
610
523
433
319
167
-24
-217
-373
-475
-524
-546
-548
-530
-524
-558
-579
-534
-394
-184
27
177
248
304
364
453
588
708
784
805
770
699
635
591
540
464
360
224
71
-73
-213
-351
-473
-582
-661
-739
-824
-904
-983
-1044
-1080
-1064
-988
-887
-808
-768
-743
-713
-653
-546
-434
-348
-279
-226
-197
-171
-137
-90
-20
63
144
200
233
247
288
370
472
567
637
682
685
675
670
678
718
761
786
774
721
637
541
464
413
376
308
198
56
-87
-224
-372
-506
-576
-568
-518
-484
-519
-595
-640
-586
-442
-248
-81
32
127
206
301
430
570
691
779
828
836
812
745
659
572
520
496
449
332
153
-48
-231
-362
-449
-514
-567
-636
-744
-868
-954
-993
-978
-916
-827
-753
-724
-745
-801
-814
-744
-603
-445
-319
-253
-233
-220
-186
-131
-40
99
250
369
417
406
390
422
500
600
725
838
902
891
827
761
730
754
782
793
770
717
633
490
314
155
45
-23
-88
-176
-304
-460
-608
-700
-711
-668
-611
-540
-485
-488
-502
-477
-388
-271
-142
-12
92
191
268
328
383
442
519
582
622
642
643
601
520
444
384
343
280
177
35
-139
-312
-433
-478
-495
-524
-606
-722
-836
-887
-842
-738
-631
-587
-602
-657
-695
-678
-606
-495
-394
-318
-260
-201
-147
-93
-48
10
84
171
277
386
459
472
446
428
495
628
767
860
869
827
767
721
690
676
679
684
642
529
366
194
46
-63
-135
-203
-274
-354
-437
-503
-546
-573
-574
-525
-427
-316
-225
-184
-180
-166
-103
9
141
271
371
423
443
460
489
552
631
699
744
740
680
577
473
410
375
332
247
120
-17
-130
-216
-288
-360
-434
-500
-550
-579
-593
-608
-646
-704
-744
-738
-690
-631
-590
-557
-513
-449
-385
-304
-223
-148
-80
-26
28
80
124
176
232
286
310
311
315
356
419
475
514
522
510
489
463
429
390
354
313
265
202
110
-6
-151
-289
-369
-381
-368
-379
-403
-445
-495
-533
-542
-502
-418
-317
-243
-204
-195
-205
-195
-144
-41
91
194
252
258
238
236
299
417
537
620
640
607
539
474
439
429
423
398
341
256
151
33
-64
-121
-142
-158
-173
-207
-264
-341
-436
-527
-585
-581
-538
-483
-457
-448
-444
-423
-375
-282
-169
-85
-39
-14
22
64
110
174
240
289
282
241
219
235
281
324
340
334
305
257
204
176
186
190
162
107
57
21
-25
-98
-165
-182
-151
-97
-64
-82
-135
-190
-201
-156
-77
-15
-16
-68
-133
-178
-183
-154
-87
-13
33
41
33
51
89
138
178
221
284
337
383
387
353
314
300
300
299
296
288
258
187
90
-4
-48
-69
-98
-134
-192
-260
-343
-448
-560
-627
-623
-568
-516
-516
-555
-591
-586
-523
-402
-265
-169
-128
-115
-101
-71
-2
86
161
196
189
165
154
166
175
172
161
162
170
158
107
46
18
10
6
20
39
36
13
-21
-54
-85
-86
-52
-9
21
17
-8
-33
-47
-38
-12
19
33
14
-40
-92
-110
-77
-12
26
17
-11
-28
-1
63
134
193
249
296
327
338
329
344
384
426
436
420
400
364
324
277
220
172
143
117
59
-37
-137
-221
-278
-317
-329
-339
-373
-417
-474
-512
-495
-426
-346
-295
-273
-259
-215
-129
-34
31
65
89
113
139
170
195
212
223
214
192
186
207
204
169
133
105
100
136
188
196
161
96
38
18
24
42
47
43
21
-19
-60
-79
-62
-26
-26
-77
-133
-163
-172
-179
-181
-192
-206
-211
-199
-185
-189
-193
-174
-110
-22
55
102
120
115
119
153
220
312
368
355
290
223
195
203
215
194
144
65
-17
-76
-118
-165
-219
-277
-313
-330
-340
-360
-397
-442
-495
-504
-449
-363
-287
-264
-300
-351
-362
-315
-226
-125
-43
5
15
-6
-32
-50
-35
18
94
167
205
201
171
151
157
183
250
326
354
330
283
229
184
164
163
164
160
138
101
51
-19
-80
-112
-117
-116
-151
-211
-254
-265
-257
-258
-263
-256
-220
-165
-126
-95
-48
29
127
212
279
341
405
460
476
458
446
460
485
460
396
334
289
262
220
170
114
53
-12
-97
-173
-207
-196
-186
-217
-273
-327
-347
-354
-349
-335
-305
-267
-255
-269
-302
-306
-272
-225
-195
-190
-192
-197
-194
-188
-171
-135
-99
-66
-46
-27
13
83
163
222
257
280
307
333
342
343
342
332
306
263
215
177
151
115
52
-17
-79
-131
-183
-244
-306
-358
-392
-414
-434
-442
-428
-397
-365
-340
-302
-234
-132
-13
98
182
233
256
286
340
419
504
550
540
491
447
413
376
331
274
222
169
106
47
-6
-55
-97
-138
-170
-200
-223
-239
-250
-257
-252
-245
-232
-211
-195
-174
-162
-153
-153
-157
-153
-134
-107
-99
-112
-137
-145
-137
-102
-60
-24
23
58
86
116
156
203
259
312
353
385
392
367
314
277
273
290
302
270
195
103
31
3
-6
-2
-16
-75
-165
-261
-330
-361
-370
-356
-347
-331
-293
-246
-194
-146
-94
-13
93
205
293
332
327
303
288
302
342
384
393
354
274
174
108
98
114
125
93
15
-75
-156
-207
-229
-235
-227
-229
-238
-259
-289
-310
-321
-301
-243
-178
-138
-142
-176
-201
-191
-149
-83
-14
25
8
-63
-139
-154
-102
-12
56
74
61
36
34
55
105
171
221
251
238
207
189
175
153
122
117
118
116
90
23
-57
-117
-134
-125
-113
-122
-164
-216
-260
-277
-251
-197
-150
-126
-123
-116
-89
-31
48
131
200
249
293
321
333
336
317
282
248
224
207
196
176
117
40
-22
-52
-47
-46
-60
-106
-160
-193
-215
-220
-223
-235
-238
-239
-218
-180
-137
-121
-136
-155
-162
-127
-60
6
52
64
54
43
59
92
127
151
156
162
197
246
266
250
217
209
227
261
291
300
273
229
183
145
129
116
95
51
9
-27
-49
-54
-65
-99
-137
-169
-185
-193
-191
-190
-191
-182
-184
-179
-158
-118
-77
-58
-44
-11
51
122
184
226
238
240
249
265
282
287
261
211
147
100
62
20
-17
-60
-101
-146
-186
-224
-254
-274
-291
-312
-337
-357
-366
-358
-331
-300
-277
-254
-223
-191
-166
-150
-145
-144
-132
-108
-65
-2
45
59
38
14
16
48
97
150
197
225
224
199
165
158
184
224
238
211
159
98
53
26
8
-6
-13
-29
-63
-104
-134
-148
-156
-158
-161
-155
-151
-164
-192
-226
-233
-202
-151
-108
-79
-73
-75
-68
-46
-3
61
145
229
278
291
285
282
298
319
340
337
323
303
271
229
180
145
113
84
52
8
-38
-80
-126
-173
-197
-191
-185
-186
-201
-222
-218
-202
-171
-141
-123
-109
-114
-112
-96
-62
-21
24
61
66
52
41
51
99
161
209
229
235
242
245
251
253
250
243
226
193
157
134
116
82
35
-4
-31
-49
-74
-103
-123
-132
-144
-165
-189
-224
-264
-301
-316
-321
-308
-295
-300
-307
-299
-275
-238
-196
-155
-122
-86
-23
50
123
181
215
232
240
264
296
332
348
327
296
268
258
258
243
199
129
73
32
11
4
-24
-73
-129
-183
-228
-248
-240
-239
-242
-254
-265
-256
-232
-225
-231
-223
-185
-132
-84
-60
-68
-76
-72
-38
14
71
114
130
136
132
148
190
240
280
285
257
221
182
157
139
129
115
94
66
27
-7
-32
-48
-60
-73
-81
-108
-131
-166
-220
-267
-290
-278
-258
-247
-259
-275
-280
-273
-249
-216
-177
-116
-45
7
35
59
88
140
199
239
264
270
258
246
245
269
297
309
282
228
187
167
156
136
114
72
27
-19
-61
-91
-100
-99
-112
-133
-156
-171
-184
-189
-197
-198
-182
-153
-125
-119
-137
-160
-174
-158
-109
-55
-4
24
36
36
58
98
144
198
239
259
253
235
204
176
162
153
150
141
127
102
72
40
7
-15
-21
-18
-22
-54
-101
-136
-161
-178
-182
-183
-187
-186
-186
-198
-206
-204
-188
-157
-111
-77
-55
-26
19
58
99
137
151
168
191
216
229
239
232
221
222
212
196
177
162
143
121
107
102
105
94
68
38
6
-10
-24
-28
-32
-45
-74
-121
-166
-186
-171
-145
-136
-150
-179
-194
-183
-160
-146
-141
-123
-100
-73
-31
15
60
102
149
195
226
247
270
287
295
304
305
301
292
272
237
201
174
147
107
67
29
-5
-41
-78
-122
-168
-202
-222
-240
-262
-279
-280
-278
-289
-291
-285
-262
-225
-179
-143
-117
-87
-59
-30
6
50
84
116
146
162
173
188
196
199
191
170
156
136
118
103
93
84
79
64
37
1
-31
-35
-27
-15
-20
-40
-78
-121
-153
-171
-167
-148
-145
-171
-206
-239
-257
-248
-219
-185
-172
-169
-166
-143
-105
-69
-39
-9
34
74
127
174
201
203
193
201
233
275
298
279
233
179
146
128
107
76
34
-19
-79
-132
-174
-210
-232
-252
-281
-300
-311
-321
-334
-334
-325
-297
-259
-223
-189
-168
-139
-105
-56
2
57
94
128
151
167
181
204
232
245
247
236
224
213
203
185
169
167
175
185
182
157
124
100
103
115
129
135
120
91
64
40
25
25
22
11
-2
-23
-57
-77
-88
-92
-88
-81
-83
-82
-72
-60
-47
-37
-15
3
21
45
73
95
114
134
152
169
179
174
165
153
149
140
134
118
86
51
11
-33
-74
-112
-141
-167
-197
-228
-266
-294
-300
-284
-261
-247
-245
-241
-214
-173
-131
-90
-58
-31
-8
27
58
84
108
114
118
127
148
163
166
149
122
105
104
117
135
132
115
95
72
59
60
76
98
100
75
38
15
11
25
33
21
-4
-31
-42
-41
-38
-39
-46
-56
-62
-62
-48
-32
-23
-30
-40
-40
-36
-28
-17
-12
-8
3
18
28
29
21
25
34
39
40
34
28
20
11
-7
-34
-55
-75
-97
-127
-156
-179
-197
-211
-226
-248
-265
-261
-237
-205
-180
-167
-155
-130
-99
-61
-16
20
47
65
82
94
110
126
130
127
125
132
137
131
101
64
46
52
67
73
58
23
-9
-27
-31
-30
-31
-36
-50
-60
-61
-52
-42
-46
-76
-108
-122
-112
-83
-61
-55
-72
-87
-91
-72
-37
-9
14
25
30
34
41
54
61
67
83
110
126
125
110
86
75
84
101
109
99
68
30
-2
-18
-30
-42
-61
-85
-108
-128
-144
-161
-176
-185
-185
-170
-143
-125
-123
-123
-122
-102
-64
-15
34
67
75
67
70
94
130
163
172
158
133
118
118
115
106
97
90
77
66
53
41
29
9
-2
2
6
4
-3
-18
-38
-49
-49
-40
-29
-28
-38
-63
-100
-122
-124
-114
-97
-86
-89
-101
-109
-104
-80
-53
-31
-7
17
43
67
82
90
102
128
162
194
214
217
207
188
172
165
159
148
125
88
43
1
-26
-42
-61
-93
-130
-159
-175
-169
-153
-139
-132
-127
-119
-108
-87
-62
-39
-28
-13
10
41
76
92
85
65
57
79
111
126
123
103
74
45
26
18
21
35
42
38
15
-9
-22
-28
-22
-11
-2
2
-1
-13
-31
-39
-35
-21
-9
-5
-10
-26
-58
-93
-109
-106
-91
-80
-84
-101
-116
-125
-128
-120
-104
-72
-39
-15
-3
-1
5
26
63
95
126
153
177
189
194
185
165
153
148
148
139
118
77
21
-35
-74
-94
-101
-113
-139
-173
-201
-210
-200
-174
-152
-139
-128
-119
-105
-82
-52
-24
-3
14
28
41
49
51
49
51
59
69
68
50
24
-1
-14
-9
12
32
33
14
-11
-20
-6
26
50
58
49
32
24
27
38
43
44
42
35
26
10
-7
-33
-52
-66
-67
-58
-51
-54
-76
-104
-123
-125
-108
-75
-45
-29
-28
-32
-39
-34
-4
39
89
123
134
132
123
115
114
126
141
149
146
123
79
31
-3
-29
-49
-66
-84
-105
-128
-152
-178
-196
-191
-165
-138
-122
-117
-119
-113
-95
-67
-34
-3
19
38
47
49
48
47
49
50
56
56
53
44
28
13
8
21
46
63
60
44
35
39
54
73
87
88
83
72
63
61
71
79
69
41
7
-16
-25
-18
-16
-27
-46
-65
-76
-80
-77
-73
-71
-74
-76
-73
-60
-43
-32
-30
-29
-18
0
27
50
60
66
72
82
87
91
97
103
105
96
76
53
37
25
9
-11
-27
-40
-45
-52
-70
-91
-104
-104
-95
-82
-77
-79
-77
-72
-60
-43
-19
-1
9
16
25
35
41
41
38
38
45
51
55
54
52
52
53
50
53
58
65
72
74
71
63
58
57
60
61
57
48
33
18
3
-12
-24
-37
-51
-61
-64
-67
-72
-81
-94
-104
-102
-95
-88
-80
-74
-65
-56
-43
-29
-12
5
22
34
42
56
72
91
100
99
96
94
100
108
113
107
86
62
40
32
32
29
15
-7
-31
-44
-50
-55
-68
-85
-97
-101
-96
-93
-95
-100
-98
-90
-75
-54
-35
-21
-18
-23
-28
-20
4
37
60
65
55
45
48
66
89
106
108
98
84
73
68
71
74
72
63
49
35
18
0
-21
-37
-46
-50
-54
-63
-79
-94
-101
-98
-90
-84
-79
-79
-83
-87
-87
-75
-54
-29
-13
-5
2
10
23
34
43
52
63
72
79
80
75
70
69
73
79
82
79
67
45
25
13
17
25
27
17
-3
-24
-38
-47
-52
-53
-51
-54
-64
-79
-91
-94
-86
-70
-55
-46
-41
-45
-54
-61
-61
-45
-17
7
21
20
16
15
18
32
52
76
91
94
85
71
62
60
67
80
90
90
73
43
11
-11
-21
-21
-20
-23
-32
-43
-61
-82
-97
-98
-84
-66
-58
-64
-74
-82
-83
-69
-44
-13
13
26
25
16
14
25
47
67
76
76
69
62
60
56
58
61
62
55
42
30
21
13
4
-2
-1
5
7
-3
-22
-38
-43
-37
-31
-31
-35
-38
-39
-41
-42
-42
-36
-27
-26
-31
-41
-48
-49
-50
-49
-42
-28
-14
-6
-10
-17
-17
-5
15
37
53
62
64
62
59
65
84
106
114
107
85
64
52
46
39
26
16
7
-1
-17
-39
-61
-78
-87
-89
-88
-83
-81
-81
-89
-94
-87
-58
-20
7
15
9
6
16
37
59
71
77
80
78
74
68
61
54
45
36
29
24
15
-1
-22
-40
-45
-35
-25
-24
-37
-53
-60
-57
-47
-36
-25
-17
-15
-14
-13
-8
-4
-4
-9
-16
-16
-13
-12
-15
-28
-40
-43
-33
-19
-14
-15
-20
-20
-14
-3
14
29
41
50
60
69
77
83
87
87
87
85
82
74
60
44
28
17
7
-3
-18
-39
-59
-77
-89
-90
-88
-86
-84
-87
-86
-80
-62
-39
-18
-8
-3
7
25
49
69
77
76
73
77
84
86
78
61
44
31
22
12
1
-15
-31
-44
-54
-61
-63
-68
-75
-83
-84
-75
-58
-43
-34
-30
-27
-16
-1
17
26
26
22
17
19
23
26
22
12
1
-5
1
5
1
-15
-33
-36
-23
-4
9
6
-3
-8
0
15
31
41
42
38
35
35
37
40
39
31
21
15
14
9
-2
-21
-39
-50
-50
-42
-35
-34
-43
-53
-58
-50
-31
-10
3
5
1
5
21
44
62
68
63
57
59
65
67
62
50
37
25
18
13
7
-5
-23
-40
-50
-53
-53
-59
-69
-81
-86
-78
-60
-42
-31
-28
-28
-25
-13
6
22
34
34
30
29
36
45
47
41
32
27
30
34
30
15
-1
-9
-4
7
18
18
9
-3
-12
-10
0
8
10
4
-4
-9
-6
0
0
-2
-6
-8
-7
-4
-6
-13
-21
-23
-21
-13
-3
2
0
-6
-15
-17
-10
0
7
7
4
5
10
20
27
28
26
27
31
36
37
34
29
22
18
18
21
23
19
10
-2
-12
-22
-27
-31
-36
-41
-42
-41
-38
-36
-38
-38
-37
-33
-28
-21
-13
-7
-4
-3
0
7
18
26
31
32
33
33
35
33
30
26
30
40
47
46
37
27
15
7
4
0
-4
-8
-15
-26
-37
-46
-49
-49
-48
-45
-42
-40
-41
-46
-46
-38
-22
-3
12
19
18
20
20
22
25
28
30
30
32
28
25
26
26
21
17
12
10
11
10
0
-12
-17
-14
-7
0
2
-2
-6
-7
-9
-10
-10
-13
-14
-14
-15
-13
-10
-10
-16
-21
-23
-18
-12
-10
-16
-23
-26
-20
-9
3
10
12
10
8
12
16
23
30
33
31
31
37
44
49
44
32
22
19
21
19
9
-7
-22
-31
-32
-31
-32
-36
-42
-52
-60
-64
-59
-51
-43
-36
-28
-17
-4
7
12
16
21
31
39
41
37
32
29
30
32
36
38
38
32
24
13
9
12
15
18
16
11
7
6
4
0
-1
-3
-6
-12
-22
-33
-37
-36
-30
-28
-29
-34
-40
-46
-51
-51
-48
-41
-35
-32
-30
-24
-16
-6
2
11
18
28
33
33
31
30
35
45
56
58
54
44
32
23
16
13
11
9
4
-6
-17
-23
-21
-17
-12
-11
-14
-16
-22
-29
-34
-32
-22
-7
6
11
6
0
-6
-7
-2
8
18
22
17
6
-3
-1
9
21
26
25
21
15
11
6
4
10
22
34
38
33
23
12
2
-3
-5
-4
-2
-8
-20
-36
-44
-43
-34
-27
-28
-35
-41
-45
-44
-39
-31
-20
-8
1
6
11
17
19
17
16
17
21
27
29
24
16
14
20
26
26
20
9
-3
-13
-17
-17
-12
-7
-6
-7
-11
-12
-10
-4
-3
-4
-5
-4
-3
-2
-5
-9
-8
-4
0
1
-4
-13
-20
-23
-21
-14
-6
4
7
7
8
9
14
17
18
19
21
26
29
28
22
17
17
20
21
20
11
1
-9
-17
-23
-23
-20
-16
-14
-18
-27
-32
-33
-33
-31
-27
-17
-6
6
10
10
11
15
23
32
38
38
33
21
9
1
5
13
18
16
8
-5
-14
-20
-25
-26
-22
-17
-15
-15
-19
-22
-19
-16
-13
-11
-8
-7
-8
-10
-12
-10
-1
8
15
16
13
9
5
2
2
3
6
7
7
6
9
14
17
20
21
23
23
23
21
20
23
24
26
22
14
6
-1
-8
-15
-22
-29
-34
-37
-38
-36
-36
-37
-37
-36
-32
-31
-28
-27
-23
-17
-10
0
13
26
36
40
42
45
47
51
54
51
47
42
40
35
30
23
14
3
-5
-13
-19
-23
-29
-36
-40
-40
-33
-24
-23
-28
-32
-34
-33
-30
-28
-24
-20
-14
-11
-7
-2
5
7
8
8
8
12
17
16
13
11
16
24
33
37
33
28
25
25
30
39
43
41
31
23
22
25
25
18
4
-14
-27
-33
-38
-45
-52
-56
-58
-57
-56
-57
-59
-62
-60
-50
-33
-15
-4
-4
-5
-3
10
31
53
66
67
59
51
48
54
60
65
63
55
43
31
19
6
-6
-18
-21
-22
-20
-21
-27
-41
-50
-50
-39
-24
-14
-14
-24
-34
-36
-30
-21
-10
-3
0
-2
-6
-8
-6
-2
0
-1
1
5
12
18
17
14
14
20
28
36
38
38
38
39
42
44
48
47
41
31
22
17
14
8
-5
-22
-35
-44
-49
-51
-57
-63
-68
-71
-71
-71
-67
-59
-51
-41
-33
-21
-10
3
12
19
27
36
46
53
57
58
59
57
52
46
40
35
27
17
6
-4
-14
-21
-28
-32
-37
-39
-38
-35
-31
-29
-27
-27
-25
-19
-12
-6
-2
0
-1
-3
-4
-2
2
3
2
-3
-6
-8
-7
-5
-5
-5
-1
6
10
14
17
20
26
35
44
52
57
58
55
52
49
52
52
47
32
15
1
-7
-13
-19
-28
-39
-50
-58
-62
-65
-62
-57
-54
-52
-49
-41
-31
-20
-10
0
14
26
38
44
47
49
50
54
58
60
57
48
34
21
16
13
13
6
-6
-20
-32
-40
-42
-40
-37
-35
-34
-34
-33
-30
-30
-30
-26
-19
-11
-7
-7
-12
-16
-16
-12
-3
1
1
-4
-11
-14
-11
-4
2
5
3
4
11
19
27
30
30
28
33
40
48
50
47
42
37
32
28
23
12
-2
-15
-24
-30
-35
-42
-54
-66
-73
-70
-61
-53
-50
-51
-54
-52
-44
-28
-12
3
13
23
30
38
47
52
55
56
58
59
61
58
50
40
30
26
25
25
17
3
-13
-24
-28
-26
-22
-22
-25
-32
-34
-33
-28
-22
-21
-24
-29
-29
-22
-15
-9
-8
-8
-9
-4
1
5
3
0
0
3
13
21
28
29
26
24
27
34
42
47
45
39
34
37
42
45
42
37
30
23
20
13
4
-8
-20
-28
-33
-34
-36
-43
-50
-59
-59
-58
-52
-48
-50
-52
-51
-42
-30
-18
-9
-3
1
6
13
25
35
43
47
47
48
48
50
52
48
41
36
32
29
24
15
1
-12
-18
-18
-17
-17
-24
-34
-44
-51
-51
-45
-37
-32
-34
-39
-42
-41
-37
-32
-29
-27
-24
-20
-15
-12
-12
-11
-7
-1
9
17
23
23
19
18
19
27
38
45
46
42
39
39
43
46
44
38
30
23
16
11
4
-6
-17
-27
-36
-41
-45
-49
-57
-66
-69
-64
-56
-50
-49
-47
-44
-34
-19
-4
8
17
23
30
38
48
59
66
67
64
61
60
59
56
50
43
34
28
23
17
9
-1
-11
-18
-20
-20
-23
-27
-33
-37
-37
-32
-26
-25
-28
-34
-40
-40
-38
-32
-28
-29
-29
-27
-23
-17
-10
-6
-2
5
14
24
34
39
44
49
56
64
73
79
78
70
59
52
49
46
41
30
16
1
-11
-21
-31
-44
-55
-65
-71
-72
-74
-71
-69
-68
-64
-57
-46
-36
-27
-24
-20
-13
-3
9
19
24
27
30
34
40
42
40
35
29
24
25
29
32
30
25
21
18
17
16
12
6
-2
-9
-13
-16
-19
-23
-29
-35
-40
-46
-49
-55
-62
-67
-69
-68
-64
-59
-55
-49
-42
-33
-20
-7
6
14
20
29
40
52
67
78
85
87
88
86
83
79
75
69
60
49
36
25
14
3
-8
-16
-22
-30
-38
-47
-57
-63
-62
-60
-54
-48
-43
-39
-38
-35
-30
-24
-17
-10
-5
-1
3
8
14
20
27
32
36
35
35
35
35
37
38
39
41
42
44
44
44
40
37
31
26
19
9
1
-6
-12
-17
-22
-27
-35
-42
-50
-57
-62
-66
-68
-68
-67
-65
-59
-50
-38
-24
-13
-5
0
5
15
26
39
48
54
57
59
61
62
62
59
54
45
36
28
18
7
-3
-10
-12
-13
-17
-24
-35
-44
-48
-48
-44
-40
-37
-37
-38
-35
-31
-24
-18
-12
-11
-11
-11
-11
-11
-9
-6
-3
2
7
12
14
15
15
15
20
25
29
29
29
29
31
36
42
42
39
30
20
13
7
1
-5
-11
-18
-23
-29
-34
-39
-45
-48
-51
-49
-47
-44
-40
-37
-31
-23
-12
0
10
15
20
21
25
31
37
43
45
44
43
42
42
42
37
32
25
19
15
11
5
-1
-7
-11
-9
-6
-5
-7
-13
-19
-22
-22
-21
-20
-21
-21
-20
-17
-14
-12
-12
-10
-10
-7
-3
2
4
8
12
18
27
35
40
41
40
36
35
36
39
39
37
32
27
24
21
16
10
2
-9
-15
-21
-26
-29
-35
-38
-41
-41
-38
-37
-37
-38
-38
-36
-29
-25
-23
-24
-25
-24
-18
-10
-6
-3
-2
-1
1
5
10
14
18
20
23
26
30
35
35
36
33
31
27
21
17
11
5
1
-3
-8
-15
-25
-36
-46
-52
-54
-55
-56
-56
-56
-55
-49
-40
-32
-22
-16
-9
-1
9
18
25
30
35
38
42
44
42
41
36
34
30
30
29
24
19
15
12
13
13
13
12
11
10
9
9
9
5
3
-3
-6
-9
-10
-13
-16
-22
-28
-32
-33
-35
-36
-37
-38
-39
-34
-26
-19
-12
-5
2
10
21
32
42
49
55
62
69
72
72
67
60
54
47
44
36
27
17
6
-3
-11
-17
-23
-29
-35
-40
-41
-43
-43
-42
-40
-40
-38
-35
-32
-28
-26
-23
-19
-16
-12
-8
-5
-5
-6
-6
-4
1
6
9
12
14
17
20
24
27
29
29
32
34
37
37
32
24
18
11
6
-1
-10
-20
-30
-38
-45
-49
-54
-59
-62
-66
-67
-66
-63
-59
-56
-50
-45
-38
-30
-23
-17
-11
-5
1
9
19
25
31
33
35
38
43
48
51
52
51
51
51
52
53
51
48
46
43
42
41
35
28
20
13
7
-1
-10
-19
-29
-36
-40
-44
-45
-45
-46
-45
-43
-39
-33
-27
-21
-15
-7
2
10
18
24
28
32
35
38
43
46
47
45
40
36
34
30
27
20
14
9
5
2
-1
-6
-13
-18
-22
-21
-21
-22
-24
-27
-28
-29
-31
-32
-34
-38
-42
-45
-45
-44
-44
-42
-39
-36
-32
-28
-21
-14
-7
2
11
20
30
37
43
47
51
54
59
60
60
55
48
41
34
30
24
15
3
-10
-22
-32
-38
-43
-49
-52
-56
-58
-58
-57
-53
-47
-39
-29
-18
-11
-6
-1
2
9
17
23
28
30
29
28
27
26
28
30
29
29
25
21
19
18
17
15
13
10
7
6
3
0
-3
-4
-5
-7
-6
-8
-11
-16
-19
-22
-25
-27
-30
-34
-36
-37
-37
-36
-35
-33
-29
-25
-17
-9
2
11
19
27
33
42
49
56
62
65
65
64
61
57
52
45
37
28
19
9
-2
-14
-25
-35
-42
-46
-49
-53
-56
-58
-57
-53
-46
-38
-29
-23
-17
-10
-4
3
12
17
22
27
29
32
31
31
29
27
26
26
24
22
20
18
16
14
15
14
13
12
12
11
11
13
13
12
9
4
1
-3
-5
-9
-16
-22
-30
-37
-43
-47
-52
-56
-58
-58
-57
-54
-49
-44
-35
-25
-13
1
13
24
33
40
47
54
58
61
61
59
53
47
39
31
22
13
3
-5
-14
-23
-30
-36
-39
-42
-43
-43
-41
-38
-35
-32
-27
-24
-17
-13
-7
-3
-1
2
3
4
5
4
3
2
1
1
2
2
1
1
3
7
10
15
18
20
23
26
28
32
35
38
39
39
35
31
27
21
16
9
4
-3
-10
-18
-25
-34
-41
-44
-47
-48
-49
-48
-48
-45
-38
-32
-23
-15
-6
1
9
17
26
32
37
40
42
44
44
40
36
31
27
23
18
15
10
6
2
-1
-2
-3
-4
-3
-4
-4
-5
-7
-6
-5
-6
-8
-9
-11
-13
-14
-14
-15
-16
-17
-18
-17
-17
-14
-13
-12
-9
-5
-1
3
5
7
8
10
13
16
18
19
19
18
17
17
15
14
12
10
7
3
-2
-6
-12
-16
-19
-22
-24
-27
-32
-37
-39
-41
-39
-38
-35
-32
-29
-28
-25
-19
-14
-7
-2
4
9
13
16
18
20
22
24
27
28
29
28
25
23
19
20
20
19
19
17
14
10
7
5
3
0
-1
-2
-5
-9
-13
-15
-16
-17
-16
-15
-12
-12
-13
-12
-10
-6
-3
1
4
5
5
4
5
8
10
13
15
15
16
16
16
16
16
17
18
20
21
20
18
15
13
12
13
11
8
4
-2
-8
-13
-16
-18
-21
-25
-28
-31
-35
-37
-37
-35
-32
-29
-25
-21
-17
-14
-9
-7
0
6
11
15
17
18
19
20
21
24
24
23
22
19
15
14
12
11
8
7
4
2
-2
-6
-8
-10
-10
-11
-8
-9
-9
-10
-11
-11
-11
-9
-7
-4
-5
-5
-6
-9
-7
-7
-6
-6
-3
-3
-5
-4
-4
-3
0
5
8
10
12
12
15
16
20
23
26
26
26
24
21
18
16
14
10
6
-1
-7
-12
-18
-24
-28
-31
-32
-33
-33
-34
-33
-30
-25
-20
-14
-8
-5
0
3
7
10
13
15
16
16
14
12
11
9
7
6
6
6
5
4
5
5
5
8
8
9
11
11
9
8
8
7
6
6
5
4
1
-3
-6
-8
-9
-11
-11
-12
-14
-15
-16
-18
-17
-16
-13
-10
-5
-1
1
4
7
12
15
21
25
28
30
31
29
27
26
24
23
19
16
11
4
-2
-6
-10
-14
-16
-19
-21
-24
-25
-26
-26
-23
-19
-16
-14
-12
-10
-9
-5
-3
-1
0
0
0
0
-3
-5
-7
-9
-9
-9
-8
-9
-8
-7
-5
-2
4
8
13
17
19
20
21
22
21
19
16
14
10
4
-1
-8
-14
-18
-20
-22
-25
-27
-29
-29
-29
-28
-26
-23
-19
-16
-11
-9
-7
-4
-2
3
9
15
18
20
23
24
26
27
29
30
29
27
24
20
18
17
13
12
10
5
1
-2
-5
-7
-7
-8
-6
-6
-6
-7
-8
-9
-8
-8
-7
-6
-8
-10
-12
-15
-15
-15
-14
-14
-14
-15
-16
-13
-9
-4
1
6
12
16
20
27
30
34
35
37
37
36
34
32
28
25
20
16
9
3
-2
-8
-12
-16
-19
-22
-23
-25
-24
-23
-21
-19
-20
-18
-16
-13
-9
-8
-5
-3
-1
2
4
7
10
13
14
15
16
16
17
18
20
20
19
15
11
8
4
1
-2
-3
-4
-7
-9
-10
-12
-14
-14
-15
-16
-15
-15
-16
-18
-20
-23
-23
-23
-21
-21
-22
-24
-24
-24
-22
-18
-12
-7
0
5
9
13
19
25
30
36
39
40
38
37
36
36
35
32
26
18
10
4
-1
-3
-7
-11
-14
-18
-21
-23
-23
-22
-22
-21
-21
-21
-20
-18
-16
-13
-10
-7
-5
-4
-1
1
5
7
9
11
13
13
16
17
20
20
17
16
13
10
8
8
7
5
3
1
0
-3
-5
-6
-6
-8
-8
-9
-11
-14
-14
-16
-18
-18
-20
-21
-22
-24
-24
-25
-23
-21
-16
-12
-6
-3
1
6
11
18
23
26
29
33
34
36
38
38
37
34
30
24
21
16
12
7
3
0
-5
-9
-14
-17
-19
-19
-18
-19
-21
-23
-24
-24
-22
-19
-16
-12
-12
-12
-10
-7
-3
1
5
6
8
10
13
15
19
20
22
20
18
17
14
11
10
11
11
9
5
1
-2
-4
-4
-3
-1
-2
-5
-6
-9
-9
-10
-12
-11
-12
-13
-14
-16
-18
-19
-18
-18
-16
-15
-12
-10
-8
-6
-3
0
4
6
8
11
13
17
19
22
22
23
21
20
16
15
14
13
12
8
5
0
-5
-9
-11
-13
-15
-15
-16
-17
-18
-18
-18
-18
-16
-11
-7
-4
-2
1
3
5
7
9
11
15
17
20
21
20
19
18
16
13
14
12
13
11
9
7
5
3
2
1
2
1
2
5
5
4
4
5
3
4
3
4
2
-1
-2
-4
-8
-10
-15
-17
-20
-20
-19
-17
-17
-17
-16
-15
-14
-11
-7
-4
0
5
10
12
13
13
12
11
11
11
12
9
5
3
-4
-8
-13
-16
-18
-19
-19
-18
-20
-22
-24
-24
-23
-20
-18
-13
-10
-10
-8
-4
0
0
2
3
4
5
5
6
8
7
6
5
2
0
-1
0
1
1
2
4
3
3
3
3
3
5
7
9
10
8
6
4
3
1
2
-1
-3
-5
-9
-12
-15
-17
-20
-20
-21
-22
-19
-19
-18
-16
-13
-10
-8
-5
-2
2
7
11
17
19
21
20
19
18
18
17
17
15
10
9
5
0
-4
-6
-8
-9
-11
-11
-11
-11
-11
-10
-10
-9
-8
-6
-4
-4
-3
-1
0
-1
-1
0
1
0
2
2
4
4
4
4
3
3
4
5
5
5
5
6
5
4
4
5
3
2
2
2
1
0
-2
-3
-5
-8
-8
-11
-12
-13
-14
-15
-15
-16
-17
-15
-17
-15
-14
-12
-10
-7
-4
-1
-1
2
2
5
7
9
12
13
14
15
14
15
13
13
12
11
10
10
11
10
9
8
5
4
2
3
2
2
2
2
1
-1
-2
-2
-1
-3
-2
-2
-2
-2
-3
-1
0
0
1
2
4
4
6
8
8
7
6
6
4
4
3
5
5
5
3
2
-1
-5
-6
-6
-8
-8
-7
-7
-10
-11
-12
-13
-15
-15
-13
-12
-10
-10
-9
-8
-8
-8
-6
-5
-4
-4
-2
0
1
2
4
4
3
3
4
5
7
9
10
11
11
9
10
9
9
10
11
10
6
4
3
1
-1
-3
-4
-5
-7
-7
-7
-7
-7
-7
-7
-7
-7
-5
-3
-1
1
3
3
3
3
4
4
5
6
7
9
9
7
7
7
5
4
4
3
2
0
0
-1
-2
-3
-3
-4
-4
-4
-6
-7
-6
-6
-6
-6
-7
-7
-8
-7
-6
-5
-4
-4
-6
-6
-4
-4
-4
-1
0
2
1
2
1
2
2
4
5
5
6
6
6
5
5
6
6
6
6
5
3
0
0
1
-1
0
-1
-1
-1
0
0
0
1
2
0
-1
-1
-2
-3
0
0
0
3
3
3
2
2
2
1
3
5
6
8
10
11
12
12
11
10
10
9
10
9
9
8
9
7
7
6
5
5
4
4
2
4
4
6
5
6
3
5
4
7
5
9
7
7
5
3
2
1
0
-1
0
-1
0
-1
0
-2
-1
-3
-3
-4
-3
-3
0
2
5
5
6
6
3
4
1
0
0
1
1
4
1
3
0
0
-4
-3
-4
-2
-1
-1
-1
-1
-1
-2
2
0
3
0
1
-1
1
2
5
3
4
4
5
4
3
4
4
5
3
3
1
0
-1
0
-2
0
0
3
3
4
3
3
3
2
3
3
6
5
6
3
5
3
6
4
3
0
-2
-5
-5
-5
-5
-2
-3
-2
-4
-1
-3
-1
-2
-1
-3
-2
-2
1
0
2
2
1
1
-1
-2
-4
-3
-5
-3
-4
-3
-3
0
-1
0
-2
-2
-3
-3
-2
-1
1
0
0
0
-1
-1
1
0
3
0
0
0
1
1
-1
-2
-2
-3
-1
2
1
3
2
2
-1
-3
-4
-4
-4
-4
-3
-3
-2
-2
0
-1
-1
-5
-5
-6
-5
-5
-1
0
0
0
-3
-4
-8
-6
-7
-5
-7
-5
-6
-4
-3
-3
-3
-4
-5
-6
-4
-5
-3
-3
-2
-3
-3
-3
-1
-3
0
-2
1
-2
1
0
0
0
1
-1
0
1
4
5
5
6
3
2
0
0
0
1
1
3
2
4
3
4
3
2
2
1
1
1
4
5
6
5
4
1
0
-1
-4
-4
-6
-6
-9
-7
-8
-5
-7
-5
-6
-4
-6
-4
-5
-5
-7
-7
-9
-9
-8
-8
-6
-7
-5
-8
-7
-10
-6
-9
-5
-9
-8
-9
-7
-7
-5
-7
-6
-8
-7
-5
-4
1
1
4
4
6
4
3
2
1
0
-2
-2
-3
-1
0
3
3
4
2
4
3
6
2
3
0
-1
-2
-1
1
0
3
2
7
4
7
4
5
1
4
1
0
-1
-3
0
-1
2
-1
0
-2
1
0
2
-1
1
-1
0
0
0
-1
-1
1
0
3
2
5
2
4
1
5
2
3
4
4
4
3
1
0
-1
-1
0
-1
0
0
2
2
4
3
2
1
1
1
1
0
3
3
5
4
3
1
-1
-2
-2
-2
-2
-1
-3
0
-1
1
0
0
-2
0
-2
0
-2
2
-1
2
0
1
-1
0
2
2
4
3
6
2
3
-2
1
-5
-1
-5
2
-2
5
4
7
4
5
4
1
3
0
2
1
5
1
5
2
6
1
6
1
6
3
4
4
3
5
-1
2
-3
3
0
5
2
8
5
8
7
4
6
1
1
-3
0
-3
1
-4
2
-5
0
-5
0
-3
0
-2
0
-1
-3
-2
-6
-3
-9
-5
-10
-2
-7
0
-5
1
-4
-2
-3
-4
-1
-5
-2
-4
0
-6
0
-7
0
-4
1
-2
1
-1
2
-2
3
-2
1
-1
0
2
2
5
1
5
0
3
-2
3
-1
4
3
7
4
6
4
4
3
2
2
3
3
3
2
4
4
3
1
3
1
3
1
2
2
0
2
-3
-2
-4
-6
-6
-5
-2
-1
0
-1
1
0
0
-4
-3
-5
-3
-7
-3
-6
-2
-6
-4
-6
-4
-5
-1
-1
2
2
0
2
-3
0
-5
-3
-6
-5
-7
-1
0
4
2
4
5
4
5
3
5
4
2
3
1
5
1
4
1
6
6
9
9
10
8
10
4
5
0
1
-1
-1
1
0
2
0
6
-2
6
-3
4
-1
3
0
3
-2
0
-3
-2
-3
-6
-4
-6
-4
-6
-2
-5
-2
-4
-2
-3
-1
-2
-1
-3
-1
-2
-1
-5
-3
-5
-4
-2
-2
2
1
4
2
4
3
2
2
1
3
1
2
0
0
2
-1
1
-1
5
0
7
1
8
1
5
-3
0
-6
-3
-7
-6
-5
-6
-3
-6
-1
-5
-1
-4
0
-4
-1
-6
-2
-10
-6
-12
-8
-12
-9
-9
-6
-5
-6
-4
-8
-4
-9
-7
-12
-7
-12
-9
-13
-9
-11
-11
-9
-10
-7
-6
-7
-5
-6
-4
-6
-7
-8
-8
-9
-11
-9
-10
-7
-9
-4
-6
-1
-3
-1
-1
-2
0
-2
-1
-2
-2
-2
-3
-1
-1
-1
0
1
3
3
3
4
3
2
2
1
2
1
0
1
0
1
-2
-2
1
-1
2
-2
2
-1
2
-1
0
-2
-2
-5
-3
-5
-3
-3
-2
-2
-2
-1
-3
0
-2
1
-3
0
-4
0
-5
-2
-6
-4
-4
-2
-4
0
-3
2
-3
-1
-3
-2
-2
-3
-2
-4
-3
-5
-2
-4
-1
-3
0
-3
-1
-3
0
-3
-2
-4
-4
-4
-5
-6
-4
-5
-4
-5
-5
-3
-6
-6
-6
-7
-3
-7
-6
-8
-5
-8
-7
-8
-7
-6
-8
-3
-8
0
-8
-3
-6
-5
-5
-6
-4
-5
-5
-3
-3
-3
-4
-4
-2
-3
-1
-4
3
-2
3
-2
3
-2
1
-2
-1
-1
-1
0
-3
0
-1
1
-1
0
2
1
0
1
2
0
2
-3
0
-2
-1
-1
-1
3
-1
4
-2
2
-2
1
-3
0
-4
-1
-5
-2
-5
-4
-3
-3
-2
-3
-3
-2
-1
-2
0
-3
1
-6
-1
-7
-2
-7
-1
-5
-1
-2
-2
-1
-2
1
-4
1
-2
1
-1
0
0
-3
3
-2
3
-1
3
6
3
9
3
9
2
9
1
7
3
6
4
4
7
4
8
4
8
5
9
9
11
7
8
4
5
-1
2
-1
3
-2
1
-1
3
1
1
2
-1
3
-3
3
-5
3
-7
1
-8
-2
-5
-5
-3
-4
3
-1
4
-1
3
-1
0
-3
-2
0
-2
0
-2
1
1
4
4
4
4
6
4
6
2
6
2
5
1
1
-1
1
