2
1
2
1
1
0
0
-1
1
-1
0
-1
-1
-2
-3
-2
-2
-3
-4
-3
-3
-5
-3
-3
-2
-1
0
0
-1
-1
-1
-1
-1
0
1
0
-2
-1
-1
-1
-1
0
0
-1
-2
-1
-2
-2
-1
-1
-1
0
-1
-2
-1
-1
0
0
1
0
0
0
0
0
-1
-1
-2
-2
-2
-2
-3
-3
-2
-3
-5
-5
-6
-6
-5
-5
-3
-3
-2
-3
-4
-3
-2
-3
-2
-2
-1
-1
-1
1
1
1
1
1
0
-1
0
-1
0
0
-1
-1
-2
-2
-1
-1
0
-1
-1
-1
-2
-2
-1
-1
-1
-1
-2
-3
-3
-2
-2
-1
-1
-2
-2
-2
-1
-1
-2
-2
-1
-2
-2
-2
-2
-2
-1
-1
0
0
0
1
1
1
2
3
2
3
2
3
2
2
3
2
3
4
4
4
4
4
5
6
6
6
5
5
6
5
6
7
7
6
6
4
4
4
3
4
4
2
3
3
3
2
2
3
4
3
2
3
2
3
4
4
3
3
3
3
3
2
3
2
1
1
2
2
2
2
2
1
0
1
2
1
1
0
0
0
1
0
0
-1
-1
0
0
-2
0
-1
-1
0
-2
-1
-1
-1
-2
-1
-1
-1
0
0
-1
0
0
0
1
0
-1
-1
-1
-2
-2
-2
-3
-3
-3
-3
-4
-2
-3
-3
-2
-3
-3
-2
-2
-2
-1
-3
-3
-3
-3
-3
-3
-2
-3
-3
-3
-3
-3
-3
-3
-3
-3
-4
-3
-3
-2
-2
-2
-2
-2
-2
-3
-3
-2
-3
-5
-4
-3
-3
-2
-2
-1
0
0
-1
-1
-1
-2
-1
0
0
-1
1
0
0
-1
-2
-2
-1
-1
0
1
0
1
1
1
1
1
0
1
2
0
1
0
1
1
0
0
1
0
1
1
1
1
0
0
-1
-1
-2
-2
-1
-1
0
-1
-1
-2
-1
-1
0
0
0
0
-2
-2
-3
-3
-3
-2
-2
-3
-2
-1
-2
-1
-1
-2
0
-1
0
0
-1
0
0
-1
0
-1
0
0
1
0
1
0
2
2
1
2
3
2
2
2
2
1
0
0
0
0
0
0
1
2
0
1
0
-1
-1
-1
0
-1
-2
-1
-2
-2
-2
-1
-2
-1
-2
-2
-1
-1
0
-1
-1
-1
-1
-1
-2
-3
-2
-3
-2
-2
-2
-2
-1
-1
-1
0
2
1
1
2
2
2
1
2
2
2
2
3
3
4
3
3
4
4
4
4
3
4
3
2
2
2
1
1
1
1
0
1
0
1
1
1
2
1
0
0
-1
-2
0
-2
-1
-2
-2
-1
-1
0
-1
-1
0
1
0
0
0
-1
-1
-2
-2
-2
-2
-1
1
2
4
4
4
4
4
5
4
5
4
4
4
4
3
3
4
3
4
4
3
3
3
2
3
3
2
2
1
1
1
1
-1
-1
-3
-2
-3
-4
-4
-2
-3
-2
-2
-2
-1
-1
0
0
0
-1
-2
-2
-1
-1
-1
0
0
1
0
0
-1
0
-2
-2
-4
-4
-3
-4
-2
-2
-2
-2
-2
-3
-3
-3
-4
-4
-5
-4
-4
-4
-4
-3
-2
-2
0
0
1
2
1
1
2
2
3
4
3
1
1
1
1
0
0
-1
-3
-1
-2
-2
0
-1
0
0
0
1
1
1
1
0
-2
-2
-1
-1
0
-1
-2
-1
-1
0
0
0
0
1
0
2
2
2
2
2
3
3
4
0
1
0
0
0
1
1
2
1
1
2
2
3
3
4
5
4
5
4
5
4
3
2
2
1
1
1
1
0
0
1
2
1
2
4
3
3
5
6
6
7
6
7
6
5
5
4
3
2
1
1
1
0
0
-1
-1
0
-1
-1
-1
-3
-3
-4
-5
-7
-9
-10
-10
-10
-8
-7
-6
-5
-4
-2
-2
0
0
0
1
2
4
5
6
6
6
6
4
2
1
0
-1
-1
0
1
1
1
2
3
4
3
3
0
0
-3
-5
-5
-5
-5
-4
-4
-3
-3
-2
-2
-2
-3
-4
-5
-4
-3
-2
0
0
1
1
1
1
1
-1
-2
-3
-3
-4
-2
-2
-1
0
1
2
2
2
2
1
-1
-1
0
0
1
1
1
1
1
0
1
0
-2
-2
-3
-4
-3
-3
-2
1
3
4
4
4
3
1
0
-1
-1
0
-1
0
3
5
5
6
5
6
5
4
3
2
2
2
2
1
2
2
1
0
0
-1
-3
-5
-4
-5
-4
-3
-2
1
3
4
4
3
3
1
-1
-1
0
0
0
0
1
3
2
3
3
2
1
0
0
-1
-1
0
1
2
3
2
1
-2
-3
-5
-5
-7
-7
-6
-6
-4
-3
-1
-1
-2
-1
-2
-3
-4
-5
-4
-5
-3
-1
0
1
0
0
0
-2
-3
-3
-2
-2
-1
-1
1
2
2
2
2
0
0
1
-1
-1
-2
-2
-1
0
0
1
2
2
1
0
0
-1
0
-1
1
1
2
4
4
4
3
3
2
2
1
1
1
2
1
2
3
2
3
3
3
2
1
1
-1
-1
0
0
0
-1
0
0
-1
-1
0
0
0
-1
0
1
1
0
2
1
1
1
0
-1
-2
-1
-2
-2
-3
-3
-2
-1
0
0
0
0
-1
0
0
0
0
1
1
0
1
0
2
2
2
1
1
-1
0
-1
-2
-2
-3
-2
-2
0
0
-1
-1
-1
-2
-3
-3
-3
-3
-4
-5
-4
-3
-2
-1
-1
0
-1
-1
-2
-1
0
-1
-1
-1
-1
0
-1
-2
-2
-4
-5
-6
-6
-6
-5
-5
-5
-4
-4
-4
-3
-3
-3
-4
-5
-6
-6
-5
-5
-3
-2
-2
-1
-1
0
-1
-1
-2
-3
-2
-1
-1
1
0
0
-1
0
-2
-3
-3
-5
-6
-6
-5
-3
-2
-1
0
1
2
2
2
1
2
1
1
2
3
3
3
4
4
4
3
3
2
1
1
2
1
1
2
4
3
4
2
2
0
-2
-2
-2
-2
-2
1
0
2
3
2
3
1
2
0
0
0
1
1
0
1
1
2
3
1
0
-1
0
-1
-1
0
1
2
3
4
5
6
5
7
6
7
5
3
5
5
4
5
6
6
5
5
5
4
3
3
2
2
1
2
2
1
1
2
2
3
2
2
0
0
1
0
-1
0
1
1
2
2
2
2
1
1
0
1
0
0
-2
-2
-2
-3
-3
-3
-4
-5
-5
-5
-4
-3
-3
-3
-2
-2
-2
-1
-1
0
-2
-3
-4
-4
-3
-4
-5
-5
-4
-3
-3
-3
-2
-1
-1
-3
-2
-1
-1
1
1
2
1
2
3
4
4
4
5
3
3
3
2
3
2
3
3
5
4
3
3
2
3
3
2
1
0
-1
-1
-1
1
0
0
0
-2
-1
-3
-2
-1
-2
-2
0
1
1
0
0
-2
-1
0
1
2
0
1
0
2
2
4
6
6
6
5
5
4
5
7
8
8
8
8
7
7
6
6
4
4
2
0
-2
-1
-2
-2
-1
-2
-2
-4
-8
-7
-8
-9
-10
-9
-8
-9
-7
-7
-6
-5
-4
-2
-1
0
-1
-1
-2
-1
2
4
7
8
7
6
7
7
8
10
9
8
8
7
6
9
9
8
7
6
5
5
5
3
2
0
-1
-1
-3
-3
-4
-3
-5
-6
-6
-6
-8
-8
-9
-9
-11
-14
-19
-21
-23
-23
-22
-23
-23
-22
-20
-20
-19
-17
-16
-13
-11
-7
-4
0
1
2
4
8
13
18
22
21
20
20
20
19
18
18
19
16
13
8
5
5
7
7
7
9
8
5
4
4
8
11
14
13
12
13
12
13
12
12
11
11
10
7
5
3
0
-2
-5
-4
-4
-4
-7
-11
-13
-13
-11
-13
-15
-18
-22
-23
-24
-22
-20
-19
-22
-26
-28
-27
-25
-25
-26
-27
-25
-24
-22
-20
-15
-8
2
9
14
17
22
25
29
35
42
48
49
46
43
41
43
44
44
41
40
37
31
25
20
18
16
17
17
16
14
10
3
-1
-2
1
3
0
-9
-21
-33
-42
-49
-55
-59
-63
-69
-79
-88
-97
-103
-105
-102
-97
-87
-77
-74
-72
-67
-54
-34
-10
10
30
46
57
61
63
68
80
93
103
106
102
92
81
71
66
70
82
86
79
65
47
39
39
43
52
63
68
62
50
39
37
43
50
55
53
40
14
-25
-62
-88
-103
-111
-124
-145
-172
-199
-220
-231
-233
-218
-192
-165
-148
-143
-144
-142
-124
-85
-22
53
104
116
98
74
73
103
147
183
198
190
161
125
94
79
88
105
112
102
76
42
9
-20
-30
-12
30
70
78
52
8
-19
-17
13
64
109
125
104
53
6
-17
-14
0
8
0
-28
-80
-136
-182
-201
-185
-156
-126
-114
-128
-153
-174
-171
-144
-101
-49
-12
3
0
-5
0
15
44
77
110
133
131
106
77
60
64
84
107
117
109
87
60
38
36
49
81
111
125
121
111
100
87
83
93
113
125
118
88
57
34
21
6
-14
-39
-73
-121
-177
-234
-275
-290
-295
-306
-320
-322
-307
-287
-263
-243
-221
-189
-157
-130
-112
-88
-53
-4
52
98
126
145
151
148
145
153
171
189
187
162
136
134
150
172
189
197
204
209
203
188
175
175
191
209
224
228
216
193
158
132
118
120
118
96
56
-4
-64
-108
-144
-183
-232
-278
-326
-376
-424
-464
-480
-474
-464
-454
-437
-406
-369
-330
-285
-237
-185
-141
-126
-136
-124
-35
112
238
257
186
102
99
165
247
317
349
336
270
183
124
135
207
274
280
243
197
164
131
91
70
103
194
274
283
214
126
72
83
146
225
280
282
215
107
18
-11
12
54
71
53
7
-70
-157
-229
-264
-263
-239
-212
-227
-298
-407
-506
-520
-458
-361
-315
-339
-388
-426
-430
-405
-348
-259
-154
-81
-72
-123
-170
-143
-34
125
251
311
312
256
193
174
243
367
453
438
354
269
212
186
184
200
238
274
268
215
124
54
51
105
175
232
252
212
125
42
10
48
126
174
156
79
-10
-75
-108
-118
-117
-113
-101
-99
-154
-274
-404
-477
-464
-399
-357
-376
-441
-520
-593
-620
-580
-482
-379
-329
-349
-392
-377
-293
-199
-122
-45
30
89
94
63
74
194
382
528
559
495
409
371
397
461
544
618
621
538
402
312
312
378
433
415
358
301
265
220
149
104
133
222
287
274
186
84
17
14
71
159
214
186
78
-60
-153
-156
-113
-83
-95
-147
-191
-238
-316
-411
-460
-421
-336
-277
-307
-402
-507
-571
-557
-497
-415
-354
-346
-392
-461
-498
-478
-407
-323
-257
-219
-193
-181
-189
-203
-193
-99
90
307
436
393
248
161
206
351
494
598
651
617
513
387
331
382
492
567
530
428
303
219
156
94
54
71
147
183
126
-16
-142
-184
-147
-61
17
45
15
-79
-204
-280
-247
-145
-58
-44
-106
-169
-207
-264
-334
-364
-312
-209
-135
-157
-280
-387
-438
-422
-357
-279
-226
-234
-300
-404
-468
-462
-384
-305
-258
-244
-245
-237
-230
-218
-180
-103
-5
61
133
266
426
489
394
308
368
546
702
762
763
738
678
582
509
527
602
657
611
457
271
148
106
72
13
-31
-11
11
-58
-196
-318
-343
-287
-195
-118
-83
-94
-134
-189
-216
-162
-38
97
130
62
-10
-17
3
-16
-48
-43
19
66
19
-123
-254
-300
-268
-209
-196
-237
-313
-422
-536
-590
-533
-450
-394
-399
-456
-502
-542
-546
-527
-467
-380
-306
-267
-260
-240
-201
-166
-18
347
719
736
416
193
310
627
821
880
950
1009
864
565
405
474
629
702
618
394
135
13
-14
-106
-265
-316
-179
-63
-179
-466
-646
-610
-471
-323
-166
-46
-9
-53
-105
-94
27
247
429
487
452
460
475
432
364
345
427
538
580
476
274
58
-73
-72
-3
54
17
-90
-247
-410
-469
-427
-387
-425
-476
-502
-531
-582
-670
-746
-798
-768
-721
-705
-775
-878
-965
-967
-902
-780
-569
-292
-116
-136
-126
57
285
354
338
482
832
1086
1038
864
834
905
922
940
982
936
763
542
343
109
-49
-36
46
-21
-274
-455
-470
-467
-554
-619
-501
-338
-258
-266
-253
-235
-213
-94
86
229
330
474
603
587
505
517
645
763
777
735
720
697
586
415
300
272
270
260
203
81
-47
-117
-176
-239
-257
-200
-149
-189
-312
-464
-580
-621
-616
-644
-699
-767
-852
-981
-1133
-1264
-1300
-1258
-1221
-1247
-1269
-1256
-1253
-1166
-849
-325
26
58
-38
56
344
599
824
1120
1496
1608
1396
1165
1185
1360
1406
1370
1266
1082
842
616
420
113
-139
-173
-44
-61
-358
-664
-819
-851
-909
-831
-549
-309
-319
-516
-618
-591
-439
-166
105
238
226
315
505
583
479
422
634
938
1082
986
816
688
554
448
420
525
639
632
441
121
-81
-76
64
133
94
51
30
-25
-199
-375
-436
-349
-283
-330
-475
-648
-758
-902
-1061
-1155
-1107
-993
-1010
-1197
-1401
-1481
-1409
-1328
-1234
-1174
-1017
-688
-174
207
156
-81
-75
386
849
1095
1250
1511
1659
1415
1059
1063
1450
1724
1626
1340
1010
717
451
307
133
-91
-216
-164
-146
-485
-983
-1218
-1103
-940
-880
-708
-455
-409
-688
-929
-842
-490
-75
236
344
245
150
272
468
550
538
715
1076
1269
1105
796
688
735
801
838
911
987
905
675
376
221
284
482
597
487
272
78
-18
-111
-223
-288
-245
-174
-253
-506
-831
-1022
-1069
-1083
-1151
-1226
-1257
-1360
-1581
-1829
-1928
-1832
-1682
-1616
-1664
-1665
-1663
-1528
-1163
-517
80
273
145
-13
188
622
1061
1409
1773
2001
1819
1393
1153
1299
1581
1703
1633
1332
932
483
189
12
-165
-305
-294
-181
-293
-704
-1101
-1231
-1153
-1009
-670
-274
-89
-303
-628
-703
-445
14
454
754
824
757
742
804
820
790
930
1316
1635
1596
1256
901
669
573
744
1113
1367
1172
611
43
-183
-22
265
456
436
255
0
-240
-409
-489
-384
-193
-106
-270
-627
-960
-1171
-1264
-1263
-1164
-1046
-1061
-1334
-1780
-2122
-2167
-1968
-1729
-1605
-1606
-1721
-1883
-1976
-1944
-1595
-908
-12
595
561
82
-234
86
769
1432
1948
2473
2683
2226
1418
1059
1556
2308
2659
2402
1809
1170
613
253
32
-98
-118
10
88
-286
-1085
-1792
-1924
-1630
-1222
-790
-412
-364
-865
-1534
-1707
-1117
-160
551
783
628
415
321
388
564
853
1349
1913
2211
1960
1406
1018
1018
1261
1504
1674
1714
1509
994
368
33
203
604
811
682
324
-69
-374
-599
-681
-592
-368
-243
-389
-815
-1301
-1556
-1543
-1411
-1323
-1327
-1421
-1673
-2054
-2446
-2515
-2259
-1920
-1732
-1727
-1816
-1969
-2021
-1933
-1520
-757
233
972
1014
481
-19
204
1057
1974
2555
2824
2841
2382
1644
1213
1538
2258
2643
2355
1591
797
102
-377
-636
-740
-704
-620
-581
-932
-1711
-2459
-2604
-2108
-1457
-952
-663
-594
-866
-1300
-1443
-923
80
944
1342
1269
991
768
777
1095
1556
2021
2441
2719
2633
2074
1314
907
1133
1706
2051
1916
1412
778
172
-203
-212
69
413
471
134
-493
-1062
-1307
-1194
-925
-745
-740
-887
-1151
-1557
-1967
-2134
-1931
-1546
-1349
-1484
-1871
-2300
-2606
-2693
-2480
-2058
-1631
-1464
-1645
-1990
-2155
-1937
-1281
-324
621
1228
1227
758
323
438
1165
2111
2858
3246
3156
2576
1744
1245
1486
2185
2643
2426
1673
766
-61
-624
-863
-859
-771
-681
-730
-1078
-1780
-2491
-2722
-2346
-1636
-961
-525
-462
-814
-1296
-1407
-829
181
1103
1576
1550
1278
1003
1023
1281
1882
2838
3665
3718
2811
1634
953
1159
1744
2184
2291
2081
1351
231
-667
-929
-449
236
521
128
-709
-1425
-1793
-1850
-1694
-1280
-750
-507
-872
-1676
-2305
-2370
-1902
-1290
-870
-760
-1068
-1678
-2356
-2681
-2419
-1755
-1107
-1033
-1417
-1874
-2036
-2022
-1867
-1338
-289
1033
1796
1443
288
-528
-156
1166
2603
3431
3563
3111
2219
1214
790
1492
2733
3395
2811
1508
294
-442
-746
-894
-868
-664
-424
-493
-1140
-2207
-3101
-3113
-2266
-1183
-525
-341
-483
-962
-1561
-1717
-887
612
1890
2290
1846
1202
818
1047
1856
2886
3662
3877
3450
2539
1615
1090
1288
1982
2515
2391
1654
687
-256
-813
-841
-448
38
186
-187
-975
-1796
-2219
-2070
-1528
-978
-718
-887
-1332
-1932
-2337
-2303
-1824
-1148
-778
-972
-1607
-2321
-2750
-2674
-2198
-1656
-1321
-1326
-1651
-2132
-2404
-2368
-1803
-713
526
1452
1540
741
-254
-434
531
2054
3222
3624
3347
2659
1807
1123
1227
2185
3207
3366
2448
1103
-51
-742
-978
-874
-580
-299
-357
-898
-1819
-2796
-3249
-2882
-1898
-932
-474
-498
-898
-1506
-1936
-1641
-432
1119
2113
2119
1533
1050
1067
1477
2216
3150
3879
4032
3438
2430
1570
1329
1627
2109
2407
2281
1639
621
-412
-1087
-1093
-569
-66
-54
-672
-1522
-2177
-2445
-2269
-1786
-1233
-923
-1096
-1673
-2268
-2512
-2225
-1648
-1175
-998
-1166
-1624
-2162
-2528
-2492
-2029
-1416
-1054
-1167
-1567
-1967
-2130
-1850
-1025
72
1082
1617
1481
789
114
207
1254
2777
3803
3855
3281
2650
2045
1602
1753
2575
3363
3206
2051
628
-437
-933
-1087
-1013
-810
-778
-1098
-1744
-2570
-3353
-3696
-3229
-2142
-1224
-989
-1232
-1580
-1830
-1867
-1341
-119
1345
2303
2337
1758
1231
1286
2148
3420
4281
4363
3841
3159
2608
2138
1881
2103
2685
2901
2253
1098
105
-378
-432
-398
-394
-356
-393
-745
-1468
-2212
-2438
-1997
-1275
-876
-1072
-1589
-2064
-2302
-2246
-2015
-1628
-1292
-1303
-1802
-2433
-2750
-2590
-2174
-1839
-1754
-1771
-1688
-1681
-1791
-1821
-1373
-415
713
1555
1786
1304
555
253
945
2390
3664
3988
3497
2873
2323
1804
1672
2278
3082
3135
2113
746
-237
-754
-1140
-1400
-1337
-1158
-1310
-1882
-2608
-3300
-3740
-3568
-2702
-1713
-1258
-1274
-1456
-1622
-1721
-1437
-414
1105
2198
2284
1750
1494
2098
3203
3876
3840
3572
3585
3803
3674
2992
2368
2387
2644
2445
1818
1189
785
469
-72
-772
-1162
-1043
-845
-1132
-1873
-2414
-2325
-1887
-1728
-1948
-2113
-1988
-1832
-1853
-1973
-1951
-1736
-1639
-1816
-2061
-2106
-1958
-1902
-2034
-2218
-2132
-1755
-1453
-1489
-1649
-1567
-1030
-172
611
1239
1575
1443
946
631
1128
2324
3413
3647
3200
2780
2591
2268
1932
2116
2737
3048
2349
1036
-79
-685
-913
-992
-1058
-1220
-1571
-1985
-2351
-2791
-3267
-3372
-2831
-1948
-1396
-1370
-1510
-1602
-1608
-1463
-729
641
1953
2399
1998
1600
1781
2358
2906
3281
3574
3940
4016
3481
2603
1976
1844
2107
2388
2270
1703
974
215
-435
-850
-864
-568
-355
-615
-1271
-1877
-2119
-2040
-1849
-1649
-1423
-1285
-1390
-1799
-2192
-2276
-2048
-1746
-1602
-1729
-1968
-2187
-2420
-2634
-2642
-2301
-1767
-1380
-1388
-1652
-1703
-1230
-428
349
1102
1708
1841
1338
742
881
1994
3295
3811
3464
2974
2630
2237
1875
1993
2531
2837
2284
1148
17
-663
-961
-1120
-1239
-1413
-1689
-1932
-2168
-2633
-3308
-3608
-3120
-2143
-1507
-1456
-1712
-1844
-1858
-1674
-998
208
1335
1726
1824
2259
2694
2636
2272
2346
3254
4497
4904
4235
3272
2560
2070
1930
2233
2643
2834
2245
899
-480
-1115
-823
-302
-234
-692
-1176
-1357
-1499
-1968
-2472
-2490
-1936
-1201
-991
-1390
-1967
-2417
-2727
-2844
-2587
-1964
-1476
-1634
-2522
-3455
-3543
-2798
-2079
-1787
-1814
-1717
-1335
-831
-438
-101
544
1305
1657
1414
1142
1461
2445
3252
3335
3092
3054
3079
2795
2406
2425
2733
2690
1972
898
105
-191
-395
-787
-1309
-1800
-2073
-2066
-2088
-2536
-3233
-3465
-2934
-2087
-1624
-1650
-1794
-1803
-1721
-1349
-576
585
1615
2010
1986
1939
1997
2164
2427
2899
3623
4264
4281
3588
2635
1906
1730
2191
2725
2844
2410
1422
308
-411
-522
-215
89
91
-325
-945
-1426
-1687
-1762
-1703
-1521
-1274
-1106
-1267
-1733
-2301
-2687
-2730
-2533
-2228
-2118
-2379
-2882
-3365
-3554
-3331
-2946
-2588
-2281
-2056
-1951
-1838
-1436
-746
168
1066
1529
1325
823
756
1529
2804
3613
3608
3329
3149
2857
2302
2051
2506
3082
2906
1850
610
-144
-494
-831
-1232
-1463
-1547
-1650
-1910
-2401
-3038
-3465
-3250
-2493
-1749
-1427
-1455
-1566
-1722
-1794
-1377
-299
1049
2006
2246
2056
1826
1762
1935
2430
3251
4085
4512
4198
3286
2313
1798
1942
2555
3084
3104
2441
1261
86
-535
-452
45
466
407
-155
-906
-1491
-1786
-1780
-1515
-1155
-813
-780
-1201
-1934
-2606
-2913
-2789
-2431
-2182
-2274
-2715
-3270
-3742
-3878
-3649
-3174
-2689
-2298
-2065
-1837
-1546
-1151
-398
700
1466
1389
862
912
1893
3040
3542
3419
3440
3590
3333
2732
2569
2983
3282
2805
1871
1126
717
311
-353
-1011
-1352
-1452
-1429
-1490
-1951
-2767
-3334
-3110
-2305
-1724
-1563
-1520
-1460
-1587
-1838
-1619
-592
641
1355
1645
1880
1892
1495
1042
1239
2303
3543
4005
3552
2713
1849
1260
1301
1867
2565
2969
2586
1454
174
-521
-365
292
778
765
357
-147
-733
-1363
-1690
-1471
-866
-339
-354
-983
-1868
-2621
-3074
-3076
-2664
-2262
-2325
-2910
-3758
-4371
-4308
-3873
-3439
-3148
-2820
-2380
-1806
-1356
-1049
-475
368
1013
1123
1142
1645
2649
3350
3343
3128
3394
3804
3750
3372
3278
3437
3242
2503
1700
1278
1145
827
85
-715
-1234
-1441
-1410
-1499
-2013
-2774
-3085
-2672
-1985
-1701
-1781
-1863
-1818
-1846
-1820
-1262
-100
972
1234
785
388
615
1265
1796
2077
2418
2898
3080
2657
1909
1487
1800
2522
2893
2631
2031
1562
1275
1015
755
693
938
1147
859
133
-508
-730
-635
-554
-628
-680
-673
-889
-1547
-2353
-2774
-2650
-2257
-2172
-2645
-3363
-3953
-4195
-4154
-3946
-3765
-3640
-3483
-3213
-2775
-2199
-1626
-919
55
792
814
457
703
1882
3165
3590
3334
3295
3637
3693
3253
3099
3566
3979
3450
2314
1422
1077
901
472
-141
-673
-1050
-1279
-1438
-1856
-2620
-3181
-3037
-2373
-1905
-1894
-1960
-1823
-1803
-2050
-2036
-1138
349
1299
1107
627
713
1129
1409
1425
1621
2400
3299
3318
2434
1573
1315
1641
2185
2420
2330
2175
1767
1068
363
151
611
1242
1345
736
-34
-337
-290
-323
-595
-793
-606
-217
-299
-1091
-2033
-2564
-2620
-2470
-2371
-2438
-2758
-3291
-4062
-4580
-4412
-3799
-3296
-3088
-2951
-2555
-1944
-1246
-464
186
375
216
440
1557
2973
3639
3321
2900
3077
3356
3270
3246
3724
4226
3802
2474
1299
957
1057
869
294
-292
-740
-1094
-1408
-1819
-2388
-2914
-2950
-2444
-1916
-1813
-1859
-1779
-1675
-1836
-1895
-1212
217
1518
1820
1208
554
505
987
1619
2154
2587
2967
2968
2275
1195
616
1064
2045
2658
2446
1707
928
375
73
97
542
1222
1580
1132
120
-772
-992
-575
-48
184
92
-161
-615
-1309
-2009
-2255
-2005
-1643
-1616
-2088
-2797
-3410
-3822
-4044
-4027
-3702
-3276
-3056
-3081
-3084
-2710
-1990
-1054
-27
677
728
312
320
1241
2643
3418
3437
3362
3443
3228
2698
2653
3320
3990
3578
2334
1263
864
679
139
-532
-876
-935
-944
-1118
-1650
-2529
-3284
-3293
-2537
-1667
-1237
-1181
-1291
-1578
-1956
-1886
-794
789
1847
2149
2062
1635
1066
726
1082
2261
3506
3844
3175
2221
1248
549
647
1413
2211
2594
2098
842
-365
-876
-577
184
887
1148
893
363
-401
-1159
-1301
-760
69
723
709
-74
-1113
-1900
-2264
-2102
-1551
-1226
-1512
-2230
-3215
-3998
-4057
-3654
-3362
-3225
-3065
-2722
-2174
-1645
-1171
-586
-98
-9
-16
613
1855
2914
3045
2559
2485
2931
3148
2891
2873
3388
3777
3138
1914
1102
930
924
552
-104
-698
-1111
-1332
-1472
-1717
-2241
-2822
-2877
-2377
-1876
-1713
-1639
-1509
-1484
-1705
-1600
-621
757
1548
1335
933
976
1381
1814
1981
2084
2428
2772
2645
2113
1474
993
1032
1427
1633
1448
1115
637
78
-330
-466
-194
338
640
402
-146
-596
-786
-639
-338
-142
-95
-75
-282
-818
-1336
-1613
-1553
-1312
-1343
-1802
-2414
-2856
-3148
-3193
-3075
-3020
-3094
-3078
-2879
-2526
-2031
-1353
-407
393
412
-220
-406
634
2308
3238
3021
2570
2700
2953
2764
2455
2763
3515
3712
2922
1812
1150
900
649
180
-251
-479
-621
-830
-1256
-1915
-2591
-2728
-2281
-1755
-1562
-1517
-1368
-1245
-1473
-1745
-1370
-73
1550
2438
2080
1004
286
589
1665
2691
3179
3252
3089
2446
1359
518
619
1538
2405
2331
1383
327
-349
-632
-690
-502
10
619
767
65
-1097
-1854
-1685
-872
-86
186
24
-447
-1238
-2093
-2475
-2042
-1118
-622
-1124
-2309
-3284
-3593
-3353
-3005
-2811
-2704
-2614
-2480
-2247
-1921
-1416
-633
68
309
192
335
1150
2321
2927
2751
2512
2737
3009
2927
2788
3014
3381
3153
2233
1344
1039
1091
799
64
-590
-875
-918
-1053
-1523
-2252
-2831
-2819
-2236
-1649
-1570
-1781
-1866
-1734
-1675
-1552
-936
55
953
1500
1735
1690
1396
1179
1374
2169
3145
3637
3389
2711
1828
1010
854
1417
2117
2320
1809
781
-213
-716
-709
-405
-32
137
24
-268
-748
-1325
-1591
-1413
-995
-530
-256
-350
-851
-1590
-2295
-2463
-1865
-1151
-1044
-1582
-2434
-3167
-3322
-3002
-2664
-2395
-2241
-2041
-1635
-1106
-490
131
497
271
-129
231
1657
3268
3771
3033
2152
2016
2313
2529
2776
3179
3445
2857
1677
715
405
536
461
42
-467
-834
-1032
-1227
-1616
-2299
-2877
-2823
-2069
-1309
-1130
-1400
-1687
-1808
-1883
-1585
-460
1039
2003
1971
1254
583
552
1123
1958
2774
3328
3356
2785
1896
1010
626
1050
1847
2358
2122
1232
196
-558
-851
-654
-173
333
466
27
-740
-1504
-1841
-1600
-1083
-639
-488
-668
-1166
-1822
-2357
-2537
-2136
-1431
-1123
-1434
-2113
-2731
-3031
-2977
-2709
-2312
-1812
-1533
-1455
-1402
-1094
-338
569
973
714
427
843
1929
2972
3252
2952
2669
2517
2254
2064
2441
3070
3185
2295
1100
467
537
710
368
-298
-871
-1108
-1105
-1123
-1417
-1940
-2294
-2257
-1926
-1622
-1362
-1123
-996
-1228
-1626
-1481
-514
778
1610
1660
1189
793
861
1224
1733
2294
2791
3026
2676
1846
1052
953
1437
1935
1985
1593
1102
630
167
-312
-511
-322
94
231
-155
-741
-1224
-1372
-1340
-1261
-1164
-989
-888
-1212
-1888
-2538
-2699
-2231
-1643
-1504
-1951
-2524
-2903
-2989
-2960
-2907
-2577
-2028
-1467
-1067
-798
-305
483
1032
942
532
718
1822
3251
3892
3520
2937
2661
2475
2254
2376
2955
3477
3086
1791
470
-118
52
294
108
-360
-880
-1260
-1521
-1813
-2187
-2460
-2327
-1835
-1445
-1436
-1542
-1494
-1413
-1531
-1459
-589
736
1679
1784
1347
839
691
915
1478
2371
3202
3352
2652
1669
857
644
1127
1873
2295
2134
1406
485
-253
-567
-364
150
592
626
110
-616
-1266
-1589
-1478
-1189
-879
-703
-858
-1415
-2167
-2777
-3050
-2746
-2094
-1688
-1914
-2444
-3027
-3408
-3406
-3132
-2674
-2075
-1635
-1326
-1047
-588
274
1087
1338
939
739
1453
2882
3993
4038
3421
2942
2709
2363
2236
2683
3320
3274
2051
654
-54
-7
117
-248
-759
-1170
-1387
-1546
-1733
-2077
-2496
-2620
-2252
-1576
-1244
-1240
-1330
-1318
-1326
-1367
-906
127
1203
1804
1891
1725
1433
1163
1080
1526
2431
3288
3464
2858
1836
780
435
951
1841
2449
2257
1376
319
-318
-451
-198
193
476
428
53
-421
-950
-1288
-1431
-1395
-1143
-840
-727
-1096
-1920
-2906
-3482
-3159
-2325
-1843
-2056
-2699
-3342
-3601
-3526
-3402
-3068
-2487
-1761
-1092
-538
164
936
1287
875
350
876
2543
4281
4899
4315
3516
3033
2584
2168
2456
3407
4087
3299
1470
-146
-783
-655
-562
-718
-1026
-1377
-1751
-2257
-2801
-3220
-3249
-2757
-1941
-1371
-1277
-1389
-1509
-1642
-1831
-1487
-86
1779
2996
2715
1427
393
474
1453
2581
3340
3662
3582
2854
1579
415
271
1217
2361
2796
2123
953
-2
-560
-692
-338
406
1151
1248
392
-996
-1941
-1856
-1036
-346
-238
-649
-1270
-1908
-2581
-3097
-3210
-2750
-2163
-2145
-2673
-3358
-3775
-3784
-3576
-3299
-2963
-2459
-2011
-1591
-1225
-624
486
1623
2093
1718
1429
1987
3371
4641
4969
4702
4366
3957
3285
2800
3066
3637
3640
2601
1217
183
-293
-611
-1180
-1597
-1831
-1889
-2078
-2506
-3155
-3738
-3687
-3024
-2080
-1541
-1451
-1492
-1491
-1584
-1622
-944
420
1745
2298
2274
2141
1928
1653
1398
1752
2831
3915
4011
2964
1639
745
702
1215
1781
2056
1970
1380
321
-605
-956
-512
242
633
348
-329
-829
-1180
-1391
-1511
-1493
-1308
-1058
-1070
-1596
-2365
-3029
-3374
-3275
-3000
-2828
-2851
-3019
-3438
-3930
-4121
-3883
-3188
-2430
-1869
-1453
-801
342
1478
1824
1310
853
1585
3283
4840
5306
5013
4630
4106
3297
2660
3046
4036
4478
3407
1557
145
-452
-621
-1038
-1505
-1789
-1904
-2114
-2728
-3547
-4240
-4277
-3602
-2672
-2077
-1907
-1749
-1706
-1872
-2114
-1570
-33
1675
2895
2953
2157
1357
1185
1676
2583
3599
4206
4273
3607
2176
713
276
1115
2377
3161
2659
1325
22
-827
-991
-551
353
1137
1265
534
-817
-1839
-1933
-1363
-813
-525
-642
-1079
-1717
-2671
-3560
-3813
-3173
-2431
-2350
-2870
-3606
-4054
-4206
-4240
-4159
-3554
-2597
-1674
-1116
-940
-429
526
1302
1393
1347
2156
3600
4860
5104
4692
4546
4647
4411
3779
3706
4229
4518
3550
1906
681
193
72
-511
-1359
-2025
-2303
-2384
-2760
-3464
-4296
-4574
-4001
-2966
-2324
-2369
-2539
-2497
-2246
-2022
-1354
54
1535
2323
2142
1577
1320
1654
2281
2870
3429
3885
3991
3470
2456
1382
1030
1653
2521
2907
2413
1381
446
-146
-351
-156
393
988
1007
279
-794
-1540
-1527
-1036
-712
-784
-1118
-1573
-2105
-2753
-3330
-3566
-3276
-2806
-2890
-3420
-3897
-4122
-4191
-4209
-4128
-3717
-2972
-2143
-1510
-1065
-318
671
1306
1302
1182
1908
3446
4859
5317
4951
4736
4763
4576
4099
4025
4449
4643
3750
2200
1084
627
381
-295
-1179
-1778
-2056
-2234
-2739
-3508
-4274
-4606
-4259
-3408
-2758
-2676
-2830
-2899
-2826
-2633
-1849
-242
1372
2151
1805
1027
845
1455
2362
3101
3626
3892
3811
3325
2489
1698
1556
2078
2673
2925
2528
1690
858
190
-128
104
762
1388
1327
503
-682
-1473
-1407
-819
-395
-422
-912
-1729
-2522
-3098
-3344
-3290
-3072
-3046
-3432
-3907
-4178
-4205
-4164
-4176
-4152
-3767
-3064
-2202
-1444
-896
-249
494
1048
1180
1443
2423
3802
4858
5047
4839
4824
4908
4713
4413
4583
4968
4822
3604
2118
1260
1027
787
18
-815
-1478
-1898
-2273
-2854
-3609
-4347
-4609
-4230
-3447
-2927
-2934
-3189
-3419
-3463
-3129
-1959
-186
1288
1659
934
236
430
1406
2464
3201
3474
3405
3159
2674
2104
1868
2142
2568
2760
2573
2053
1507
1030
611
375
530
1017
1377
1185
311
-743
-1246
-1003
-440
-105
-264
-978
-1969
-2854
-3350
-3305
-2888
-2653
-3008
-3753
-4393
-4600
-4416
-4163
-4040
-3860
-3519
-3029
-2364
-1571
-650
243
794
885
849
1463
2764
4170
4852
4846
4726
4727
4674
4442
4523
4982
5305
4681
3298
2089
1556
1420
938
90
-647
-1057
-1249
-1691
-2492
-3511
-4283
-4366
-3737
-2897
-2523
-2699
-3225
-3726
-3916
-3318
-1823
-174
952
1127
604
185
303
970
1907
2861
3393
3420
3102
2442
1766
1502
1775
2293
2884
3027
2502
1610
728
262
327
848
1470
1728
1443
448
-676
-1283
-1182
-641
-56
53
-690
-1879
-3029
-3742
-3729
-3168
-2725
-2902
-3508
-4323
-5008
-5165
-4933
-4428
-3794
-3091
-2405
-1755
-971
-308
11
-26
56
1008
2758
4411
4968
4611
4071
3718
3717
4019
4832
5717
5968
4896
3142
1894
1499
1606
1508
1086
432
-280
-903
-1591
-2265
-2986
-3540
-3667
-3282
-2737
-2545
-2673
-3105
-3681
-4029
-3486
-2003
-341
655
391
-544
-1105
-794
265
1670
2863
3235
2752
1780
884
680
1291
2237
2877
2932
2390
1685
1195
923
864
1141
1636
2063
2112
1620
667
-214
-606
-522
-66
505
690
-21
-1468
-2949
-3794
-3581
-2764
-2147
-2229
-3006
-4095
-5007
-5328
-5133
-4470
-3573
-2737
-2150
-1940
-1664
-1193
-612
-244
22
893
2421
3949
4489
4188
3764
3465
3378
3535
4341
5403
5831
4790
2975
1727
1477
1793
1785
1384
808
163
-433
-1022
-1499
-2000
-2522
-2820
-2639
-2215
-1974
-2013
-2419
-3112
-3642
-3234
-1784
-303
154
-617
-1520
-1579
-891
37
874
1595
2004
1772
958
204
220
940
1779
2162
2096
1821
1544
1265
994
967
1377
2076
2504
2224
1461
717
424
511
600
537
498
375
-168
-1154
-2197
-2803
-2939
-2830
-2756
-2772
-2925
-3450
-4273
-5083
-5405
-4919
-3913
-2845
-2106
-1676
-1324
-1033
-920
-909
-493
683
2455
3932
4485
4392
4010
3398
2781
2825
3964
5401
5886
4726
2870
1567
1248
1447
1509
1384
1121
721
78
-723
-1462
-2019
-2215
-1982
-1526
-1281
-1383
-1728
-2273
-2846
-3001
-2334
-1080
-51
13
-814
-1621
-1749
-1236
-442
395
1117
1523
1302
419
-537
-775
-145
879
1680
1932
1676
1145
553
226
515
1445
2464
2894
2479
1550
729
463
655
967
1200
1193
761
-98
-1122
-2005
-2418
-2460
-2503
-2673
-2797
-2944
-3309
-3945
-4740
-5171
-4813
-3780
-2664
-1912
-1396
-1085
-1089
-1334
-1373
-460
1198
2877
3682
3840
3835
3640
3101
2581
2985
4165
5179
4839
3450
2148
1434
1236
1101
1061
1137
1157
877
98
-853
-1667
-1978
-1716
-1082
-585
-530
-748
-1258
-1937
-2458
-2176
-1007
203
589
-55
-977
-1448
-1411
-1089
-571
125
781
1023
542
-408
-1164
-1235
-682
132
803
1162
1114
677
-3
-376
40
1131
2312
2799
2386
1454
707
438
554
932
1413
1606
1103
0
-1201
-1902
-2053
-2070
-2240
-2468
-2572
-2784
-3276
-4006
-4568
-4518
-3965
-3139
-2419
-1739
-1118
-855
-1050
-1490
-1231
-23
1711
3004
3396
3442
3380
3137
2642
2564
3372
4497
4892
3933
2545
1575
1292
1265
1102
1024
970
952
603
-109
-961
-1627
-1726
-1339
-720
-328
-226
-441
-1033
-1693
-1875
-1147
-8
789
712
-32
-650
-885
-853
-716
-381
135
506
428
-204
-936
-1349
-1350
-1059
-572
26
459
541
74
-537
-642
-26
1053
1971
2344
2060
1382
761
436
545
1048
1553
1532
845
-219
-1123
-1537
-1669
-1801
-2016
-2173
-2355
-2749
-3353
-3935
-4033
-3640
-3011
-2472
-1895
-1196
-730
-824
-1430
-1546
-640
1024
2470
3069
3213
3089
2732
2185
2053
2842
4054
4656
3940
2588
1433
913
875
931
1032
966
857
567
52
-617
-1267
-1502
-1248
-695
-267
-92
-178
-628
-1244
-1532
-1027
-29
784
906
379
-210
-568
-656
-505
-219
94
221
82
-407
-1014
-1417
-1511
-1323
-997
-589
-294
-145
-276
-648
-831
-551
227
1078
1595
1622
1307
937
609
520
816
1249
1400
1065
335
-485
-1024
-1264
-1380
-1463
-1536
-1805
-2301
-2881
-3331
-3454
-3211
-2620
-2015
-1426
-901
-612
-713
-1131
-1183
-474
865
2069
2618
2790
2761
2472
1964
1794
2405
3377
3844
3324
2447
1752
1271
851
521
549
747
887
724
309
-236
-846
-1204
-1087
-520
11
278
269
-96
-614
-912
-573
177
851
1064
784
396
-4
-327
-403
-140
234
311
13
-541
-993
-1280
-1519
-1663
-1526
-1077
-701
-600
-837
-1154
-1168
-840
-316
192
647
891
825
542
250
269
622
969
905
488
43
-315
-620
-1015
-1373
-1476
-1373
-1380
-1717
-2271
-2772
-2947
-2758
-2295
-1740
-1130
-538
-291
-555
-1099
-1126
-267
1056
2028
2285
2321
2345
2197
1819
1710
2296
3101
3317
2632
1779
1351
1206
1005
660
553
651
770
642
259
-185
-578
-680
-449
-14
336
522
625
556
249
-128
-145
328
981
1396
1365
1040
562
30
-336
-362
-41
326
398
-107
-989
-1769
-2101
-2007
-1644
-1212
-906
-779
-948
-1303
-1532
-1398
-841
-132
463
754
669
286
-179
-354
-128
324
625
563
148
-460
-1091
-1562
-1637
-1412
-1126
-1120
-1434
-1919
-2387
-2619
-2386
-1705
-911
-197
121
-159
-815
-1223
-749
471
1818
2452
2381
2109
1786
1474
1384
1926
2742
3138
2650
1695
984
673
577
394
366
563
741
683
259
-293
-727
-771
-335
368
944
1164
1120
896
540
223
266
731
1343
1715
1609
1186
773
406
69
-101
6
324
446
76
-793
-1730
-2275
-2283
-1941
-1558
-1270
-1152
-1276
-1609
-1856
-1729
-1293
-680
-216
-14
7
-47
-92
-197
-291
-309
-168
-10
7
-194
-633
-1109
-1422
-1453
-1278
-1080
-984
-1106
-1420
-1829
-1991
-1569
-807
15
554
479
-102
-696
-605
169
1314
2134
2337
2170
1731
1269
1021
1422
2210
2685
2453
1625
896
418
190
45
21
257
487
601
322
-222
-759
-890
-453
281
1082
1558
1644
1271
594
82
230
1038
1819
2130
1856
1269
716
311
131
196
493
792
746
234
-595
-1393
-1934
-2122
-1925
-1458
-992
-915
-1364
-2058
-2460
-2212
-1492
-707
-288
-361
-716
-993
-930
-671
-390
-213
-147
-201
-444
-728
-874
-781
-691
-733
-826
-768
-535
-444
-658
-1064
-1334
-1168
-545
162
707
972
739
25
-638
-523
404
1564
2112
1919
1472
1015
573
369
802
1603
2154
1948
1114
247
-224
-183
71
371
649
783
729
351
-185
-473
-204
433
1012
1353
1524
1526
1192
538
3
186
1010
1789
1959
1490
741
81
-308
-370
-44
499
924
779
-26
-1026
-1692
-1769
-1538
-1259
-1008
-849
-917
-1385
-2040
-2413
-2179
-1526
-953
-744
-815
-971
-1190
-1444
-1545
-1353
-880
-428
-342
-639
-1016
-1126
-1044
-934
-805
-620
-359
-266
-443
-767
-889
-704
-302
187
512
704
725
676
627
634
783
1035
1440
1670
1583
1381
1275
1291
1291
1289
1203
1178
1114
886
513
133
-8
81
397
718
845
760
476
144
20
311
914
1510
1753
1511
1057
732
677
776
972
1145
1229
1226
987
551
160
-12
-10
107
246
278
138
-231
-790
-1304
-1484
-1322
-1059
-922
-1036
-1325
-1678
-1982
-2083
-1937
-1559
-1170
-982
-1097
-1475
-1801
-1848
-1645
-1364
-1122
-998
-1008
-1106
-1215
-1271
-1170
-954
-666
-368
-214
-316
-534
-679
-624
-275
252
678
863
871
826
768
751
843
1136
1525
1645
1376
1039
1073
1316
1424
1271
1056
940
914
838
589
345
227
139
78
93
313
577
741
549
180
78
333
812
1179
1309
1248
1163
1033
787
694
875
1175
1287
1156
862
561
384
237
92
0
8
79
-10
-304
-683
-932
-1075
-1227
-1320
-1246
-1099
-1073
-1280
-1663
-1917
-1779
-1427
-1223
-1289
-1412
-1481
-1525
-1560
-1579
-1452
-1250
-1156
-1210
-1251
-1078
-789
-588
-661
-799
-758
-495
-164
63
219
300
340
341
505
845
1146
1219
1089
1038
1193
1405
1438
1311
1314
1454
1499
1269
973
821
850
852
625
364
259
300
212
-27
-156
-26
344
582
521
363
377
524
614
575
591
880
1232
1281
960
598
482
574
736
808
833
823
640
258
-116
-237
-61
162
132
-164
-514
-717
-817
-933
-1071
-1193
-1197
-1145
-1156
-1239
-1353
-1462
-1595
-1690
-1699
-1587
-1383
-1259
-1371
-1626
-1757
-1682
-1467
-1247
-1064
-880
-769
-778
-878
-879
-692
-433
-201
-31
117
290
408
428
524
738
948
1079
1135
1257
1394
1428
1323
1174
1168
1224
1237
1130
940
780
713
652
518
382
288
253
186
57
-4
40
196
285
253
238
335
529
657
685
680
755
844
875
897
962
1057
1017
855
688
679
827
899
766
510
279
162
178
214
115
-141
-474
-735
-864
-887
-851
-892
-1045
-1311
-1549
-1643
-1615
-1530
-1454
-1443
-1536
-1682
-1753
-1714
-1623
-1495
-1365
-1274
-1211
-1175
-1158
-1064
-891
-742
-644
-553
-409
-271
-191
-162
-112
50
347
662
847
807
643
560
654
904
1185
1376
1419
1254
950
675
633
841
1054
1079
919
738
612
518
409
316
301
369
428
366
225
103
63
86
132
266
524
793
866
697
495
501
755
1071
1255
1240
1107
935
740
602
613
784
952
943
738
469
286
165
32
-85
-214
-328
-466
-647
-860
-1043
-1173
-1341
-1535
-1675
-1681
-1603
-1535
-1581
-1714
-1770
-1729
-1612
-1490
-1398
-1291
-1161
-1046
-974
-908
-870
-828
-752
-625
-432
-226
-129
-178
-218
-116
134
393
521
494
394
297
317
504
770
979
1028
890
714
616
609
688
753
752
703
647
567
465
351
255
189
201
285
374
397
314
167
23
-4
157
455
692
783
719
601
573
652
858
1121
1330
1375
1242
1007
809
755
823
939
989
946
831
694
550
337
142
-25
-163
-255
-315
-425
-638
-934
-1275
-1540
-1682
-1676
-1604
-1581
-1629
-1735
-1816
-1877
-1883
-1791
-1604
-1336
-1120
-998
-946
-911
-896
-862
-781
-591
-284
-11
91
-4
-145
-177
-62
122
255
328
397
385
294
194
155
231
439
622
658
562
450
399
377
439
531
626
671
549
324
120
77
146
246
307
296
255
193
136
84
123
280
507
700
678
547
427
402
548
808
1084
1197
1094
869
682
661
798
977
1070
1053
945
829
721
602
470
335
199
43
-115
-218
-340
-604
-996
-1415
-1639
-1563
-1312
-1144
-1251
-1553
-1822
-1904
-1776
-1518
-1231
-1014
-960
-1027
-1078
-987
-757
-498
-344
-315
-280
-132
42
137
143
133
176
226
270
322
402
470
453
377
337
387
455
472
426
379
388
403
392
396
440
497
504
432
315
218
168
145
138
113
76
72
64
33
14
51
153
289
394
442
457
450
436
497
694
957
1144
1133
995
871
826
865
934
1005
1025
966
829
642
475
377
294
163
-3
-174
-341
-525
-750
-1028
-1294
-1441
-1448
-1375
-1309
-1323
-1410
-1512
-1619
-1658
-1518
-1214
-925
-830
-905
-977
-862
-627
-447
-348
-266
-162
-57
46
120
197
283
334
333
293
304
387
488
525
467
396
353
334
307
290
328
425
511
494
403
319
333
408
420
325
212
156
99
-6
-150
-215
-127
52
174
105
-75
-188
-128
83
338
537
650
647
536
444
495
687
901
1039
1055
982
880
786
735
723
733
755
754
672
495
278
38
-167
-316
-389
-437
-539
-747
-1061
-1372
-1546
-1504
-1332
-1162
-1101
-1181
-1345
-1478
-1467
-1275
-970
-734
-635
-623
-621
-599
-548
-450
-291
-48
197
344
372
338
319
361
483
651
784
811
750
662
622
665
717
688
576
459
411
419
411
353
293
263
242
222
215
201
143
43
-55
-79
-69
-34
-12
-40
-80
-123
-148
-130
-75
-2
90
203
310
357
375
424
510
598
663
717
758
782
729
612
504
423
343
278
255
211
103
-78
-260
-377
-436
-475
-527
-605
-745
-943
-1142
-1272
-1312
-1308
-1273
-1261
-1268
-1273
-1286
-1270
-1202
-1073
-906
-739
-576
-433
-309
-207
-115
-25
55
165
299
426
502
506
487
482
547
643
729
763
733
687
669
667
653
662
677
664
615
553
497
423
367
335
331
324
265
162
54
-6
-42
-60
-61
-54
-24
3
6
-11
-21
-6
25
93
172
236
279
323
373
406
454
497
527
542
549
542
531
517
471
408
313
206
67
-101
-230
-312
-336
-385
-512
-673
-812
-881
-939
-1021
-1117
-1181
-1208
-1228
-1230
-1222
-1189
-1172
-1157
-1113
-1027
-878
-747
-638
-539
-422
-250
-96
14
72
129
232
369
492
569
585
565
563
599
690
827
936
960
911
809
696
664
737
830
837
741
604
489
441
425
411
395
365
290
192
147
152
151
79
-53
-128
-79
38
125
123
65
11
-7
49
192
358
460
453
350
256
230
321
475
539
469
327
187
84
24
-38
-120
-244
-403
-578
-713
-753
-734
-763
-872
-977
-997
-950
-905
-906
-965
-1048
-1094
-1054
-967
-899
-869
-870
-879
-892
-887
-832
-705
-548
-436
-350
-250
-118
-19
33
107
215
376
546
666
684
642
605
611
668
760
880
986
1011
914
762
697
779
927
995
938
809
686
598
527
473
422
374
317
249
177
136
148
156
102
26
12
118
291
387
359
278
260
336
467
598
664
620
475
316
233
289
393
414
285
40
-156
-217
-192
-184
-285
-455
-631
-725
-739
-720
-691
-703
-758
-832
-861
-832
-772
-758
-828
-925
-970
-910
-809
-746
-748
-785
-796
-758
-669
-571
-491
-430
-359
-291
-245
-185
-102
-1
88
157
239
337
420
460
465
482
532
621
718
791
813
752
670
631
657
724
771
760
669
509
329
200
155
183
230
251
240
202
157
105
87
119
196
280
297
259
199
171
179
185
201
237
298
351
334
236
95
-16
-55
-25
13
5
-83
-273
-472
-597
-609
-557
-533
-585
-693
-770
-809
-816
-798
-739
-663
-585
-517
-486
-497
-537
-563
-558
-526
-459
-402
-388
-433
-509
-550
-522
-408
-284
-186
-128
-103
-84
-62
-6
103
241
351
397
401
400
432
473
503
534
572
603
623
632
603
555
524
528
581
643
661
608
502
395
338
344
354
348
330
302
263
219
207
239
307
356
351
307
278
275
282
275
251
241
235
228
212
175
125
35
-75
-182
-276
-321
-316
-313
-376
-493
-625
-721
-754
-729
-673
-642
-660
-705
-741
-729
-688
-648
-613
-555
-469
-392
-351
-354
-377
-408
-443
-465
-451
-408
-353
-341
-378
-427
-431
-352
-224
-98
-37
-23
-6
45
126
217
301
385
446
470
470
462
453
463
481
507
522
496
428
334
264
263
346
445
480
413
288
199
210
297
399
465
479
447
409
417
480
558
605
591
540
489
453
442
419
353
256
158
117
120
112
60
-34
-165
-327
-465
-526
-505
-479
-532
-660
-787
-843
-829
-775
-713
-664
-629
-620
-605
-559
-488
-441
-423
-410
-359
-277
-232
-232
-275
-327
-360
-372
-360
-341
-334
-337
-349
-357
-331
-268
-169
-80
-25
-1
6
32
76
146
235
316
395
448
460
424
369
345
368
442
506
487
387
284
212
189
209
267
330
348
313
237
187
217
321
444
548
616
640
645
655
700
751
781
779
735
685
633
553
449
328
203
91
-11
-75
-118
-194
-323
-499
-657
-709
-662
-609
-635
-745
-860
-906
-855
-738
-616
-552
-559
-595
-579
-505
-400
-310
-278
-292
-310
-305
-279
-250
-232
-238
-274
-305
-317
-294
-252
-240
-256
-273
-240
-158
-84
-48
-50
-63
-47
-4
65
166
268
337
336
293
250
250
290
326
338
313
258
190
122
82
70
92
108
100
108
142
203
257
282
292
334
444
589
706
776
804
810
814
814
831
861
871
815
707
560
426
324
232
145
63
-21
-117
-242
-397
-549
-664
-702
-665
-628
-648
-723
-805
-850
-825
-750
-650
-526
-435
-400
-400
-378
-312
-238
-187
-166
-147
-118
-87
-63
-94
-167
-230
-248
-225
-178
-132
-116
-130
-155
-161
-112
-16
67
104
93
77
62
72
123
207
286
321
299
216
119
58
60
90
137
140
60
-40
-107
-129
-110
-83
-57
-21
16
71
123
169
223
282
354
434
523
624
714
768
790
775
752
742
742
743
718
639
509
342
188
82
9
-53
-151
-283
-430
-587
-720
-788
-789
-755
-719
-693
-694
-728
-777
-793
-750
-615
-435
-300
-218
-194
-214
-241
-225
-158
-63
30
72
54
6
-28
-53
-63
-54
-48
-31
24
67
67
20
-41
-53
-5
79
144
169
136
46
-42
-50
30
155
217
172
37
-99
-153
-143
-87
-47
-47
-85
-135
-170
-177
-147
-81
-18
23
59
108
178
263
363
471
585
687
754
804
831
855
898
931
942
903
840
756
631
514
417
339
256
139
-15
-179
-293
-367
-434
-524
-622
-682
-724
-750
-759
-726
-684
-674
-699
-743
-728
-617
-466
-348
-286
-275
-288
-290
-271
-228
-161
-76
-8
11
0
-18
-34
-45
-41
0
67
132
152
125
87
72
78
89
131
178
193
176
116
34
-23
-50
-30
11
32
5
-84
-189
-281
-334
-319
-267
-214
-201
-218
-233
-218
-164
-105
-21
82
191
284
366
461
550
649
752
829
860
859
845
836
843
851
831
760
651
512
377
296
244
181
95
-26
-166
-299
-393
-452
-483
-517
-561
-605
-642
-663
-675
-678
-665
-631
-572
-494
-410
-339
-294
-270
-251
-212
-181
-146
-107
-79
-48
-30
-15
-32
-60
-62
-26
51
117
146
137
99
69
85
136
177
190
163
113
77
60
47
22
-11
-24
-44
-68
-83
-105
-141
-210
-283
-314
-282
-230
-204
-218
-233
-229
-207
-164
-97
-10
103
238
333
396
442
513
617
746
855
909
907
863
808
758
740
730
699
610
470
324
206
127
85
28
-67
-197
-312
-409
-480
-510
-536
-559
-599
-627
-663
-701
-715
-707
-646
-543
-435
-361
-325
-329
-332
-310
-252
-167
-79
-27
-25
-49
-74
-70
-57
-24
26
89
135
130
93
60
54
82
124
177
209
199
141
66
38
58
95
120
109
75
22
-53
-120
-156
-171
-189
-206
-227
-249
-267
-281
-288
-274
-229
-157
-93
-34
20
78
162
256
357
454
548
630
697
730
739
745
751
750
719
661
590
524
443
351
255
176
115
54
-24
-132
-255
-366
-437
-469
-479
-500
-544
-606
-647
-667
-654
-603
-536
-460
-390
-316
-250
-202
-178
-169
-142
-90
-33
31
72
71
27
-27
-51
-23
45
116
168
178
165
133
111
119
153
198
232
239
206
134
54
6
2
44
77
83
45
-19
-79
-131
-158
-161
-138
-126
-126
-149
-189
-229
-249
-251
-222
-148
-45
47
104
124
139
205
318
440
546
590
590
565
541
541
560
576
537
456
346
258
209
171
120
59
3
-43
-90
-167
-258
-344
-406
-441
-446
-440
-448
-478
-521
-567
-582
-549
-469
-375
-308
-284
-273
-265
-267
-260
-230
-169
-104
-65
-58
-70
-91
-103
-95
-60
8
72
115
128
119
93
59
60
95
151
192
187
143
77
22
3
37
93
120
108
49
-26
-70
-72
-51
-38
-27
-30
-39
-53
-74
-79
-68
-36
12
70
144
221
262
265
272
321
409
497
535
500
438
389
369
379
394
390
364
313
229
143
81
67
83
90
56
-6
-86
-170
-247
-304
-323
-308
-283
-288
-319
-367
-410
-418
-393
-345
-279
-218
-193
-209
-242
-251
-225
-183
-146
-136
-140
-151
-165
-165
-141
-100
-59
-27
-10
0
15
42
66
83
92
90
89
92
84
69
52
40
33
25
19
18
13
-6
-42
-73
-76
-50
-11
8
-10
-51
-81
-78
-45
-13
-1
6
20
63
118
161
188
205
237
291
350
393
402
372
327
289
271
265
256
244
198
136
84
49
19
-19
-56
-76
-80
-96
-141
-208
-273
-304
-317
-318
-311
-307
-309
-315
-322
-326
-314
-293
-267
-233
-201
-185
-175
-160
-164
-175
-178
-171
-142
-107
-69
-40
-19
-1
18
33
59
90
131
156
159
146
124
112
102
88
81
86
96
104
93
76
58
45
24
-1
2
28
60
58
17
-34
-51
-26
21
73
107
118
117
121
152
224
317
392
421
420
409
407
409
395
377
362
335
287
222
143
69
13
-18
-22
-17
-44
-98
-171
-240
-279
-283
-264
-258
-273
-320
-375
-399
-392
-358
-305
-261
-239
-243
-260
-267
-252
-216
-178
-148
-124
-107
-119
-149
-183
-194
-154
-92
-48
-31
-28
-27
-36
-41
-26
24
86
129
131
94
43
-10
-30
-21
8
51
81
82
38
-21
-52
-61
-50
-35
-29
-24
-25
-32
-41
-61
-59
-18
55
135
189
210
206
196
201
245
329
409
463
477
454
429
397
371
345
336
335
321
275
188
99
17
-43
-59
-65
-66
-83
-139
-216
-299
-354
-370
-354
-329
-311
-308
-315
-316
-305
-268
-222
-180
-134
-108
-111
-125
-130
-115
-93
-73
-52
-34
-32
-46
-72
-84
-68
-30
31
75
83
49
-1
-26
-6
50
107
138
123
73
14
-37
-56
-39
1
40
54
28
-21
-49
-67
-76
-78
-78
-72
-56
-44
-43
-46
-37
-2
43
100
165
210
253
267
259
250
259
311
361
388
374
345
305
260
230
218
221
217
195
144
60
-15
-66
-98
-123
-151
-168
-195
-224
-262
-314
-354
-369
-359
-323
-282
-242
-223
-213
-199
-174
-123
-70
-24
-4
1
4
7
14
16
3
0
5
15
32
37
22
-7
-13
4
43
83
76
41
5
-10
12
43
58
41
-6
-70
-120
-128
-102
-64
-41
-46
-83
-125
-142
-144
-137
-132
-116
-97
-82
-74
-74
-58
-18
46
110
160
195
224
240
233
225
234
271
322
359
361
325
286
245
214
207
228
249
234
181
92
20
-22
-43
-45
-55
-72
-106
-145
-185
-225
-254
-277
-280
-260
-221
-180
-157
-148
-146
-129
-93
-41
20
69
91
89
78
67
61
63
79
92
100
92
69
62
65
72
73
73
74
61
45
26
8
-4
-31
-75
-116
-142
-159
-175
-195
-208
-215
-216
-209
-206
-214
-221
-229
-233
-215
-176
-135
-106
-93
-88
-70
-35
14
76
134
163
167
164
161
172
194
220
241
257
255
229
189
150
114
97
107
117
109
81
30
-16
-44
-57
-63
-74
-77
-76
-91
-127
-178
-228
-248
-233
-209
-189
-175
-169
-157
-151
-141
-121
-84
-31
30
84
119
138
128
106
97
114
147
180
188
164
133
120
128
140
153
161
155
138
120
107
90
68
32
-15
-51
-76
-97
-108
-119
-140
-163
-173
-170
-157
-144
-129
-111
-94
-77
-54
-18
17
44
68
88
102
110
131
166
194
217
210
186
183
184
199
213
226
227
205
182
155
138
140
142
137
112
77
35
-10
-43
-72
-86
-86
-85
-89
-103
-125
-167
-206
-210
-190
-166
-156
-165
-174
-177
-177
-177
-180
-170
-131
-70
-19
13
4
-36
-67
-70
-32
32
81
78
28
-27
-52
-34
-8
11
14
-4
-34
-68
-84
-92
-111
-146
-180
-198
-200
-198
-204
-219
-243
-258
-249
-213
-176
-161
-166
-177
-175
-153
-101
-44
-3
21
21
22
38
69
96
111
125
126
133
141
137
125
113
110
112
111
103
89
71
49
20
1
-4
6
17
20
6
-25
-51
-51
-22
10
24
16
-10
-39
-55
-56
-45
-29
-14
-11
-7
-3
-5
-14
-22
-7
28
91
147
162
135
93
66
86
126
155
155
131
110
89
70
60
55
57
52
43
36
13
-17
-67
-115
-143
-151
-142
-142
-163
-193
-218
-230
-216
-198
-164
-125
-100
-94
-101
-95
-69
-29
21
64
91
104
103
100
109
123
130
137
145
149
141
122
100
73
65
66
61
52
33
9
-21
-53
-85
-102
-103
-100
-97
-96
-97
-107
-117
-105
-80
-52
-44
-51
-63
-69
-71
-73
-55
-36
-24
-18
-23
-26
-18
-1
14
42
70
94
107
94
68
51
54
69
85
102
113
110
107
85
53
22
10
17
34
49
26
-27
-91
-143
-161
-144
-121
-115
-131
-154
-171
-175
-165
-153
-131
-102
-76
-58
-46
-36
-22
13
54
89
118
136
145
141
138
135
152
178
194
197
181
163
140
119
106
95
101
97
75
52
20
-2
-14
-21
-28
-26
-20
-18
-27
-46
-62
-77
-74
-60
-54
-57
-66
-77
-81
-73
-55
-34
-18
-16
-22
-20
8
45
71
78
74
71
64
56
46
47
55
55
45
27
19
29
42
51
36
10
-11
-23
-26
-31
-37
-46
-61
-71
-81
-86
-86
-75
-59
-48
-46
-48
-47
-47
-39
-25
-5
21
38
50
61
70
84
102
117
124
138
157
170
176
173
169
172
178
175
169
160
142
120
94
68
58
53
43
20
-13
-43
-59
-64
-67
-70
-82
-88
-90
-103
-113
-123
-132
-131
-126
-110
-91
-85
-88
-94
-92
-77
-53
-36
-22
-19
-15
-1
12
14
8
-3
-13
-19
-22
-26
-40
-53
-68
-77
-81
-88
-95
-103
-112
-123
-130
-129
-128
-128
-128
-114
-100
-85
-69
-50
-30
-7
12
32
50
59
71
75
84
100
123
146
167
178
172
167
166
171
188
209
215
209
206
197
192
187
188
195
194
171
135
105
91
92
92
85
69
42
12
-12
-24
-27
-18
-19
-37
-62
-79
-82
-80
-81
-93
-96
-85
-66
-52
-47
-45
-42
-25
1
33
62
77
75
61
52
48
51
50
39
14
-17
-49
-81
-103
-120
-126
-138
-156
-175
-197
-220
-226
-218
-206
-193
-192
-200
-205
-187
-153
-119
-85
-62
-45
-32
-21
-6
14
35
39
35
35
46
67
89
105
113
120
117
111
106
107
118
133
133
122
107
88
86
98
106
110
100
81
62
47
42
38
22
-3
-33
-57
-72
-82
-95
-104
-109
-110
-110
-124
-133
-130
-123
-122
-119
-112
-98
-78
-52
-25
-2
27
55
75
99
113
134
140
128
114
96
87
77
61
33
-2
-42
-75
-101
-118
-136
-138
-139
-153
-167
-175
-179
-175
-155
-123
-84
-60
-52
-49
-37
-3
39
79
103
114
113
108
102
106
126
138
134
126
127
134
133
129
128
122
124
123
127
124
114
106
93
89
85
85
89
85
78
64
48
29
14
3
-2
-4
-12
-33
-71
-98
-115
-108
-93
-89
-99
-130
-165
-179
-169
-146
-127
-109
-96
-86
-68
-44
-12
18
48
72
86
94
94
83
68
56
53
63
56
30
-13
-65
-105
-130
-134
-132
-140
-155
-181
-195
-193
-179
-173
-169
-159
-141
-119
-100
-90
-76
-62
-44
-10
28
62
71
69
61
65
92
120
133
133
120
105
104
110
119
127
122
113
100
101
102
100
99
88
77
75
76
71
69
70
74
75
65
48
32
16
3
0
-7
-17
-28
-39
-45
-52
-55
-59
-69
-75
-76
-69
-54
-44
-38
-28
-14
13
40
59
74
82
93
105
107
98
75
51
31
26
26
9
-23
-68
-113
-139
-138
-127
-115
-119
-141
-159
-171
-167
-160
-141
-124
-116
-111
-108
-101
-83
-65
-57
-36
-8
28
59
74
78
68
68
75
105
139
151
148
125
102
91
95
100
105
110
102
79
52
34
26
22
14
5
7
24
32
24
-2
-29
-39
-44
-37
-34
-37
-49
-78
-104
-115
-107
-86
-73
-74
-84
-92
-91
-76
-60
-45
-30
-10
20
47
70
78
79
84
97
126
142
139
118
82
48
21
11
12
11
-10
-51
-99
-142
-155
-152
-140
-134
-145
-170
-194
-201
-195
-173
-153
-142
-134
-125
-110
-103
-96
-79
-57
-23
9
33
49
49
36
26
34
70
111
128
120
102
88
82
89
102
123
136
134
117
97
82
78
81
85
89
91
90
72
45
14
-7
-11
-7
5
14
5
-26
-62
-78
-68
-41
-14
-8
-19
-37
-49
-46
-27
0
24
43
55
68
81
87
88
86
89
111
140
161
154
139
103
71
62
59
61
57
39
2
-42
-72
-85
-88
-84
-77
-80
-90
-93
-103
-111
-119
-113
-98
-79
-57
-56
-69
-83
-93
-85
-58
-24
4
8
-10
-30
-34
-12
21
43
53
61
64
70
70
68
73
79
82
82
86
72
49
29
0
-6
0
6
3
-23
-63
-96
-114
-116
-102
-90
-90
-109
-131
-146
-153
-138
-116
-98
-83
-70
-67
-74
-71
-60
-36
-2
30
52
60
59
47
33
35
50
69
82
74
56
39
23
12
9
12
19
16
3
-18
-35
-38
-45
-45
-51
-53
-50
-47
-37
-37
-38
-39
-31
-16
1
19
22
19
12
-3
6
28
50
65
74
71
64
67
81
102
122
137
141
135
130
132
140
150
148
139
134
134
121
112
104
90
80
70
57
41
23
-3
-28
-39
-40
-39
-39
-44
-62
-77
-87
-85
-71
-52
-35
-27
-22
-21
-18
-9
12
30
43
50
49
46
44
34
19
16
16
13
3
-13
-40
-67
-83
-95
-98
-97
-94
-101
-114
-127
-133
-132
-129
-128
-123
-118
-110
-96
-97
-103
-106
-98
-87
-66
-50
-43
-40
-44
-48
-59
-65
-54
-36
-10
10
27
34
43
49
61
83
99
122
136
139
135
128
121
120
120
124
114
106
100
90
81
67
57
40
27
15
7
0
-8
-17
-31
-41
-43
-32
-18
-14
-14
-10
-7
1
20
34
45
56
68
74
75
72
70
74
79
91
93
87
78
59
48
43
37
22
2
-25
-43
-46
-40
-34
-37
-42
-46
-50
-50
-51
-49
-44
-41
-34
-29
-25
-30
-32
-36
-39
-29
-18
-5
-2
-15
-26
-40
-43
-35
-25
-4
9
16
15
20
27
37
55
67
73
76
76
77
70
66
59
54
61
66
64
43
20
-4
-13
-11
-10
-16
-27
-33
-45
-49
-52
-58
-60
-62
-59
-49
-42
-28
-21
-19
-23
-28
-21
-2
23
39
40
26
4
-9
-11
-5
11
19
9
-14
-38
-55
-52
-42
-40
-51
-65
-81
-97
-98
-93
-76
-59
-47
-45
-52
-63
-69
-71
-55
-39
-25
-20
-22
-27
-38
-42
-46
-37
-25
-12
-11
-18
-32
-48
-46
-29
0
21
30
31
30
36
51
73
91
99
101
91
86
89
94
93
88
90
90
89
79
57
33
12
10
15
20
23
9
-8
-30
-40
-35
-25
-12
-10
-16
-25
-36
-33
-23
-13
-6
-7
-14
-20
-22
-20
-16
-11
-14
-23
-30
-29
-25
-27
-33
-41
-49
-50
-48
-45
-46
-52
-59
-68
-68
-59
-49
-37
-30
-26
-25
-27
-25
-17
-4
6
17
20
19
24
28
27
25
23
23
29
37
37
28
16
15
23
43
63
76
79
67
61
61
75
92
99
98
86
76
64
58
56
61
74
79
78
58
33
14
0
-3
-3
-1
-1
-6
-22
-44
-55
-53
-41
-22
-13
-17
-41
-64
-76
-72
-52
-33
-26
-34
-58
-76
-78
-69
-51
-41
-39
-44
-60
-72
-81
-84
-80
-72
-67
-67
-74
-88
-100
-109
-110
-103
-85
-68
-56
-56
-63
-70
-62
-40
-16
6
13
15
11
12
27
42
58
64
60
52
47
43
39
40
43
46
57
69
72
69
65
67
74
88
104
111
108
99
92
86
83
85
92
98
95
87
71
59
48
38
32
21
18
16
14
9
2
-4
-7
-4
-3
5
9
7
1
-14
-22
-20
-9
10
18
11
-6
-19
-22
-18
-7
2
1
-9
-24
-36
-44
-47
-50
-53
-53
-55
-61
-70
-79
-87
-90
-84
-75
-61
-52
-47
-53
-56
-56
-44
-23
-5
0
-8
-17
-19
-14
-2
3
3
-1
-9
-13
-14
-7
-4
-2
2
7
17
28
31
31
26
33
44
59
67
65
61
56
55
56
58
60
54
47
38
29
23
21
19
10
-1
-5
-7
-1
4
5
4
2
2
2
6
8
9
11
7
4
-1
1
1
0
-1
-6
-8
-16
-24
-30
-29
-20
-18
-21
-33
-44
-50
-49
-43
-41
-41
-44
-46
-46
-46
-44
-42
-34
-25
-13
-5
-3
0
-1
2
9
15
21
22
21
19
15
15
16
18
18
18
17
15
14
13
17
22
31
40
38
40
41
44
49
52
59
64
66
67
65
61
57
51
45
40
36
35
33
30
21
10
2
1
5
10
13
9
3
0
-1
5
10
12
9
5
1
0
-1
-10
-23
-29
-26
-22
-19
-28
-40
-58
-66
-63
-51
-37
-35
-43
-62
-75
-77
-67
-51
-43
-44
-53
-59
-60
-55
-45
-36
-32
-28
-25
-24
-23
-21
-18
-16
-13
-8
-2
-2
-7
-14
-20
-17
-11
-4
1
1
-4
-11
-13
-8
4
18
27
29
25
21
21
24
32
42
49
51
52
50
46
41
39
40
44
47
48
47
43
34
28
30
36
45
51
48
43
36
31
32
36
42
45
38
31
21
13
8
6
5
0
-3
-8
-11
-13
-17
-25
-31
-32
-28
-25
-26
-29
-37
-47
-53
-55
-50
-42
-36
-41
-51
-61
-65
-62
-52
-42
-37
-41
-46
-49
-45
-37
-28
-21
-20
-19
-19
-16
-13
-9
-8
-7
-3
-1
0
0
0
-1
-1
0
4
10
15
17
11
9
10
16
24
32
36
37
32
28
27
29
33
36
36
35
31
26
24
21
20
21
21
22
19
15
10
8
7
9
12
15
16
15
11
6
3
5
13
19
20
16
11
6
7
9
12
13
10
2
-5
-8
-10
-12
-18
-24
-30
-31
-32
-31
-32
-38
-46
-51
-47
-41
-35
-32
-35
-39
-42
-40
-32
-24
-20
-20
-24
-27
-23
-16
-9
-5
-4
-4
-4
-3
1
7
12
14
16
17
19
22
28
31
32
33
33
37
42
44
41
37
31
27
27
27
26
21
13
3
-4
-8
-9
-11
-13
-15
-19
-23
-28
-30
-27
-23
-18
-13
-11
-11
-14
-15
-13
-5
6
16
23
24
19
17
18
24
33
40
42
38
32
23
18
17
19
18
15
10
3
-3
-10
-16
-20
-23
-23
-23
-25
-27
-32
-39
-42
-41
-37
-29
-23
-22
-25
-29
-30
-25
-16
-4
4
5
1
-2
-4
0
9
19
24
22
18
15
14
16
21
28
33
34
31
26
23
22
23
24
23
19
12
6
-2
-8
-15
-20
-23
-25
-27
-30
-35
-42
-50
-53
-53
-47
-38
-30
-30
-35
-38
-37
-26
-10
7
20
26
25
24
23
32
43
54
61
60
54
46
36
29
27
26
28
26
20
9
-3
-13
-20
-21
-19
-17
-18
-23
-30
-38
-39
-35
-25
-15
-8
-4
-4
-4
-4
0
8
18
26
31
29
22
12
6
5
9
16
21
18
10
-2
-9
-8
1
13
20
20
12
3
-2
-2
6
16
19
15
4
-8
-15
-17
-16
-13
-14
-18
-26
-34
-41
-43
-44
-42
-37
-31
-26
-23
-21
-21
-17
-8
6
22
35
41
41
38
38
41
47
54
59
55
46
34
23
16
13
11
9
3
-6
-17
-27
-35
-38
-38
-37
-38
-40
-43
-44
-44
-40
-35
-27
-20
-13
-7
-3
2
7
9
12
14
18
22
24
23
18
11
8
7
8
10
10
11
7
4
4
6
11
15
18
18
15
14
12
10
10
9
8
5
-2
-11
-18
-26
-31
-33
-36
-41
-46
-54
-60
-62
-60
-51
-43
-36
-32
-28
-22
-12
3
18
31
42
50
54
59
62
67
70
72
73
72
69
63
53
42
32
26
23
20
14
2
-14
-25
-35
-37
-34
-32
-33
-39
-45
-47
-44
-34
-26
-19
-16
-13
-9
-4
0
4
8
10
12
14
15
14
13
10
7
5
8
11
11
10
7
5
7
11
15
18
18
18
17
19
20
20
17
12
5
-1
-6
-12
-19
-29
-39
-50
-57
-62
-65
-69
-74
-78
-78
-75
-66
-58
-48
-38
-31
-22
-9
4
16
29
39
46
53
58
62
63
65
66
64
63
59
53
45
34
25
19
13
10
6
-2
-14
-24
-32
-33
-29
-24
-21
-22
-24
-24
-22
-15
-6
3
8
12
13
13
13
14
14
16
17
15
14
10
4
-1
-3
-4
0
4
7
8
6
4
6
12
19
26
31
31
30
29
28
27
25
22
16
9
0
-9
-19
-30
-41
-50
-58
-62
-67
-71
-77
-80
-81
-76
-70
-61
-54
-46
-39
-30
-20
-9
2
13
22
30
36
39
43
45
47
48
49
46
42
35
27
20
14
10
6
1
-5
-11
-18
-23
-25
-23
-21
-19
-16
-14
-12
-11
-7
-3
3
10
17
20
20
17
14
15
18
21
24
24
20
15
10
8
9
13
17
19
20
19
20
21
23
28
32
36
39
40
40
37
34
31
26
23
18
11
2
-10
-22
-33
-39
-45
-51
-57
-64
-72
-76
-76
-74
-68
-63
-59
-54
-47
-36
-25
-14
-4
5
13
21
28
36
40
44
45
43
41
37
32
26
18
11
3
-3
-9
-17
-25
-33
-39
-42
-41
-40
-38
-38
-36
-35
-30
-22
-12
-3
3
8
11
19
26
33
38
42
42
42
43
45
46
45
42
40
37
35
32
29
26
25
24
25
26
25
24
20
21
21
25
27
26
21
15
10
6
4
3
-1
-8
-16
-24
-32
-36
-39
-42
-44
-45
-46
-46
-43
-39
-37
-31
-25
-16
-8
0
7
12
17
21
27
33
38
39
37
32
27
20
15
10
4
-3
-12
-21
-30
-38
-45
-50
-52
-53
-54
-53
-53
-53
-50
-44
-37
-27
-19
-11
-5
-2
4
11
19
26
32
34
35
33
32
32
32
31
30
29
25
21
17
13
11
8
8
8
6
4
3
2
4
6
10
11
12
11
8
5
6
6
8
7
4
-1
-6
-10
-15
-16
-19
-20
-22
-26
-27
-29
-29
-29
-27
-23
-18
-13
-9
-6
-3
0
5
11
15
20
21
19
16
13
12
10
7
4
-3
-9
-16
-21
-28
-33
-37
-39
-41
-42
-43
-46
-46
-44
-40
-34
-26
-21
-17
-12
-7
0
8
18
24
28
31
35
37
41
43
43
42
40
38
35
34
32
28
23
19
15
13
12
10
7
6
7
6
7
7
9
9
9
10
10
11
12
11
10
8
7
5
1
-2
-6
-9
-11
-12
-13
-14
-17
-19
-20
-19
-15
-11
-6
-2
-1
1
2
7
12
17
19
19
17
17
14
12
9
5
-1
-6
-12
-18
-25
-31
-37
-42
-47
-50
-52
-55
-56
-56
-55
-52
-47
-40
-33
-26
-18
-11
-2
6
14
22
29
37
42
46
48
49
47
45
43
40
37
34
27
20
14
9
7
4
0
-2
-7
-10
-12
-10
-8
-6
-4
-4
-4
-3
-1
2
5
7
8
9
9
8
6
8
7
6
6
6
4
2
1
1
1
2
4
6
6
8
9
10
11
13
13
12
10
9
7
6
2
-1
-7
-12
-16
-21
-24
-29
-36
-41
-45
-48
-50
-49
-47
-48
-46
-45
-41
-34
-26
-18
-10
-2
5
12
18
26
33
39
45
48
50
50
48
46
43
39
36
31
25
19
12
5
1
-4
-8
-12
-16
-19
-19
-19
-18
-17
-15
-12
-10
-7
-4
1
5
9
11
14
16
19
21
21
21
21
19
16
16
16
14
12
8
7
4
3
2
2
2
1
0
-2
-4
-6
-6
-7
-7
-9
-11
-15
-18
-22
-25
-26
-29
-32
-35
-39
-41
-44
-44
-42
-41
-41
-39
-37
-33
-29
-23
-17
-9
-4
3
10
16
22
28
32
36
38
39
40
41
39
36
33
30
26
22
17
13
9
5
1
-5
-7
-10
-12
-12
-11
-9
-8
-5
-2
1
5
8
13
18
20
21
22
24
27
29
29
29
28
26
24
24
21
21
17
16
14
10
9
9
8
8
7
8
6
6
7
6
6
5
5
3
2
-1
-3
-6
-10
-12
-15
-19
-23
-28
-32
-37
-38
-40
-40
-42
-40
-39
-38
-35
-30
-23
-19
-14
-7
-1
6
11
15
21
26
31
33
34
34
35
35
32
30
28
23
18
15
11
8
3
1
-3
-5
-7
-9
-11
-10
-9
-9
-7
-6
-3
-1
2
6
8
11
12
14
14
17
18
18
17
18
16
17
17
17
17
16
13
12
13
12
14
13
14
14
13
14
13
12
11
9
7
4
-1
-7
-12
-17
-22
-28
-32
-38
-42
-48
-52
-56
-56
-56
-55
-54
-51
-47
-44
-38
-32
-25
-16
-8
-2
5
12
19
26
32
36
40
41
43
43
41
38
34
28
23
19
13
6
0
-6
-10
-16
-20
-23
-24
-26
-26
-27
-25
-22
-20
-15
-8
-2
3
8
12
16
19
23
27
30
34
36
36
35
36
33
33
33
34
35
31
28
25
24
25
25
24
21
17
12
11
7
5
0
-6
-11
-14
-19
-25
-31
-37
-42
-45
-49
-51
-54
-57
-61
-62
-61
-60
-56
-53
-49
-44
-38
-32
-28
-20
-14
-8
0
6
10
11
12
16
20
23
23
21
17
14
12
8
4
-1
-6
-8
-11
-14
-18
-24
-27
-28
-28
-25
-24
-24
-24
-23
-18
-15
-10
-8
-3
2
7
12
15
16
19
21
26
30
32
33
32
31
32
34
38
39
39
38
37
37
37
35
34
33
33
29
25
21
15
9
4
1
-4
-9
-14
-22
-28
-32
-35
-37
-40
-43
-44
-43
-42
-41
-41
-40
-37
-31
-23
-18
-14
-11
-9
-4
2
7
10
13
14
15
17
15
14
12
12
11
10
8
3
-2
-6
-9
-11
-13
-15
-19
-22
-25
-27
-28
-28
-30
-30
-30
-27
-24
-22
-21
-19
-15
-10
-4
2
5
8
10
12
15
21
23
26
27
29
29
31
32
33
34
35
37
38
36
32
27
26
25
23
21
16
9
2
-4
-9
-13
-17
-23
-28
-32
-37
-38
-42
-44
-45
-44
-40
-36
-32
-30
-28
-24
-18
-11
-5
0
4
8
11
14
15
16
16
17
18
17
14
10
5
1
0
-2
-4
-8
-13
-18
-23
-26
-27
-29
-32
-34
-34
-34
-33
-33
-33
-31
-26
-21
-17
-11
-9
-4
1
5
11
17
21
25
27
30
31
33
34
35
36
38
39
38
39
37
35
36
36
37
36
33
30
29
26
23
20
18
15
11
9
5
0
-4
-7
-10
-13
-14
-16
-19
-21
-21
-22
-21
-20
-20
-19
-15
-14
-11
-9
-7
-5
-2
2
5
6
8
7
6
6
7
7
7
6
4
2
1
-3
-5
-6
-10
-13
-15
-18
-23
-26
-29
-31
-32
-33
-34
-34
-35
-35
-32
-30
-25
-21
-16
-10
-6
-1
3
8
11
16
21
25
28
30
29
29
28
27
26
25
24
23
22
19
18
16
15
14
15
15
14
13
12
11
11
13
13
12
11
7
3
-1
-4
-7
-11
-11
-13
-17
-19
-22
-24
-24
-23
-20
-17
-13
-11
-8
-5
-1
3
8
12
15
17
17
16
15
15
15
14
14
12
7
2
-4
-9
-12
-14
-18
-21
-24
-29
-33
-37
-36
-39
-37
-35
-34
-34
-31
-29
-26
-20
-14
-9
-4
3
8
11
16
20
24
29
33
35
37
37
34
35
36
36
35
35
34
31
30
28
26
25
25
23
22
20
18
15
13
11
9
7
5
1
-2
-5
-9
-13
-13
-14
-15
-14
-11
-10
-8
-6
-3
2
7
10
16
20
21
24
25
28
29
31
31
28
25
21
17
14
9
5
-1
-4
-9
-15
-19
-23
-28
-31
-33
-34
-38
-39
-41
-41
-39
-38
-36
-37
-36
-37
-37
-35
-34
-31
-27
-24
-20
-16
-9
-4
1
5
10
14
18
22
22
25
25
28
26
26
23
18
16
11
7
2
-1
-4
-6
-6
-9
-11
-11
-11
-11
-10
-9
-6
-6
-5
-3
-4
-3
-1
-1
-1
-1
1
1
2
5
6
9
12
14
17
20
20
24
27
30
31
31
32
30
29
26
23
22
19
17
16
14
10
6
4
1
-4
-5
-7
-9
-10
-10
-12
-13
-15
-15
-16
-17
-19
-22
-22
-22
-22
-20
-17
-13
-9
-7
-6
-7
-6
-2
-1
2
2
4
4
3
3
2
2
1
2
2
1
0
0
-1
0
0
1
3
3
3
1
0
-2
-4
-6
-9
-15
-18
-21
-23
-28
-32
-32
-33
-34
-34
-32
-32
-30
-25
-21
-16
-8
0
9
16
20
24
29
33
37
39
41
41
39
39
35
33
29
27
23
19
14
8
3
-1
-3
-4
-5
-7
-7
-9
-12
-14
-15
-13
-13
-11
-9
-10
-10
-10
-9
-8
-8
-6
-5
-3
-1
-1
0
2
4
5
9
11
13
16
18
18
20
22
23
22
22
21
18
16
13
9
5
2
-2
-9
-11
-18
-25
-29
-32
-37
-38
-38
-38
-38
-39
-41
-39
-37
-33
-28
-23
-17
-13
-6
1
7
15
21
27
31
35
35
35
37
39
39
37
35
31
26
20
13
6
4
0
-4
-6
-9
-12
-13
-12
-13
-13
-11
-10
-9
-8
-7
-7
-6
-4
-5
-2
-2
-1
