-19
-21
-19
-19
-19
-19
-21
-22
-23
-25
-25
-24
-24
-23
-22
-23
-23
-22
-22
-22
-22
-22
-21
-19
-17
-16
-15
-14
-13
-13
-14
-13
-13
-11
-10
-8
-6
-4
-2
0
1
4
5
7
6
6
7
8
9
10
12
14
17
19
20
21
22
22
21
21
20
21
23
22
22
22
22
21
20
19
18
18
17
17
17
18
16
15
12
10
9
7
7
6
5
4
3
3
2
0
-1
-2
-3
-6
-7
-8
-9
-10
-11
-11
-11
-11
-13
-13
-13
-12
-13
-13
-14
-13
-12
-13
-14
-13
-13
-12
-12
-13
-14
-12
-12
-12
-10
-9
-7
-7
-7
-7
-7
-6
-6
-6
-5
-3
-1
-1
1
2
2
4
5
5
6
6
7
7
8
9
9
10
11
10
10
10
11
11
11
12
12
13
13
12
12
12
10
10
9
10
9
8
8
7
7
7
7
7
4
3
2
0
-2
-2
-2
-1
-2
-1
-2
-3
-5
-6
-7
-8
-8
-9
-9
-8
-8
-7
-8
-9
-10
-10
-12
-12
-11
-11
-10
-9
-8
-8
-9
-8
-7
-7
-8
-7
-9
-8
-8
-5
-5
-3
-3
-2
-3
-3
-2
-2
-1
-3
-2
-2
0
2
3
4
5
5
5
4
4
5
6
7
7
9
10
10
10
10
9
9
9
9
9
10
10
10
10
10
10
8
7
6
6
7
5
4
5
5
4
4
4
3
3
1
1
-2
-2
-2
-4
-4
-4
-5
-5
-7
-6
-7
-7
-9
-9
-9
-8
-8
-8
-7
-6
-7
-7
-7
-9
-9
-9
-10
-10
-9
-9
-7
-9
-8
-9
-8
-8
-8
-7
-7
-6
-5
-4
-4
-4
-3
-3
-3
-3
-2
-2
-2
-2
0
0
1
2
2
2
2
2
3
3
4
4
4
5
5
6
5
6
5
4
4
5
4
6
7
7
7
8
7
6
4
5
5
5
6
5
5
5
5
4
4
2
2
1
0
0
0
0
1
-1
0
-1
-1
-2
-2
-2
-3
-4
-4
-4
-4
-5
-4
-4
-3
-3
-4
-5
-5
-4
-5
-3
-3
-3
-3
-2
-1
-1
-1
-2
-1
-2
-1
0
1
1
2
3
3
4
3
3
4
4
3
4
5
5
4
4
5
5
5
4
3
3
3
3
5
4
5
5
6
6
5
5
5
4
4
5
4
3
4
3
3
4
3
2
1
1
2
3
3
3
3
3
3
3
4
2
2
1
0
1
0
-1
-1
-1
-1
-1
-1
-2
-3
-3
-4
-3
-3
-2
-3
-3
-3
-3
-4
-4
-4
-7
-6
-5
-7
-8
-7
-6
-6
-6
-6
-6
-6
-6
-6
-6
-5
-3
-4
-3
-3
-4
-3
-3
-3
-3
-2
-2
-3
-2
-3
-2
-2
-1
0
1
1
2
2
1
2
3
4
5
5
4
5
5
6
5
6
6
6
5
5
5
5
7
7
7
7
6
6
6
7
6
6
6
6
5
5
6
6
6
5
4
4
3
4
4
5
3
2
3
2
0
-1
-1
-1
0
0
-1
-2
-2
-3
-2
-1
-2
-2
-3
-3
-4
-3
-4
-4
-4
-5
-5
-6
-5
-7
-7
-7
-8
-7
-8
-6
-6
-6
-7
-6
-5
-5
-4
-3
-4
-4
-4
-3
-3
-2
-3
-3
-2
-2
-2
-1
0
-1
0
2
1
1
3
3
2
3
4
4
3
3
2
2
3
2
2
1
1
1
1
1
2
2
2
2
2
1
0
1
0
-1
0
0
-1
-2
-1
-2
-1
-2
-2
-2
-1
-1
0
1
-1
0
0
-1
-1
-2
-1
-1
-1
-1
-2
-1
0
-1
-1
2
0
1
2
2
0
2
2
1
3
3
2
3
3
2
4
4
3
2
4
3
4
5
5
5
4
5
4
4
5
4
4
4
4
4
4
3
4
3
3
3
3
2
2
3
2
3
2
1
0
1
0
-1
-1
-1
-2
-2
-2
-4
-3
-3
-4
-4
-4
-5
-4
-3
-4
-4
-4
-4
-4
-3
-3
-4
-5
-4
-4
-4
-3
-3
-3
-2
-3
-2
-3
-1
0
0
0
0
0
-2
-1
-2
-1
0
0
0
-1
0
0
0
1
2
1
1
1
1
1
2
2
2
1
1
1
1
2
1
2
2
1
1
1
1
1
2
1
-1
-1
-1
-1
-1
-1
-3
-2
-2
-3
-2
-2
-3
-3
-3
-1
-2
0
-1
-2
0
-1
-1
0
0
0
1
-1
-1
-2
-2
-2
-1
-1
-2
-2
-2
-2
-2
-2
-3
-2
-2
-1
-1
-1
-2
-1
0
0
-1
0
0
0
0
1
1
1
1
1
1
2
2
2
2
3
3
4
3
2
3
5
4
3
2
3
2
3
2
2
1
1
2
2
2
1
2
2
1
1
2
2
3
3
2
1
2
1
1
2
1
1
1
0
-1
-1
-2
-2
-2
-2
-1
-2
-2
-2
-2
-2
-3
-3
-3
-3
-3
-2
-2
-2
-3
-2
-2
-2
-1
-1
-1
-1
-2
-1
-1
-1
-1
0
-1
-2
-1
-1
-2
-2
-2
-3
-2
-3
-3
-3
-3
-3
-3
-3
-1
-2
-1
-2
-1
0
-1
-1
0
0
1
2
1
1
1
2
2
1
2
3
2
3
3
4
3
3
3
3
3
2
3
3
3
2
2
2
1
1
1
0
0
-1
-2
-1
0
-1
-1
-1
0
0
0
-1
-2
-2
-2
-2
-1
0
-1
0
-1
0
0
0
-1
0
1
0
2
3
2
4
3
3
3
3
3
4
3
4
4
4
3
3
2
3
3
3
3
2
2
2
1
1
0
0
-1
-2
-2
-2
-2
-2
-2
-4
-3
-3
-4
-4
-3
-3
-4
-4
-4
-2
-3
-4
-4
-4
-4
-5
-4
-4
-4
-3
-4
-3
-3
-3
-3
-2
-2
-1
-1
-2
-1
-2
0
0
0
1
0
1
3
4
4
2
3
2
4
5
4
3
3
3
2
1
1
0
-1
-2
-2
-2
-1
-1
-1
-1
-1
-2
-2
-2
-2
-2
-1
-1
-1
-1
0
1
0
1
2
2
2
2
3
3
3
4
4
3
4
3
3
4
4
4
3
4
3
3
2
2
1
1
1
2
2
0
0
-1
-1
-1
0
-1
-1
-2
-3
-2
-3
-3
-2
-4
-3
-4
-4
-4
-3
-3
-3
-2
-3
-3
-2
-2
-1
0
-1
0
-1
0
-1
0
1
2
3
3
2
2
3
2
3
3
2
2
1
2
2
1
2
1
0
1
1
0
-1
-2
-1
-1
0
0
-1
-2
-2
-2
-2
-2
-1
-2
-3
-3
-2
-2
-2
-3
-3
-5
-4
-3
-4
-3
-1
-2
-2
-1
-1
-2
-1
-1
-1
0
1
1
1
2
1
2
3
3
3
3
5
5
5
4
4
3
2
3
4
2
4
3
1
2
-1
-2
-2
-2
-2
-2
-2
-2
-3
-4
-4
-3
-4
-4
-5
-4
-4
-4
-4
-4
-4
-4
-4
-3
-2
-2
-2
-1
1
-1
0
0
1
1
2
3
4
5
4
4
3
3
3
3
3
3
3
2
3
3
2
2
2
2
0
1
1
0
1
0
-1
-2
-2
-2
-2
-2
-2
-2
-1
-2
-2
-3
-2
-3
-1
0
0
0
0
1
1
1
2
1
2
3
4
3
3
5
4
3
4
4
4
4
5
5
5
4
5
4
4
3
4
3
5
3
3
2
1
0
-2
-2
-2
-2
-2
-2
-2
-3
-4
-4
-6
-5
-5
-4
-3
-4
-5
-5
-4
-4
-5
-5
-5
-6
-5
-4
-3
-4
-4
-5
-5
-4
-3
-2
-2
-3
-2
-3
-1
-1
-2
-2
-1
0
-1
0
1
1
2
2
1
2
2
2
3
3
5
3
2
2
2
1
2
3
3
2
2
1
1
-1
-1
-1
-1
-1
-1
0
0
1
-1
0
-1
-1
0
0
1
2
1
1
1
0
1
1
0
1
2
1
2
1
2
1
0
1
0
1
2
2
2
2
3
1
1
0
1
2
2
2
2
1
2
2
1
2
2
1
2
2
2
1
1
1
1
1
2
1
0
-1
0
0
-1
-1
-2
-3
-3
-2
-3
-1
-2
-1
-2
-3
-2
-3
-3
-3
-4
-4
-3
-3
-3
-3
-4
-5
-5
-3
-4
-3
-2
-3
-2
-2
-3
-2
-2
-1
-2
-1
1
1
0
1
0
0
0
0
1
-1
1
0
0
1
1
1
1
1
3
3
3
3
2
3
3
2
2
2
3
3
4
3
2
1
1
0
0
-1
-1
0
0
-1
-2
-2
-2
-2
-2
-2
-3
-2
-2
-3
-2
-2
-2
-2
-2
-2
-2
-2
-1
-1
-1
-1
-2
-2
-2
-2
-1
0
-1
1
0
-1
0
0
0
2
2
4
3
2
4
3
3
4
3
3
3
3
4
4
4
3
3
4
3
2
1
1
3
3
5
5
4
4
4
4
5
4
4
4
4
5
3
4
3
3
3
2
2
2
1
1
1
1
1
-1
1
0
-1
0
0
0
0
0
1
0
-1
1
1
-1
-1
0
-1
-1
-1
-1
0
0
0
-1
-1
-2
-2
-2
-2
-2
-2
-2
-2
-1
-1
-1
0
1
0
1
0
0
0
0
-1
0
-1
-2
-2
-2
-1
-1
-1
-1
-1
-1
-1
-2
-2
-2
-3
-3
-3
-2
-3
-2
-3
-3
-3
-3
-2
-1
-2
-2
-3
-3
-3
-4
-4
-5
-4
-4
-3
-3
-1
-1
0
0
-1
0
0
1
1
1
1
1
1
1
1
1
2
2
2
2
3
2
3
2
2
3
1
1
2
1
2
2
2
2
0
2
2
3
4
4
3
2
1
2
1
1
1
0
0
0
1
1
3
2
1
2
1
1
0
1
1
0
-1
-2
-2
-1
-1
0
-1
-1
-1
1
0
-1
-1
-2
-3
-3
-3
-4
-2
-4
-3
-4
-2
-1
0
1
1
1
1
0
-1
0
-2
-1
-1
-2
-1
-1
-1
-1
-1
0
0
0
0
1
0
1
1
0
-1
-1
-2
-2
-1
-1
0
0
1
1
2
3
2
2
1
0
-1
-1
-2
-2
-3
-3
-2
-3
-3
-1
-1
0
-1
0
1
0
0
0
-1
0
-2
-2
-1
-1
-1
0
0
0
1
2
1
2
1
0
0
0
-1
0
-1
-2
-2
-1
1
1
2
3
1
2
1
0
1
-1
1
-1
-2
-3
-2
-2
-1
-1
0
0
0
1
1
2
2
1
0
-1
-2
-2
-1
-2
-1
-2
-2
-2
-1
-1
0
1
1
0
-1
-3
-3
-3
-3
-3
-4
-5
-3
-2
0
0
0
0
-1
0
1
1
1
0
-1
-3
-3
-3
-2
-2
-1
-1
0
1
2
3
4
2
1
0
-1
-1
-1
-3
-2
-2
-3
-2
-2
0
1
2
1
1
0
0
-1
-1
-1
-4
-4
-6
-5
-4
-3
-2
-1
-2
-2
-2
-2
-1
-2
-3
-4
-5
-6
-7
-5
-7
-7
-7
-6
-5
-5
-4
-4
-4
-4
-6
-6
-7
-7
-7
-7
-9
-8
-7
-6
-4
-2
-2
-2
-1
-1
0
0
1
0
-1
-2
-2
-1
-1
0
1
2
2
2
2
3
4
4
3
2
1
1
1
2
3
2
2
2
3
2
4
5
5
4
4
3
4
2
2
2
0
0
1
1
1
2
3
2
3
4
4
2
3
4
1
1
1
0
1
0
0
1
1
0
3
4
4
5
3
3
3
3
3
3
2
3
1
2
3
3
3
4
5
5
4
5
5
5
6
4
3
3
2
3
5
5
5
4
4
5
6
6
5
5
3
2
2
2
0
1
1
0
0
1
1
2
2
2
2
1
2
1
-1
0
-1
-2
-4
-4
-3
-3
-3
-2
-3
-2
-2
-1
0
0
-1
-2
-2
-2
-1
-2
0
-1
-1
-2
0
0
1
2
2
3
2
2
2
2
4
3
2
1
0
1
1
2
3
3
4
3
3
3
4
4
4
4
3
3
2
3
3
3
3
2
3
4
4
5
5
3
3
3
3
2
2
2
1
1
1
1
2
2
4
3
3
3
2
2
2
1
2
1
1
0
1
2
2
2
2
2
0
0
0
1
2
1
0
-1
0
0
-1
-1
-1
-1
-1
-1
0
0
1
1
1
1
1
1
2
1
2
1
1
2
1
1
1
0
0
0
-1
-2
-3
-3
-4
-4
-4
-4
-5
-5
-5
-5
-4
-4
-4
-4
-3
-4
-4
-3
-3
-1
-1
-2
-2
-3
-1
-3
-3
-3
-2
-3
-4
-4
-3
-2
-2
-3
-4
-3
-4
-3
-4
-4
-3
-3
-3
-3
-4
-3
-2
-1
-2
-2
-2
-2
-2
-2
-2
-3
-2
-2
-4
-2
-3
-3
-3
-3
-3
-3
-3
-2
-2
-1
-1
-2
-2
-2
-1
-1
-1
-1
0
0
1
1
1
2
2
2
3
3
3
3
2
1
1
1
0
1
0
0
1
0
0
0
0
-1
0
1
1
-1
-2
-3
-2
-3
-3
-3
-2
-1
0
1
1
2
3
3
3
1
1
0
0
0
1
0
0
0
-1
-1
1
0
2
1
0
0
-1
0
-1
-1
-2
-2
-2
-3
-2
-1
0
0
0
0
0
0
1
1
0
-1
0
-1
-3
-2
-2
-3
-3
-3
-2
-2
-3
-3
-3
-3
-3
-3
-4
-4
-5
-3
-3
-4
-3
-3
-1
-1
0
0
0
0
-1
-1
-1
-1
-1
-1
-2
-3
-2
-2
-2
-1
-1
-2
-2
-2
0
0
1
0
-1
-1
-1
-2
-2
-2
-1
-2
-1
1
1
1
0
1
0
0
2
1
1
1
1
2
1
1
1
0
1
1
1
1
2
2
2
1
1
1
1
0
1
3
3
3
3
3
2
3
3
3
3
2
4
3
3
3
3
2
3
3
3
3
2
3
3
3
3
3
1
1
1
1
1
1
2
0
0
0
0
0
1
1
1
0
1
1
1
1
1
-1
-2
-2
-3
-3
-2
-2
-2
-2
-2
-1
-1
-1
-1
-1
-1
-2
-1
-2
-2
-2
-3
-3
-3
-2
-1
-1
-1
-1
0
0
0
-2
-1
-2
-2
-1
1
-1
-1
-2
-1
-1
0
1
1
1
1
1
1
0
1
0
-1
-1
-1
0
-1
-1
-1
-2
-2
-1
-3
-3
-4
-3
-4
-4
-6
-8
-8
-7
-7
-7
-7
-8
-9
-10
-10
-9
-10
-10
-12
-12
-12
-12
-11
-11
-9
-8
-7
-5
-3
-2
-1
0
-1
0
0
0
-2
-1
0
2
4
2
1
3
2
3
0
0
2
4
3
-1
0
1
4
4
5
5
6
7
5
5
7
9
9
9
11
9
10
7
10
15
17
18
15
12
11
11
14
14
11
9
8
12
16
19
20
18
14
15
19
20
22
24
24
24
21
17
14
11
6
6
12
15
13
7
0
2
4
7
4
-6
-2
1
12
18
14
14
10
14
18
20
18
13
8
-1
-3
1
-4
-9
-16
-14
-12
-11
-3
-2
-1
-9
-22
-20
-20
-19
-20
-23
-23
-31
-32
-34
-31
-26
-36
-39
-49
-44
-30
-21
-27
-44
-47
-48
-51
-45
-42
-35
-38
-32
-28
-26
-27
-32
-31
-34
-28
-23
-26
-31
-26
-17
-11
-12
-8
-1
-3
1
6
11
15
14
23
23
22
18
22
37
41
43
35
39
44
43
48
41
41
38
37
40
34
37
33
31
26
15
14
10
10
9
11
17
8
3
1
4
8
2
10
16
22
22
16
16
17
21
24
26
28
16
13
22
28
36
35
25
21
29
38
46
39
35
40
42
51
52
51
55
51
50
49
59
65
58
50
39
32
28
32
34
27
24
21
14
-1
-6
3
8
7
-2
-14
-21
-30
-35
-35
-22
-14
-23
-39
-52
-54
-47
-56
-66
-65
-73
-79
-91
-95
-81
-66
-63
-75
-75
-70
-67
-62
-57
-41
-41
-50
-62
-60
-47
-41
-38
-40
-36
-33
-35
-24
-20
-13
-13
-8
-5
0
12
16
20
16
15
10
13
28
31
31
26
30
35
31
41
54
64
56
41
44
53
79
101
131
257
311
74
-227
-168
304
557
270
-122
-103
161
72
-134
21
373
376
-112
-410
-215
131
178
-8
40
114
19
-176
-222
15
239
255
74
-89
-124
-68
56
80
56
80
71
3
12
69
55
17
77
213
262
270
195
133
77
67
250
328
269
129
102
146
47
37
12
96
151
-37
-227
-330
-230
-183
-263
-350
-464
-467
-512
-569
-580
-619
-614
-653
-705
-763
-714
-680
-800
-837
-773
-721
-750
-744
-615
-460
-348
-391
-481
-471
-318
-18
220
278
179
133
209
368
592
774
930
972
826
670
749
1016
1137
1088
1045
1048
1002
845
738
798
987
1023
839
590
435
436
513
523
524
598
432
57
-195
-20
369
452
147
-225
-238
-115
-136
-147
-108
-27
-160
-444
-636
-551
-286
-293
-443
-609
-728
-725
-759
-780
-761
-757
-825
-956
-1036
-1116
-1113
-1028
-1023
-1071
-1149
-1195
-1214
-1160
-1003
-841
-691
-805
-958
-797
-409
-160
-251
-208
104
398
326
165
524
1045
1181
929
889
1221
1415
1312
1203
1447
1706
1566
1316
1326
1485
1421
1236
1221
1270
1140
838
677
692
597
400
295
286
101
-190
-366
-308
-225
-359
-537
-688
-709
-762
-774
-639
-582
-584
-736
-748
-607
-480
-361
-377
-265
-209
-190
-154
-143
33
127
195
171
97
100
68
157
233
219
128
-63
-184
-212
-152
-162
-370
-587
-713
-710
-731
-848
-966
-1061
-1045
-1077
-1148
-1176
-1075
-866
-806
-961
-1099
-904
-558
-402
-550
-549
-120
239
133
-141
146
810
1089
826
591
987
1413
1313
983
1105
1627
1665
1242
953
1178
1436
1215
947
982
1089
888
517
420
470
451
263
200
267
163
-78
-391
-376
-217
-56
-44
-258
-386
-494
-375
-216
-115
-6
-73
-79
-190
-186
-57
98
302
241
142
43
34
139
168
210
173
70
-50
-154
-234
-346
-339
-335
-478
-783
-1029
-1021
-1008
-1106
-1289
-1375
-1392
-1523
-1689
-1730
-1570
-1314
-1187
-1256
-1389
-1409
-1286
-1075
-790
-553
-353
-215
-136
-20
133
414
823
1158
1304
1259
1260
1337
1430
1642
1879
2046
1973
1706
1542
1545
1656
1710
1668
1579
1371
1092
789
649
670
639
484
188
27
-50
-187
-404
-680
-704
-559
-442
-566
-864
-933
-842
-663
-620
-605
-484
-427
-428
-522
-449
-239
-44
69
17
2
50
95
129
172
273
348
269
73
-27
-2
62
-11
-212
-388
-470
-497
-648
-865
-1001
-1009
-1045
-1214
-1377
-1421
-1431
-1516
-1654
-1578
-1280
-1128
-1203
-1406
-1366
-1069
-885
-761
-555
-119
135
16
12
281
798
1088
1216
1431
1581
1526
1289
1408
1845
2130
2053
1760
1688
1739
1634
1479
1517
1673
1567
1183
870
714
684
631
530
401
223
42
-292
-487
-532
-339
-135
-374
-700
-878
-708
-534
-502
-469
-522
-453
-494
-548
-467
-233
14
-17
-125
-180
-10
150
102
125
264
382
291
29
-157
-66
223
215
-155
-536
-634
-502
-532
-701
-894
-959
-1033
-1270
-1408
-1456
-1410
-1413
-1600
-1763
-1691
-1373
-1176
-1260
-1492
-1542
-1239
-807
-484
-356
-292
-155
80
271
455
807
1251
1525
1428
1275
1362
1620
1892
1936
1953
2036
2042
1892
1649
1653
1863
1942
1728
1345
1156
1037
902
730
709
919
700
47
-618
-560
42
221
-173
-764
-757
-555
-595
-674
-588
-229
-244
-607
-939
-808
-290
-72
-176
-383
-385
-235
-181
-178
-59
100
92
-6
-93
-124
-139
-94
-100
-246
-395
-501
-581
-757
-903
-935
-910
-1002
-1322
-1538
-1616
-1619
-1588
-1689
-1848
-1803
-1592
-1320
-1328
-1624
-1828
-1683
-993
-467
-367
-536
-545
-96
150
295
585
1273
1796
1429
981
1034
1729
2188
2015
1937
2180
2407
2050
1573
1722
2306
2544
2079
1544
1409
1493
1389
1209
1327
1323
923
291
7
238
437
297
-104
-318
-381
-467
-559
-566
-428
-427
-630
-942
-1080
-874
-654
-570
-667
-848
-889
-814
-628
-480
-431
-486
-577
-496
-409
-321
-349
-397
-386
-454
-493
-668
-716
-707
-753
-818
-937
-995
-1170
-1285
-1315
-1273
-1236
-1363
-1313
-1027
-752
-1010
-1529
-1543
-812
-52
-95
-519
-485
169
430
119
204
1026
1862
1612
806
703
1453
2080
1813
1503
1814
2229
2012
1340
1296
1933
2329
1987
1431
1404
1528
1324
1008
954
1195
1086
575
77
19
256
229
24
-290
-502
-592
-675
-660
-649
-622
-784
-1046
-1176
-1165
-972
-836
-863
-1016
-1120
-1042
-872
-742
-712
-688
-647
-600
-585
-582
-562
-519
-451
-429
-513
-676
-794
-793
-774
-789
-859
-964
-1031
-1116
-1141
-1089
-1103
-1034
-973
-696
-542
-850
-1209
-1208
-392
304
293
-175
-240
395
650
593
651
1276
1963
1654
989
790
1470
2161
1986
1612
1566
1857
1841
1377
1251
1604
1984
1845
1397
1164
1053
1022
892
826
922
792
462
27
-126
34
136
69
-253
-465
-499
-501
-490
-560
-579
-608
-684
-822
-899
-770
-603
-601
-760
-895
-799
-588
-539
-609
-673
-612
-507
-486
-567
-688
-691
-637
-635
-746
-907
-949
-959
-979
-1101
-1216
-1246
-1278
-1254
-1277
-1122
-865
-568
-566
-1034
-1324
-1111
-211
416
297
-130
-187
356
600
589
733
1390
1888
1460
778
693
1464
1980
1738
1461
1580
1818
1487
895
940
1565
1887
1465
903
827
921
828
634
666
856
676
217
-186
-141
81
176
75
-204
-361
-483
-497
-419
-281
-254
-468
-667
-760
-628
-441
-328
-391
-570
-653
-602
-429
-404
-493
-550
-504
-425
-453
-574
-747
-780
-636
-629
-869
-1173
-1283
-1186
-1184
-1336
-1491
-1528
-1521
-1604
-1503
-1268
-869
-757
-1232
-1679
-1482
-362
415
252
-289
-273
435
718
644
815
1601
2200
1789
1065
971
1729
2276
2047
1815
2056
2297
1824
1072
1165
1920
2281
1746
1024
864
965
900
672
665
730
627
201
-287
-352
-218
-62
-207
-425
-561
-607
-595
-675
-586
-534
-515
-601
-761
-720
-579
-317
-304
-532
-622
-551
-292
-199
-307
-462
-498
-403
-388
-346
-459
-564
-646
-731
-803
-936
-980
-1121
-1211
-1362
-1464
-1524
-1632
-1648
-1593
-1275
-945
-905
-1310
-1797
-1686
-747
145
169
-306
-387
238
649
568
595
1318
2109
1970
1242
907
1535
2162
2131
1849
1926
2218
1925
1285
1139
1729
2114
1739
1099
893
1013
844
525
413
603
529
122
-314
-497
-368
-347
-383
-572
-658
-703
-803
-733
-683
-530
-539
-633
-684
-663
-465
-325
-223
-288
-393
-297
-123
-32
-83
-168
-105
27
49
-83
-279
-296
-243
-233
-424
-732
-867
-898
-913
-1107
-1274
-1325
-1332
-1290
-1331
-1177
-873
-950
-1379
-1753
-1283
-245
208
-113
-601
-169
523
651
517
832
1747
1997
1351
770
1181
2130
2226
1658
1546
2087
2345
1642
974
1328
2056
2061
1277
812
952
1005
729
394
418
437
162
-204
-416
-449
-591
-700
-730
-734
-785
-941
-1025
-940
-807
-776
-851
-869
-770
-667
-564
-500
-451
-420
-390
-244
-113
-118
-182
-226
-99
27
37
-23
-268
-361
-376
-341
-396
-657
-808
-972
-1035
-1182
-1307
-1290
-1284
-1228
-1223
-1020
-1044
-1361
-1672
-1481
-575
55
-134
-675
-437
273
610
450
548
1452
2008
1655
819
816
1693
2170
1983
1743
2017
2228
1852
1143
1180
1816
2063
1636
998
808
700
608
438
348
393
257
-128
-633
-882
-839
-564
-501
-839
-1169
-1175
-1073
-964
-881
-869
-819
-891
-951
-901
-540
-162
-194
-338
-423
-209
92
164
107
54
165
170
151
161
10
-47
-74
-104
-317
-603
-702
-754
-713
-1006
-1343
-1314
-1075
-929
-1044
-1010
-1094
-1342
-1608
-1354
-373
290
-53
-769
-488
368
808
649
741
1570
2076
1590
778
1042
2128
2558
2122
1779
2040
2296
1863
1327
1753
2489
2289
1267
697
1034
1309
1021
434
312
450
160
-457
-889
-727
-568
-706
-1133
-1518
-1472
-1379
-1385
-1419
-1330
-1321
-1469
-1577
-1503
-1192
-859
-707
-812
-898
-835
-537
-232
-137
-180
-199
-30
23
68
6
-98
-65
-71
-130
-393
-575
-676
-709
-776
-986
-1051
-994
-893
-761
-615
-796
-1262
-1576
-1089
-141
310
-37
-571
-250
372
660
651
999
1827
2116
1609
1024
1375
2277
2492
2171
2143
2573
2671
1971
1489
1980
2765
2723
1908
1386
1343
1272
1004
877
959
730
127
-513
-684
-600
-773
-1057
-1308
-1412
-1611
-1900
-2037
-1966
-1767
-1787
-1948
-2038
-1985
-1855
-1715
-1476
-1292
-1256
-1228
-1078
-785
-567
-548
-504
-248
-34
61
43
-53
-35
1
54
-51
-131
-233
-413
-532
-640
-556
-494
-496
-332
-187
-397
-990
-1344
-617
328
572
-14
-384
104
521
554
505
1301
2222
2065
1131
616
1522
2613
2593
2014
1959
2551
2619
1881
1579
2290
3057
2765
1853
1497
1697
1724
1340
1129
1207
1083
480
-363
-686
-556
-425
-732
-1352
-1814
-1988
-2002
-2139
-2264
-2393
-2570
-2768
-2884
-2817
-2654
-2455
-2381
-2469
-2567
-2393
-1960
-1616
-1480
-1509
-1376
-1096
-887
-659
-508
-304
-193
-228
-333
-319
-59
124
72
-211
-284
-66
180
400
594
496
103
-385
-181
713
1233
1018
474
613
1001
1059
855
1154
2062
2375
1756
848
934
1779
2153
1972
1852
2067
2057
1424
1010
1617
2448
2489
1752
1257
1361
1472
1465
1350
1433
1303
862
370
112
237
199
105
-242
-637
-925
-1173
-1238
-1273
-1354
-1689
-2115
-2310
-2333
-2296
-2183
-2146
-2251
-2552
-2755
-2554
-2176
-1971
-2130
-2172
-1924
-1736
-1716
-1845
-1730
-1337
-1037
-1094
-1370
-1400
-1211
-991
-839
-690
-468
-394
-106
118
74
-185
-389
440
1373
1569
951
766
1436
1853
1702
1497
2392
3315
2999
1755
1180
2166
3079
2754
2052
2176
2783
2559
1341
961
1951
2764
2309
1310
1104
1336
1255
926
1055
1452
1216
409
-133
181
511
363
-66
-326
-306
-455
-810
-1049
-796
-701
-1066
-1604
-1885
-1716
-1585
-1590
-1777
-1990
-2178
-2301
-2172
-2028
-2096
-2316
-2330
-2168
-2056
-2120
-2269
-2331
-2107
-1968
-2018
-2154
-2267
-2144
-2021
-1825
-1686
-1456
-1264
-934
-770
-889
-1098
-952
101
920
958
524
800
1549
1854
1666
1767
2976
3766
3281
2218
2087
3185
3778
3354
2874
3147
3592
3093
2045
1983
2775
3099
2430
1663
1610
1619
1226
742
1034
1474
1169
189
-495
-241
77
32
-368
-603
-646
-813
-1143
-1283
-1059
-913
-1134
-1588
-1784
-1649
-1451
-1438
-1562
-1663
-1767
-1805
-1773
-1701
-1747
-1833
-1742
-1666
-1737
-1984
-2100
-1904
-1714
-1799
-2142
-2357
-2301
-2136
-2075
-2086
-1917
-1697
-1345
-1358
-1661
-1864
-1689
-693
99
176
-335
-233
541
1068
1086
1141
2150
3007
2824
1924
1722
2739
3586
3386
2976
3202
3610
3318
2426
2416
3317
3705
2994
2168
2191
2418
2059
1411
1464
1914
1864
1075
199
65
290
407
180
-147
-420
-640
-881
-1045
-878
-830
-1062
-1488
-1730
-1624
-1518
-1479
-1586
-1760
-1870
-1826
-1718
-1672
-1750
-1858
-1760
-1682
-1732
-1849
-1879
-1786
-1673
-1692
-1898
-2117
-2170
-2059
-2000
-1981
-1889
-1751
-1395
-1183
-1453
-1875
-2049
-1222
-110
227
-348
-662
-64
514
603
591
1491
2513
2430
1472
1007
1899
2917
2869
2475
2720
3237
3053
2026
1747
2767
3609
3162
2186
1954
2138
2042
1583
1641
2146
2081
1335
524
496
796
942
774
446
149
-210
-412
-465
-179
-71
-458
-1011
-1364
-1220
-887
-774
-1002
-1356
-1648
-1673
-1440
-1297
-1431
-1684
-1724
-1612
-1592
-1746
-1902
-1905
-1721
-1656
-1791
-2031
-2271
-2299
-2142
-1919
-1730
-1690
-1585
-1390
-1501
-1682
-1888
-1303
-316
85
-259
-614
-30
531
664
510
1138
2297
2425
1569
883
1504
2568
2626
2112
2207
2791
2836
1840
1242
2097
3061
2824
1736
1347
1699
1772
1275
1017
1510
1682
1131
264
74
485
706
587
326
267
136
-131
-410
-228
197
162
-311
-817
-819
-547
-399
-467
-641
-855
-1038
-1037
-976
-935
-1136
-1271
-1251
-1251
-1397
-1684
-1814
-1784
-1636
-1750
-2028
-2358
-2520
-2444
-2305
-2031
-1887
-1591
-1675
-2075
-2422
-2301
-1242
-401
-286
-917
-941
-245
175
196
337
1527
2491
2155
994
672
1860
2920
2701
2181
2381
2912
2720
1722
1551
2499
3196
2631
1674
1561
1735
1489
984
1059
1587
1442
524
-260
-79
455
418
-26
-398
-327
-196
-425
-651
-441
-90
-262
-781
-984
-633
-188
-149
-471
-713
-695
-538
-381
-372
-472
-708
-684
-660
-739
-865
-1041
-1045
-1026
-1053
-1390
-1673
-1852
-1856
-1823
-1860
-1760
-1613
-1286
-1559
-2085
-2407
-1967
-890
-409
-680
-1256
-784
-85
13
-209
211
1610
2264
1549
479
725
2007
2533
2027
1893
2503
2842
2108
1160
1670
2909
3187
2126
1350
1602
1725
1264
814
1282
1792
1200
-78
-606
39
469
106
-544
-684
-521
-650
-1061
-1151
-669
-422
-829
-1449
-1533
-1077
-626
-629
-916
-1025
-1005
-917
-805
-623
-487
-528
-628
-705
-770
-822
-795
-775
-672
-754
-1025
-1289
-1470
-1460
-1388
-1202
-1168
-838
-863
-1455
-2022
-2020
-801
54
-100
-945
-976
-185
158
-74
-170
1035
2039
1768
658
233
1323
2278
2021
1593
1983
2568
2244
1091
1053
2296
3063
2457
1460
1512
1808
1496
858
1051
1812
1667
669
-323
-52
573
490
-106
-555
-417
-387
-711
-1111
-967
-636
-738
-1205
-1540
-1380
-981
-792
-933
-1149
-1291
-1164
-998
-825
-757
-789
-722
-740
-827
-900
-828
-688
-558
-641
-840
-988
-1060
-1021
-1058
-956
-799
-507
-248
-777
-1417
-1796
-1018
178
471
-123
-754
-197
367
410
104
596
1818
2071
1234
333
720
1809
2023
1571
1615
2106
2150
1242
632
1488
2559
2465
1506
1172
1596
1567
976
759
1391
1783
1107
74
-182
350
577
230
-188
-335
-392
-624
-949
-830
-580
-721
-1202
-1608
-1558
-1318
-1133
-1094
-1227
-1444
-1699
-1657
-1347
-1109
-1176
-1269
-1231
-1184
-1327
-1468
-1414
-1123
-831
-1055
-1310
-1519
-1352
-1186
-1125
-910
-651
72
-178
-1016
-1723
-1289
398
1095
619
-420
-99
828
968
549
692
2073
2766
1951
660
742
2002
2504
1754
1478
2165
2497
1555
234
745
2203
2559
1450
664
1187
1504
851
167
680
1666
1488
226
-551
-54
657
558
51
-169
-102
-161
-612
-748
-380
-175
-520
-1134
-1294
-1063
-872
-882
-1012
-1090
-1238
-1423
-1411
-1277
-1155
-1170
-1211
-1273
-1438
-1564
-1728
-1625
-1405
-1256
-1398
-1779
-1962
-1931
-1666
-1386
-1069
-395
-292
-1013
-1860
-1804
-191
1034
1005
-6
-103
804
1153
932
887
2274
3375
2790
1364
948
2217
3083
2490
1934
2409
2930
2167
581
536
2031
2790
1778
505
632
1136
855
-19
-40
796
999
181
-867
-813
-236
91
-135
-461
-480
-493
-760
-1028
-704
-284
-370
-905
-1254
-1107
-679
-542
-709
-864
-937
-846
-825
-838
-903
-873
-693
-751
-935
-1165
-1329
-1353
-1298
-1224
-1324
-1511
-1807
-1927
-1915
-1694
-1388
-909
-524
-1057
-1743
-2197
-1237
229
760
130
-471
282
927
967
650
1495
3061
3272
2076
993
1757
3145
3204
2462
2449
3084
3035
1672
772
1741
2931
2599
1211
759
1215
1209
335
-237
413
1000
496
-728
-1190
-704
-260
-371
-784
-904
-783
-836
-1148
-1076
-737
-666
-995
-1306
-1215
-832
-624
-738
-867
-895
-797
-668
-615
-646
-699
-627
-520
-511
-667
-935
-1116
-1064
-809
-840
-1167
-1560
-1756
-1659
-1671
-1544
-1336
-668
-699
-1525
-2292
-2257
-653
369
203
-725
-615
325
604
332
476
2048
3049
2392
1043
978
2437
3216
2608
2175
2762
3321
2651
1214
1276
2583
3069
2059
1014
1241
1540
1045
155
254
891
756
-217
-937
-680
-421
-494
-889
-976
-982
-1043
-1272
-1321
-958
-954
-1258
-1626
-1502
-1126
-929
-985
-1098
-1028
-1005
-974
-814
-628
-640
-685
-673
-505
-430
-597
-849
-928
-675
-561
-694
-1049
-1252
-1252
-1360
-1307
-1154
-487
-98
-824
-1713
-2168
-1078
260
510
-198
-640
100
473
359
215
1321
2827
2699
1422
626
1558
2847
2788
2203
2399
2973
2793
1566
1027
2065
2988
2504
1386
1187
1546
1265
370
201
1039
1242
265
-900
-914
-302
-194
-592
-916
-898
-1042
-1354
-1509
-1052
-687
-1032
-1685
-1936
-1484
-950
-933
-1215
-1298
-1203
-1107
-1056
-897
-733
-764
-873
-857
-674
-574
-755
-1027
-906
-708
-598
-800
-1153
-1259
-1280
-1230
-1128
-846
-326
-231
-934
-1718
-1824
-587
576
629
-243
-492
301
708
678
527
1599
2871
2637
1442
796
1757
2950
2857
2258
2381
2869
2627
1493
1173
2223
2945
2332
1262
1187
1474
1091
240
182
1020
1111
124
-1018
-1027
-490
-344
-744
-1033
-976
-1130
-1451
-1701
-1306
-941
-1151
-1648
-1911
-1615
-1259
-1175
-1208
-1161
-1147
-1202
-1163
-994
-825
-821
-840
-707
-546
-713
-999
-1105
-815
-502
-591
-868
-1176
-1240
-1300
-1268
-1010
-567
-75
-440
-1244
-1845
-1494
-109
606
354
-387
-238
450
655
504
746
2084
2893
2339
1163
995
2142
2978
2686
2318
2620
2947
2439
1420
1589
2628
2935
2142
1379
1534
1672
1092
384
535
1075
961
70
-699
-690
-478
-462
-748
-915
-1041
-1167
-1404
-1549
-1318
-1292
-1442
-1725
-1842
-1710
-1574
-1411
-1323
-1387
-1548
-1491
-1188
-933
-1035
-1237
-1092
-746
-585
-816
-1156
-1132
-789
-556
-602
-880
-1068
-1202
-1288
-1145
-668
-160
120
-456
-1310
-1682
-1107
277
816
383
-427
-71
641
788
508
772
2291
2981
2205
948
923
2248
2983
2517
2210
2582
2842
2154
1137
1591
2758
2976
2010
1278
1510
1638
1117
452
789
1285
1005
0
-744
-497
-127
-139
-672
-970
-1095
-1083
-1276
-1436
-1222
-1272
-1482
-1828
-1986
-1833
-1587
-1442
-1455
-1719
-1937
-1734
-1425
-1241
-1369
-1508
-1330
-1105
-1065
-1247
-1426
-1271
-862
-690
-881
-1249
-1386
-1270
-1086
-922
-575
-370
-163
-341
-867
-1123
-947
212
954
784
-33
42
853
1148
953
891
2158
3089
2521
1289
962
2158
3063
2634
2098
2387
2886
2445
1268
1265
2422
3033
2217
1265
1291
1494
1288
646
823
1311
1049
212
-531
-312
105
121
-413
-804
-844
-749
-889
-1202
-1091
-960
-1115
-1536
-1882
-1796
-1390
-1173
-1271
-1627
-1958
-1817
-1419
-1296
-1440
-1655
-1561
-1319
-1337
-1503
-1705
-1624
-1263
-1052
-1188
-1520
-1692
-1621
-1389
-1229
-886
-646
-537
-435
-653
-751
-986
-319
648
1055
627
199
906
1401
1358
995
1725
3106
3256
2151
1212
1752
2899
2980
2258
2218
2775
2873
1735
872
1622
2714
2632
1492
973
1086
1020
613
517
1082
997
171
-635
-554
23
46
-398
-845
-797
-624
-729
-1075
-1093
-737
-738
-1183
-1599
-1517
-1078
-834
-1019
-1309
-1532
-1552
-1314
-1182
-1176
-1396
-1530
-1411
-1417
-1489
-1562
-1565
-1424
-1355
-1514
-1846
-1977
-1873
-1665
-1504
-1581
-1451
-1449
-1024
-599
-684
-1010
-1464
-624
507
977
425
260
1060
1449
1319
1013
2153
3556
3396
2116
1329
2238
3350
3082
2416
2613
3231
3026
1603
1064
2181
3136
2558
1268
951
1221
1121
587
533
1033
792
-119
-758
-536
-31
-192
-625
-824
-798
-773
-1027
-1112
-752
-521
-891
-1489
-1545
-1079
-636
-680
-1032
-1203
-1291
-1253
-988
-776
-770
-1163
-1418
-1301
-1258
-1184
-1237
-1259
-1248
-1500
-1799
-1956
-1819
-1700
-1657
-1787
-1942
-1884
-1793
-1153
-802
-949
-1614
-1960
-790
430
717
4
87
865
1237
934
957
2521
3648
3058
1647
1363
2651
3507
2970
2506
2973
3528
2839
1439
1598
2912
3364
2234
1151
1319
1675
1179
338
617
1227
1022
-73
-907
-711
-260
-184
-516
-816
-1081
-1219
-1408
-1268
-868
-795
-1167
-1694
-1628
-1205
-921
-1031
-1154
-1187
-1245
-1144
-956
-766
-811
-1111
-1195
-1061
-924
-758
-842
-1020
-1216
-1308
-1296
-1362
-1415
-1415
-1497
-1695
-1822
-1771
-1694
-1182
-706
-921
-1628
-2302
-1252
259
685
-103
-599
222
921
901
648
1619
2853
2819
1681
967
1939
3078
2904
2284
2521
3292
3200
1891
1385
2466
3298
2755
1670
1569
1887
1476
725
735
1595
1785
720
-450
-710
-65
376
144
-338
-810
-842
-1006
-1041
-834
-731
-771
-1113
-1275
-1390
-1333
-1114
-954
-832
-1064
-1313
-1141
-971
-981
-1158
-1156
-942
-900
-919
-1055
-1081
-1065
-1064
-1140
-1285
-1380
-1519
-1461
-1654
-1784
-1815
-1698
-1553
-1164
-822
-1212
-1713
-1925
-873
118
211
-393
-364
620
979
668
413
1482
2712
2639
1531
909
1817
2804
2613
2158
2543
3193
2920
1591
1188
2278
3162
2690
1602
1408
1588
1340
795
771
1333
1377
569
-264
-304
6
81
-356
-640
-600
-496
-793
-1315
-1239
-860
-629
-1016
-1513
-1614
-1351
-990
-991
-1129
-1203
-1303
-1243
-1220
-1211
-1003
-857
-951
-1171
-1205
-988
-762
-737
-996
-1167
-1275
-1267
-1252
-1385
-1492
-1653
-1566
-1594
-1648
-1542
-877
-550
-999
-1671
-1913
-624
442
574
-43
-74
552
757
635
753
2032
2835
2184
991
952
2381
3095
2492
2069
2568
3118
2454
1220
1502
2808
3220
2247
1323
1476
1702
1308
700
937
1499
1253
313
-330
-221
-102
-134
-177
-162
-388
-879
-1264
-1094
-637
-634
-937
-1255
-1380
-1350
-1183
-918
-859
-1098
-1452
-1487
-1032
-757
-855
-1081
-1135
-1086
-1023
-819
-688
-600
-837
-1143
-1191
-1112
-1141
-1333
-1327
-1347
-1434
-1650
-1856
-1658
-1396
-880
-608
-955
-1469
-1930
-1011
187
588
75
-369
321
857
823
393
1102
2531
2758
1787
904
1548
2738
2655
2026
2185
2994
3019
1730
1113
2137
3146
2705
1561
1401
1928
1751
796
479
1208
1591
949
-116
-397
-33
106
-169
-497
-513
-551
-867
-1266
-1206
-899
-798
-1019
-1398
-1465
-1374
-1253
-1121
-1070
-1122
-1232
-1191
-1032
-857
-790
-742
-787
-929
-820
-625
-405
-510
-804
-944
-974
-920
-969
-988
-1150
-1304
-1433
-1536
-1561
-1449
-1274
-761
-489
-897
-1507
-1931
-865
315
690
-21
-584
175
731
752
501
1438
2644
2476
1312
728
1830
2923
2601
1898
2239
3058
2907
1591
1187
2383
3318
2786
1468
1283
1751
1584
879
676
1255
1374
586
-337
-374
-52
-20
-401
-798
-873
-945
-1118
-1383
-1334
-1143
-1146
-1479
-1776
-1651
-1339
-1102
-1259
-1491
-1469
-1198
-875
-806
-919
-891
-687
-628
-786
-861
-539
-228
-324
-721
-903
-789
-678
-756
-975
-964
-1016
-1168
-1491
-1601
-1388
-1094
-1013
-823
-701
-979
-1577
-1803
-642
446
537
-344
-412
404
749
407
332
1721
2770
2213
864
670
1964
2746
2247
1880
2588
3232
2536
1193
1362
2692
3165
2292
1446
1713
1857
1191
435
809
1501
1232
220
-518
-405
-197
-334
-743
-884
-935
-1092
-1469
-1639
-1351
-1080
-1157
-1574
-1746
-1550
-1178
-1008
-998
-1093
-1206
-1016
-734
-610
-626
-572
-329
-220
-454
-671
-412
100
299
-62
-487
-580
-391
-332
-619
-689
-583
-574
-1073
-1580
-1461
-1051
-825
-972
-685
-547
-933
-1777
-1745
-299
643
415
-550
-457
305
621
311
484
1694
2305
1708
642
836
1999
2467
2024
1883
2565
2879
1964
973
1531
2763
2928
1935
1243
1477
1547
993
525
827
1135
747
-45
-576
-556
-484
-588
-730
-879
-1044
-1300
-1529
-1439
-1170
-1059
-1341
-1638
-1604
-1286
-970
-920
-1011
-1217
-1214
-826
-412
-273
-410
-511
-333
-179
-162
-85
163
280
141
-61
-229
-232
-237
-245
-311
-435
-565
-905
-1223
-1325
-1164
-978
-1054
-1150
-838
-729
-1209
-1777
-1531
-376
141
-219
-797
-377
301
161
-265
101
1621
2285
1407
275
463
1843
2417
1893
1752
2374
2687
1852
1003
1621
2800
2872
1883
1290
1604
1600
876
414
918
1471
961
-134
-783
-661
-330
-297
-361
-637
-1141
-1539
-1658
-1252
-930
-870
-1184
-1581
-1653
-1507
-1066
-779
-717
-893
-1032
-787
-387
-181
-168
-164
49
221
106
-3
117
471
628
569
268
-81
-180
-112
73
12
-243
-652
-993
-1080
-1008
-815
-1008
-1279
-1451
-1034
-648
-1029
-1648
-1948
-1055
-147
-38
-748
-1024
-405
-63
-47
-76
772
1600
1322
534
457
1476
2160
1791
1433
1961
2569
2263
1265
1145
2057
2603
2127
1400
1371
1356
939
468
635
1066
738
-128
-699
-530
-370
-542
-801
-915
-1051
-1364
-1559
-1500
-1165
-1076
-1258
-1419
-1407
-1148
-913
-715
-614
-551
-471
-333
-109
43
149
267
513
665
590
515
396
467
745
908
822
326
-77
-30
219
189
-297
-642
-731
-813
-1103
-1496
-1563
-1442
-1405
-1554
-1551
-1067
-1105
-1837
-2517
-2102
-649
-98
-764
-1479
-925
-32
-43
-319
273
1665
2013
1033
200
938
2366
2567
1802
1660
2449
2740
1858
1065
1728
2836
2656
1507
914
1224
1247
713
349
632
776
102
-772
-1051
-760
-682
-692
-768
-828
-1182
-1706
-1666
-1133
-457
-505
-830
-1022
-985
-728
-421
144
459
345
-93
-204
305
825
947
811
756
805
818
616
562
709
951
863
418
47
-197
-118
-181
-397
-654
-869
-1117
-1504
-1718
-1771
-1749
-1864
-2109
-2200
-2021
-1713
-1549
-1860
-2196
-2210
-1455
-607
-573
-911
-888
-129
315
170
115
946
2070
2106
1270
851
1654
2563
2451
1913
1990
2525
2440
1599
1246
1839
2226
1702
972
897
1051
664
48
-25
442
418
-229
-814
-739
-328
-371
-695
-896
-704
-507
-553
-668
-542
-341
-361
-381
-286
-4
117
70
83
146
304
430
555
544
444
419
523
686
609
443
301
273
243
131
-15
-147
-289
-622
-910
-1040
-967
-1044
-1411
-1691
-1776
-1664
-1753
-2000
-2179
-2057
-1795
-1652
-1587
-1497
-1186
-1266
-1488
-1568
-884
58
116
-311
-527
302
923
774
443
843
1945
2122
1395
751
1209
2032
1959
1376
1322
1820
1837
1079
589
1110
1640
1400
790
722
1017
781
278
111
535
759
403
-61
-170
-28
-37
-79
-80
-45
-152
-333
-325
-187
-98
-204
-246
-105
2
-7
-82
-52
46
66
-5
69
262
260
50
-155
-76
101
114
-124
-369
-402
-347
-322
-433
-580
-733
-803
-836
-873
-835
-804
-907
-1110
-1261
-1228
-1058
-1021
-1072
-1095
-1135
-1158
-1120
-892
-483
-545
-945
-1290
-967
-182
65
-186
-474
51
481
277
-81
206
1319
1651
998
346
622
1405
1468
1092
1291
1889
1983
1245
684
1175
1937
1999
1450
1203
1331
1159
668
388
793
1138
850
167
-372
-350
-166
-75
-122
-251
-410
-563
-706
-752
-597
-388
-348
-578
-793
-763
-548
-468
-571
-590
-411
-158
-204
-476
-509
-293
91
199
21
-125
-204
-62
143
342
380
181
6
-7
144
225
102
-110
-254
-214
-213
-341
-610
-872
-939
-915
-947
-1107
-1339
-1412
-1271
-1117
-870
-1043
-1391
-1637
-1496
-795
-432
-387
-646
-513
-175
-51
118
432
1145
1431
1190
895
986
1470
1700
1652
1847
2141
2089
1579
1118
1432
1965
2030
1543
1121
1048
844
568
367
535
593
241
-247
-574
-448
-402
-447
-605
-698
-801
-975
-1060
-1054
-852
-826
-813
-838
-793
-760
-727
-518
-304
-103
-74
-18
130
292
431
512
618
691
744
807
888
906
904
833
800
850
856
775
483
245
99
105
77
-97
-352
-642
-805
-1042
-1245
-1378
-1431
-1478
-1750
-1993
-2108
-1952
-1788
-1772
-1584
-1643
-1772
-2066
-1901
-1156
-627
-524
-962
-846
-449
-120
73
353
1047
1310
1010
601
857
1645
1954
1660
1568
1854
2026
1656
1145
1379
1882
1917
1380
941
973
871
582
317
458
598
314
-228
-570
-405
-293
-417
-668
-707
-626
-648
-803
-791
-486
-311
-347
-495
-369
-93
100
154
167
390
626
791
790
801
1021
1229
1346
1292
1317
1414
1378
1249
1150
1189
1140
978
711
506
340
144
-49
-279
-497
-780
-1107
-1409
-1652
-1818
-2001
-2259
-2513
-2690
-2857
-3000
-3071
-3015
-2850
-2800
-2746
-2629
-2563
-2502
-2489
-2063
-1403
-942
-848
-900
-486
46
534
814
1258
1897
2011
1727
1554
2066
2814
2870
2511
2403
2624
2682
2212
1889
2116
2355
2053
1388
1110
1099
934
494
194
310
282
-82
-643
-842
-604
-396
-504
-796
-929
-757
-492
-425
-385
-237
58
227
282
414
704
1053
1146
1148
1238
1447
1649
1633
1601
1638
1608
1547
1357
1295
1336
1155
837
479
239
10
-288
-544
-793
-1028
-1480
-1971
-2308
-2460
-2546
-2792
-3013
-3251
-3425
-3569
-3644
-3525
-3351
-3251
-3295
-3237
-3064
-2821
-2603
-2304
-1849
-1504
-1113
-921
-759
-641
-374
418
1160
1503
1265
1299
1767
2236
2455
2482
2886
3157
2914
2400
2255
2698
2892
2532
2165
2103
2112
1772
1242
1199
1459
1402
936
609
626
547
265
20
163
338
247
-9
-32
283
363
231
67
236
525
636
610
601
809
787
644
643
844
1021
876
552
307
353
403
223
-56
-200
-291
-529
-814
-1016
-987
-985
-1256
-1601
-1739
-1712
-1773
-1959
-2161
-2208
-2127
-2121
-2238
-2322
-2284
-2196
-2130
-2059
-1947
-1857
-1827
-1767
-1556
-1268
-1108
-1106
-1098
-990
-834
-647
-571
-524
-338
-88
130
262
385
468
461
474
805
1357
1670
1425
1106
1334
1833
2065
1910
1881
2141
2271
1988
1631
1796
2198
2150
1775
1593
1773
1837
1460
1161
1288
1495
1252
752
601
746
717
391
100
76
105
-84
-381
-505
-469
-496
-640
-813
-870
-850
-836
-867
-918
-917
-947
-951
-922
-877
-878
-860
-786
-732
-664
-649
-584
-454
-400
-400
-415
-332
-237
-263
-363
-438
-399
-329
-349
-465
-580
-612
-608
-620
-666
-731
-765
-820
-831
-795
-757
-747
-803
-826
-733
-595
-497
-493
-508
-457
-312
-157
-66
-39
-60
49
319
634
803
834
901
1027
1092
1122
1297
1617
1775
1571
1375
1473
1731
1753
1526
1462
1577
1542
1091
627
611
757
658
259
-94
-241
-412
-681
-820
-740
-721
-989
-1350
-1491
-1389
-1133
-982
-1006
-1130
-1230
-1169
-935
-593
-342
-249
-289
-278
-133
128
309
380
437
459
542
585
596
571
631
757
813
762
526
315
290
441
588
494
216
10
-22
59
44
-68
-134
-218
-275
-359
-405
-366
-315
-274
-306
-336
-359
-336
-270
-192
-145
-136
-169
-154
-47
80
142
53
-8
-30
75
198
180
71
-87
-191
-250
-201
-115
-92
-210
-370
-525
-600
-595
-538
-391
-391
-620
-901
-852
-609
-493
-571
-685
-597
-525
-600
-711
-607
-399
-368
-411
-366
-211
-143
-151
-119
116
346
327
274
376
632
754
732
674
801
1043
1192
1283
1226
1190
1159
1232
1403
1515
1519
1329
1201
1174
1243
1238
1120
1037
984
932
764
560
478
493
486
422
252
113
39
-32
-27
13
47
-48
-213
-312
-283
-178
-192
-298
-400
-419
-402
-430
-433
-475
-549
-580
-600
-592
-611
-698
-777
-817
-822
-849
-914
-1012
-1138
-1177
-1160
-1192
-1341
-1477
-1502
-1509
-1576
-1683
-1738
-1709
-1694
-1748
-1758
-1714
-1498
-1322
-1341
-1500
-1530
-1168
-834
-719
-756
-542
-194
-90
-98
72
634
1070
1114
983
1095
1451
1670
1755
1922
2182
2296
2196
2056
2181
2421
2480
2371
2265
2268
2266
2191
2029
1903
1828
1740
1573
1298
1131
1051
978
810
547
374
285
191
-18
-180
-250
-287
-420
-635
-742
-694
-573
-624
-765
-837
-787
-697
-654
-611
-556
-481
-501
-495
-387
-253
-220
-289
-316
-344
-376
-457
-479
-422
-473
-642
-870
-944
-910
-937
-1076
-1269
-1362
-1446
-1558
-1643
-1625
-1538
-1584
-1721
-1795
-1714
-1529
-1459
-1468
-1458
-1412
-1298
-1190
-1057
-922
-800
-698
-627
-481
-290
-60
145
399
685
787
726
642
1005
1584
1883
1733
1496
1680
1924
2035
2012
2128
2357
2258
1929
1682
1754
1894
1809
1624
1449
1342
1226
1040
937
950
905
719
450
255
201
220
224
123
-46
-256
-415
-404
-310
-246
-243
-346
-510
-631
-628
-473
-344
-306
-382
-513
-555
-570
-512
-421
-326
-271
-366
-493
-533
-401
-231
-172
-225
-335
-398
-410
-353
-341
-402
-487
-552
-602
-683
-755
-773
-799
-914
-1051
-1103
-1041
-1022
-1108
-1227
-1256
-1164
-1130
-1182
-1186
-1036
-883
-897
-961
-902
-682
-485
-434
-408
-322
-185
-56
60
217
373
475
542
648
786
876
930
1041
1192
1294
1291
1250
1247
1257
1295
1347
1382
1302
1188
1163
1213
1171
946
765
735
776
697
485
348
311
245
77
-74
-63
-6
-93
-273
-346
-235
-105
-112
-175
-163
-70
-13
-8
67
206
296
303
293
350
394
372
369
428
534
534
381
211
154
216
244
211
120
-43
-229
-372
-359
-318
-392
-585
-760
-821
-896
-1004
-1083
-1104
-1142
-1255
-1354
-1372
-1317
-1256
-1227
-1192
-1152
-1104
-1054
-956
-784
-608
-510
-536
-539
-400
-164
42
122
131
143
223
337
461
549
581
558
545
565
569
566
543
525
470
408
343
253
172
91
35
45
48
-15
-103
-186
-150
-69
-7
-15
-44
-34
-7
46
96
166
222
229
229
289
376
423
409
396
455
531
572
554
527
560
574
560
544
541
504
416
360
381
423
355
210
111
118
150
119
35
-25
0
44
64
49
18
30
80
152
211
198
166
137
190
265
295
274
205
169
144
168
147
61
-44
-164
-225
-281
-335
-405
-539
-666
-792
-865
-885
-920
-958
-1016
-1051
-1027
-1008
-972
-905
-791
-720
-702
-631
-480
-279
-185
-114
3
195
374
459
554
663
742
746
744
813
927
984
907
808
699
576
499
463
448
351
127
-160
-352
-468
-552
-623
-765
-930
-1118
-1315
-1435
-1443
-1411
-1403
-1414
-1431
-1439
-1374
-1262
-1076
-864
-701
-542
-391
-184
26
245
543
827
1070
1238
1357
1495
1677
1866
1989
2083
2153
2175
2177
2112
2022
1925
1827
1726
1572
1416
1164
857
618
454
329
127
-171
-439
-628
-776
-941
-1089
-1173
-1233
-1298
-1365
-1378
-1333
-1285
-1239
-1120
-933
-794
-730
-669
-510
-261
-23
125
209
319
469
625
736
839
944
970
927
895
936
964
878
731
624
528
358
167
16
-104
-270
-502
-753
-1002
-1195
-1301
-1393
-1501
-1613
-1753
-1896
-2002
-2006
-1938
-1836
-1776
-1756
-1702
-1674
-1560
-1325
-1022
-781
-691
-587
-400
-139
165
385
584
779
950
1112
1220
1370
1534
1684
1773
1761
1767
1744
1681
1680
1676
1663
1530
1289
1104
1010
995
899
703
489
323
203
41
-103
-166
-200
-290
-446
-558
-565
-528
-528
-510
-441
-385
-391
-429
-360
-173
11
88
115
171
309
457
537
586
633
732
823
858
848
819
788
750
750
737
658
532
384
265
177
90
-33
-184
-347
-492
-648
-826
-958
-1033
-1059
-1112
-1274
-1464
-1552
-1512
-1404
-1407
-1495
-1525
-1474
-1422
-1405
-1326
-1175
-992
-939
-917
-821
-710
-594
-479
-302
-110
-17
-37
7
186
377
494
549
624
707
771
810
866
955
1004
998
974
1002
1035
1006
922
821
779
785
764
668
555
477
411
335
242
172
152
137
70
-15
-99
-161
-203
-168
-72
-17
-63
-152
-149
-38
103
173
215
268
308
374
450
506
565
617
660
696
708
706
700
698
674
663
643
583
485
398
360
319
215
55
-89
-169
-223
-355
-525
-621
-684
-757
-883
-994
-1011
-1028
-1104
-1203
-1219
-1160
-1126
-1162
-1198
-1168
-1079
-1006
-986
-927
-819
-728
-697
-628
-493
-354
-273
-243
-163
-57
40
98
169
307
389
386
353
365
491
586
584
537
488
445
402
424
485
504
442
312
231
224
250
292
267
189
89
47
65
66
46
12
22
34
-3
-30
-14
45
77
79
104
151
229
255
246
287
396
504
535
538
534
552
603
625
625
609
593
597
573
521
456
393
373
348
310
249
136
19
-69
-80
-91
-174
-310
-417
-443
-485
-598
-696
-720
-702
-710
-765
-823
-853
-821
-787
-749
-690
-659
-613
-577
-521
-423
-358
-302
-252
-159
-51
-9
-3
6
105
216
294
305
245
236
256
299
324
299
261
232
188
121
86
95
104
32
-78
-150
-155
-153
-208
-253
-266
-262
-296
-342
-333
-281
-222
-201
-206
-208
-156
-97
-73
-10
80
130
138
118
169
270
321
293
258
311
370
396
363
343
361
376
341
279
290
330
324
278
223
216
194
109
50
92
169
147
47
-40
-26
3
4
-20
-3
52
43
-12
-50
-34
27
63
67
86
103
100
58
61
133
212
216
135
93
130
194
232
210
184
197
190
148
95
61
75
86
24
-50
-103
-132
-180
-222
-205
-194
-249
-369
-466
-493
-439
-408
-472
-534
-580
-578
-570
-579
-549
-516
-533
-641
-669
-583
-474
-442
-495
-524
-495
-414
-352
-321
-287
-233
-186
-162
-154
-120
-68
-15
-3
-19
-8
-1
28
70
95
103
91
86
100
128
176
212
206
235
264
281
316
365
426
431
434
463
523
576
540
501
541
630
665
618
567
538
557
579
586
583
532
460
398
403
430
419
374
334
327
310
259
227
218
215
191
138
113
90
66
25
3
-4
-37
-113
-196
-232
-215
-201
-232
-305
-389
-437
-453
-452
-462
-511
-579
-631
-650
-651
-701
-751
-754
-722
-710
-752
-800
-829
-824
-779
-716
-680
-689
-725
-729
-672
-593
-529
-497
-466
-421
-355
-292
-249
-192
-138
-78
-31
10
75
127
163
202
257
329
397
428
419
418
458
509
547
542
537
552
557
567
567
550
520
501
524
552
542
483
420
397
402
420
414
382
325
272
268
291
288
241
201
208
229
209
169
131
117
123
112
101
89
67
25
4
16
31
36
-3
-43
-72
-95
-122
-147
-150
-161
-189
-232
-278
-314
-350
-374
-398
-407
-399
-412
-439
-458
-450
-424
-393
-379
-357
-332
-316
-301
-291
-245
-198
-175
-144
-129
-114
-104
-79
-40
-14
5
-1
-29
-24
24
72
61
12
-29
-11
69
121
126
84
38
51
108
181
216
218
218
216
216
224
253
318
369
380
345
302
291
309
340
352
355
327
266
217
199
221
224
205
172
103
23
-42
-41
2
-3
-78
-187
-266
-291
-305
-322
-335
-346
-377
-437
-482
-493
-471
-436
-434
-441
-446
-428
-372
-313
-255
-218
-188
-133
-71
-4
46
104
165
199
244
289
350
400
420
433
436
462
487
484
462
435
414
384
342
285
229
174
121
73
18
-65
-141
-188
-212
-230
-282
-353
-405
-408
-386
-369
-364
-380
-396
-379
-307
-206
-157
-146
-109
-40
53
107
139
214
330
418
441
446
469
522
564
566
560
548
524
471
397
355
326
263
155
60
1
-70
-177
-298
-373
-387
-420
-520
-607
-621
-582
-575
-626
-653
-622
-569
-539
-527
-485
-420
-356
-283
-190
-106
-46
2
83
208
321
364
375
437
545
632
639
614
612
656
699
691
651
597
564
543
501
432
361
285
220
166
98
15
-83
-169
-223
-274
-334
-398
-461
-507
-535
-543
-534
-533
-532
-509
-480
-459
-440
-405
-357
-296
-239
-184
-126
-90
-50
-3
53
113
139
125
115
139
187
202
196
187
178
161
127
96
83
69
34
-19
-67
-102
-138
-170
-201
-234
-281
-333
-358
-352
-330
-332
-353
-343
-316
-297
-276
-238
-167
-118
-90
-43
18
98
153
189
246
322
387
416
432
463
505
537
546
560
569
551
504
463
452
443
399
332
292
253
195
142
121
110
73
5
-52
-46
-22
-55
-116
-140
-115
-82
-83
-93
-92
-79
-69
-67
-43
-1
17
1
-13
11
34
35
31
38
45
21
-9
-18
6
17
1
-40
-75
-84
-105
-111
-109
-104
-115
-158
-204
-229
-220
-211
-226
-250
-266
-280
-299
-313
-303
-285
-274
-262
-252
-250
-249
-240
-215
-179
-143
-130
-143
-148
-128
-76
-30
-35
-61
-63
-30
2
6
3
-3
9
24
23
23
29
45
43
31
38
50
49
40
49
74
94
83
64
63
73
78
58
39
33
47
48
31
21
28
41
35
26
30
57
72
80
77
75
107
166
212
228
223
231
262
311
358
365
341
319
327
364
396
395
362
333
341
358
362
333
307
311
337
330
262
194
164
178
198
169
100
43
14
1
-12
-40
-75
-129
-188
-252
-294
-302
-311
-346
-404
-450
-476
-494
-529
-546
-535
-510
-503
-536
-554
-523
-462
-406
-390
-396
-396
-359
-297
-233
-178
-165
-193
-220
-190
-117
-59
-45
-57
-64
-51
-16
4
-1
9
44
66
51
23
2
12
52
70
57
25
2
-3
-4
10
30
57
53
31
29
67
124
148
138
148
191
231
240
232
257
304
343
352
360
394
415
414
404
430
469
474
449
425
432
439
420
385
369
364
341
289
228
198
186
162
111
62
35
5
-47
-110
-134
-129
-144
-191
-251
-279
-268
-262
-293
-355
-403
-411
-402
-412
-445
-472
-484
-488
-479
-486
-483
-475
-466
-439
-415
-403
-405
-389
-341
-262
-207
-210
-240
-239
-164
-75
-13
-6
-7
8
36
103
161
181
175
171
187
216
246
251
241
249
270
274
247
225
230
235
237
223
188
177
179
176
160
149
144
119
93
78
81
96
100
86
66
65
80
93
100
128
146
140
133
136
174
211
226
221
202
214
215
183
164
164
172
150
116
84
50
40
20
-5
-22
-59
-107
-152
-174
-176
-204
-262
-312
-330
-332
-344
-380
-424
-447
-446
-440
-436
-438
-452
-471
-474
-438
-365
-313
-307
-319
-296
-225
-154
-107
-92
-65
-19
14
44
69
101
132
140
157
184
210
211
187
185
219
240
210
159
131
149
168
149
86
39
42
54
35
-9
-42
-45
-38
-30
-20
-20
-16
-24
-28
-4
29
64
80
86
99
117
135
161
199
249
268
245
218
241
315
368
351
301
287
306
322
300
277
264
253
226
176
127
93
61
28
2
-51
-121
-185
-217
-217
-235
-279
-337
-368
-381
-389
-384
-362
-346
-355
-363
-350
-310
-263
-231
-195
-168
-146
-107
-59
-5
31
49
77
106
142
179
206
219
218
209
192
188
191
176
154
115
86
49
8
-24
-53
-77
-112
-158
-204
-234
-261
-283
-307
-317
-330
-331
-327
-326
-324
-312
-276
-223
-166
-135
-124
-103
-51
29
99
142
174
205
238
290
348
414
460
471
487
501
511
520
535
543
532
492
437
409
392
368
327
279
225
183
146
100
39
-22
-46
-59
-84
-131
-170
-198
-212
-204
-186
-161
-162
-179
-180
-163
-124
-86
-80
-88
-83
-61
-30
-1
17
28
39
27
22
39
48
52
23
5
-3
-26
-47
-76
-94
-106
-125
-167
-218
-243
-241
-242
-274
-312
-325
-325
-333
-340
-328
-301
-284
-297
-305
-266
-216
-185
-172
-151
-106
-55
-26
0
42
101
142
169
192
212
237
256
281
308
337
319
286
274
288
300
276
237
193
167
159
140
112
81
52
31
9
2
-2
-17
-37
-54
-38
-15
-9
-31
-44
-15
28
43
15
10
31
57
70
50
46
68
91
93
85
84
75
58
53
66
69
38
-19
-68
-83
-82
-93
-127
-157
-188
-230
-262
-265
-259
-264
-289
-327
-343
-344
-330
-331
-331
-302
-271
-257
-257
-238
-186
-126
-79
-64
-48
-4
42
86
122
158
190
204
205
215
253
293
293
263
245
259
264
250
225
211
203
168
121
94
101
112
85
41
11
1
20
37
40
28
-7
-41
-51
-25
10
31
17
-9
-22
-12
17
45
58
47
48
54
62
73
89
110
130
127
108
113
129
150
155
148
149
139
105
90
88
79
59
8
-43
-74
-97
-128
-155
-187
-222
-264
-298
-313
-319
-326
-344
-358
-359
-349
-353
-358
-348
-326
-288
-261
-250
-250
-242
-212
-166
-117
-86
-56
-44
-26
15
59
112
137
157
186
222
254
258
264
287
331
363
350
318
311
331
340
328
327
316
289
241
204
200
207
195
144
103
85
67
44
12
-13
-20
-42
-59
-81
-89
-98
-99
-97
-91
-67
-66
-73
-75
-58
-29
-7
-9
-13
-7
31
52
41
38
46
64
74
79
72
68
65
69
74
73
74
57
34
21
10
-15
-51
-88
-128
-143
-156
-178
-217
-258
-291
-313
-333
-351
-353
-363
-370
-391
-404
-403
-391
-373
-345
-321
-309
-294
-275
-241
-193
-147
-114
-94
-76
-56
-23
28
76
111
131
134
147
168
209
245
252
248
236
235
254
262
259
234
206
204
205
196
175
153
142
134
107
66
44
31
25
14
-2
-8
-13
-31
-43
-34
-12
2
-19
-35
-19
11
24
17
27
51
71
73
75
81
103
129
145
147
145
142
124
117
114
130
139
120
86
62
47
36
32
7
-21
-47
-65
-85
-115
-136
-159
-176
-188
-208
-234
-265
-288
-301
-298
-297
-302
-315
-328
-338
-341
-335
-325
-316
-308
-289
-280
-273
-244
-219
-190
-148
-101
-71
-60
-33
5
45
76
96
114
137
159
172
195
222
251
252
235
236
256
275
276
253
237
226
213
192
164
154
145
122
84
46
33
18
15
-9
-39
-69
-103
-128
-142
-130
-114
-111
-135
-144
-134
-106
-72
-49
-31
-6
19
38
46
68
105
140
164
169
173
193
210
226
237
239
228
191
162
153
152
134
103
72
56
43
19
-12
-51
-75
-87
-108
-135
-157
-165
-177
-190
-199
-200
-207
-219
-224
-217
-190
-173
-171
-174
-166
-144
-127
-106
-88
-57
-27
-15
-1
27
66
92
112
117
129
156
183
205
211
229
252
255
254
247
233
225
224
237
230
214
189
156
151
150
152
133
101
74
50
45
38
28
19
5
-10
-16
-23
-36
-56
-61
-43
-43
-63
-94
-106
-103
-86
-63
-60
-73
-86
-82
-61
-31
-11
-6
-20
-18
-12
-5
-4
-5
6
8
3
-16
-37
-43
-40
-27
-35
-57
-78
-98
-103
-107
-100
-103
-118
-120
-139
-157
-162
-157
-139
-150
-161
-162
-166
-164
-173
-180
-174
-158
-152
-160
-162
-158
-147
-125
-103
-91
-87
-71
-41
-24
-12
10
40
64
77
87
101
121
139
151
154
170
182
183
183
190
210
212
204
194
191
195
189
173
157
158
157
141
125
122
125
109
86
71
68
70
67
58
52
58
54
34
28
31
38
28
33
37
18
13
14
22
25
23
12
-10
-12
0
6
-2
-21
-37
-45
-34
-29
-47
-71
-73
-61
-55
-69
-82
-89
-84
-74
-69
-81
-81
-73
-67
-65
-57
-54
-61
-71
-70
-49
-39
-48
-77
-89
-75
-47
-36
-49
-61
-56
-49
-53
-59
-52
-40
-32
-31
-30
-27
-28
-38
-36
-12
9
10
-5
-2
10
27
47
67
90
94
85
83
97
124
144
158
168
165
158
158
174
198
196
169
144
134
122
105
88
71
47
14
-16
-36
-53
-70
-90
-114
-139
-156
-173
-184
-182
-175
-181
-195
-206
-205
-195
-171
-148
-135
-140
-135
-103
-70
-47
-42
-31
0
31
52
69
86
104
114
119
133
141
140
140
144
147
142
132
119
104
103
100
89
68
62
48
37
26
9
-8
-17
-11
-9
-14
-11
0
13
18
18
23
38
56
65
66
73
87
94
86
87
95
101
105
96
82
68
63
65
65
64
65
42
23
7
-8
-15
-29
-39
-62
-86
-102
-111
-115
-118
-126
-138
-158
-172
-185
-185
-174
-172
-174
-186
-195
-198
-191
-174
-165
-163
-157
-151
-136
-121
-113
-104
-84
-57
-44
-49
-43
-26
-1
15
28
35
39
48
61
72
89
91
94
95
98
112
120
122
119
117
123
120
114
114
111
113
118
121
114
96
86
86
93
103
106
94
72
61
66
58
49
46
37
20
-4
-18
-25
-26
-25
-33
-36
-39
-43
-53
-65
-68
-71
-70
-66
-75
-85
-92
-79
-69
-75
-70
-72
-79
-78
-75
-72
-82
-89
-87
-84
-72
-63
-57
-51
-44
-37
-36
-33
-21
-13
-1
3
10
17
18
23
16
32
53
66
69
65
77
82
77
79
86
86
80
81
91
101
99
90
86
97
108
100
86
83
83
69
57
63
65
51
36
28
24
21
20
-2
-14
-10
3
2
-14
-23
-26
-15
-9
-14
-22
-21
-16
-25
-36
-38
-31
-32
-41
-57
-64
-56
-50
-61
-77
-82
-89
-100
-100
-92
-89
-100
-113
-122
-123
-114
-115
-116
-108
-102
-99
-104
-100
-89
-74
-64
-46
-36
-38
-31
-12
15
35
51
62
70
85
96
114
145
168
172
162
156
164
171
166
154
147
137
128
125
115
109
97
79
67
63
46
13
-9
-11
-11
-22
-46
-66
-62
-62
-65
-69
-72
-72
-75
-83
-77
-63
-45
-27
-21
-21
-14
-4
7
27
50
69
69
76
85
93
105
110
115
117
118
110
93
88
86
80
61
32
12
2
-15
-37
-61
-71
-78
-95
-113
-125
-126
-134
-148
-154
-146
-134
-128
-127
-127
-113
-96
-85
-73
-51
-24
-8
11
29
55
68
78
93
113
131
129
121
118
125
137
130
114
99
83
66
51
33
25
12
-11
-39
-72
-89
-104
-115
-132
-150
-158
-166
-179
-194
-205
-194
-186
-187
-186
-184
-175
-172
-168
-153
-143
-126
-108
-93
-78
-56
-24
-5
7
25
42
62
76
85
95
104
108
116
126
129
127
119
117
121
112
95
87
72
73
79
68
46
24
9
5
5
3
0
-10
-18
-27
-35
-39
-35
-29
-32
-40
-43
-46
-45
-41
-31
-26
-26
-26
-22
-18
-14
-13
-13
-4
10
22
16
0
0
5
12
13
15
13
11
-1
-17
-22
-26
-39
-55
-57
-54
-63
-80
-93
-97
-96
-97
-104
-112
-118
-109
-101
-95
-98
-95
-83
-75
-63
-59
-50
-46
-34
-21
-12
-7
2
13
23
33
44
53
57
63
74
82
88
82
77
79
91
94
89
88
80
83
90
90
83
77
77
78
82
83
77
73
70
72
72
70
66
57
48
51
51
46
36
25
23
11
2
-8
-8
-1
-4
-14
-23
-29
-35
-37
-38
-38
-39
-46
-47
-44
-37
-32
-31
-36
-40
-47
-38
-36
-32
-34
-39
-35
-27
-17
-13
-13
-12
-16
-13
-10
-4
1
-3
-3
-1
5
1
-3
0
15
20
8
-6
-7
-2
-6
-11
-13
-13
-17
-31
-35
-29
-19
-26
-36
-41
-35
-35
-46
-50
-43
-40
-40
-38
-22
-14
-19
-22
-13
5
18
26
35
49
59
59
69
81
95
106
112
118
126
132
127
115
111
113
108
100
93
93
81
64
46
27
18
3
-5
-16
-37
-52
-78
-94
-105
-108
-107
-115
-124
-141
-147
-146
-131
-120
-116
-112
-110
-102
-93
-78
-60
-42
-29
-21
-11
-3
14
27
47
64
65
61
61
74
81
81
81
81
78
65
57
54
54
44
28
15
10
2
-11
-19
-25
-28
-37
-50
-54
-56
-62
-70
-76
-69
-61
-66
-71
-69
-55
-41
-34
-24
-6
-1
-1
3
19
42
64
69
64
67
76
82
94
109
120
114
104
98
95
94
94
96
100
91
65
47
41
45
47
45
38
20
-2
-15
-21
-23
-27
-40
-57
-74
-79
-79
-83
-87
-92
-101
-107
-107
-103
-102
-102
-98
-94
-86
-80
-73
-63
-50
-46
-48
-51
-44
-33
-24
-14
-9
-8
-7
2
10
10
12
18
23
25
30
34
34
33
30
31
38
38
33
27
27
29
26
14
10
7
6
0
-8
-7
-3
-2
-7
-8
-2
0
3
8
16
22
28
32
36
44
56
61
63
65
72
80
83
86
92
100
105
105
110
113
115
112
118
121
120
118
112
106
103
104
95
82
70
64
60
50
34
18
2
-12
-29
-45
-51
-61
-77
-91
-99
-102
-111
-117
-123
-126
-125
-128
-132
-133
-131
-130
-132
-127
-114
-106
-105
-105
-99
-88
-79
-69
-57
-44
-37
-36
-39
-32
-16
-3
3
2
1
3
7
11
14
21
24
20
14
12
15
14
17
23
27
29
25
26
36
44
49
49
48
53
62
72
72
70
64
66
67
66
73
77
77
72
64
61
64
70
74
71
65
55
46
45
48
49
46
38
27
14
7
7
9
7
2
-9
-20
-28
-34
-36
-37
-40
-53
-62
-61
-59
-65
-73
-77
-81
-84
-92
-92
-91
-92
-102
-112
-110
-103
-101
-102
-107
-109
-107
-103
-96
-89
-81
-76
-76
-72
-57
-43
-38
-33
-22
-13
-9
-5
7
15
26
31
35
45
54
61
64
68
73
71
75
82
87
92
93
95
94
94
95
93
95
91
88
88
90
91
87
85
83
80
76
71
72
69
64
60
61
57
49
44
40
37
33
24
12
6
4
-3
-11
-15
-19
-26
-36
-46
-47
-46
-51
-55
-63
-63
-66
-73
-78
-78
-70
-76
-84
-86
-83
-78
-85
-86
-86
-85
-78
-81
-78
-74
-65
-60
-57
-49
-46
-41
-40
-36
-27
-24
-22
-24
-26
-18
-12
-9
-12
-14
-13
-9
-6
-10
-10
-4
1
-2
-2
2
9
15
19
21
24
32
35
38
43
52
62
60
64
75
83
87
87
93
105
113
110
107
116
120
118
112
111
111
105
99
86
86
82
73
62
52
48
40
32
22
19
20
8
-2
-9
-12
-16
-25
-24
-26
-23
-27
-32
-31
-30
-25
-28
-27
-24
-19
-18
-26
-22
-21
-21
-22
-27
-20
-16
-17
-27
-34
-32
-37
-35
-37
-41
-48
-50
-47
-54
-54
-50
-50
-59
-69
-64
-62
-62
-63
-60
-53
-54
-57
-64
-61
-49
-45
-48
-46
-36
-36
-35
-33
-29
-18
-14
-13
-15
-11
-9
-12
-10
-9
2
5
3
-4
-6
-4
-6
-10
-10
-2
3
2
-3
-5
3
9
14
18
21
21
18
24
31
37
46
48
55
58
59
58
56
64
70
73
72
70
71
67
71
71
71
72
73
72
66
65
60
55
52
45
43
39
34
28
25
25
18
14
12
11
8
9
8
4
3
-1
-3
-1
1
2
-6
-12
-17
-16
-16
-20
-25
-25
-28
-34
-37
-38
-37
-42
-53
-65
-67
-64
-64
-71
-73
-74
-76
-84
-86
-77
-74
-75
-79
-78
-76
-72
-67
-67
-59
-50
-52
-51
-47
-40
-36
-34
-28
-25
-17
-13
-14
-11
-1
2
6
10
14
17
23
26
28
31
33
38
38
41
41
39
40
45
45
43
44
44
43
40
42
44
44
43
39
37
37
41
36
31
32
26
24
24
27
24
21
17
16
17
18
15
12
15
11
4
0
-1
3
1
-3
-5
-7
-12
-17
-20
-16
-15
-18
-24
-29
-28
-30
-32
-31
-30
-33
-35
-36
-36
-36
-39
-38
-36
-31
-33
-35
-33
-32
-30
-30
-28
-22
-18
-20
-18
-11
-8
-7
-6
-3
7
12
12
13
16
21
23
25
27
32
38
36
35
34
33
28
26
34
36
31
24
23
20
22
26
23
21
21
22
19
18
19
22
22
22
20
18
19
18
19
21
22
21
20
21
24
26
24
20
19
17
18
18
13
15
14
9
5
6
7
2
-6
-12
-13
-16
-19
-26
-33
-31
-32
-36
-38
-38
-39
-43
-50
-51
-46
-46
-46
-49
-50
-50
-53
-54
-51
-42
-42
-45
-44
-41
-38
-37
-37
-33
-30
-28
-28
-29
-23
-19
-16
-16
-13
-10
-7
-4
-2
0
1
1
3
5
10
11
11
10
9
10
13
18
20
21
21
23
20
21
24
26
29
34
37
35
39
42
44
48
53
53
52
52
53
55
56
52
48
48
48
46
42
40
38
33
28
22
23
20
13
9
7
3
-2
-7
-10
-12
-15
-23
-25
-25
-29
-34
-37
-35
-37
-39
-42
-43
-41
-42
-45
-44
-39
-36
-36
-37
-35
-32
-29
-29
-30
-27
-26
-26
-25
-24
-20
-20
-21
-20
-19
-17
-19
-18
-15
-15
-14
-13
-10
-9
-5
-3
-1
3
5
8
11
15
18
21
24
27
30
32
35
38
39
40
42
43
42
42
43
42
42
41
38
34
33
32
27
26
21
18
14
9
5
3
0
-6
-10
-14
-20
-23
-27
-26
-28
-32
-34
-37
-35
-36
-37
-36
-36
-34
-33
-32
-30
-27
-24
-24
-21
-18
-14
-12
-11
-9
-3
1
0
0
4
8
9
10
10
11
11
10
12
13
12
9
6
7
6
4
2
-1
-1
-1
-3
-4
-6
-6
-7
-5
-3
-4
0
-1
1
2
6
9
11
16
17
20
24
27
30
33
35
37
39
39
38
40
40
37
36
33
30
29
26
20
15
8
4
0
-7
-14
-18
-25
-30
-35
-41
-46
-49
-53
-57
-58
-57
-60
-62
-59
-58
-54
-50
-47
-42
-36
-29
-27
-21
-11
-2
4
9
16
24
30
33
35
42
44
43
42
43
45
43
41
36
32
31
25
20
16
10
5
-2
-7
-11
-11
-14
-20
-25
-25
-26
-27
-27
-25
-22
-21
-21
-18
-13
-6
-3
1
4
9
14
18
21
25
31
34
36
36
39
43
41
39
36
34
31
25
19
15
12
7
-1
-6
-9
-15
-21
-27
-32
-34
-39
-44
-47
-47
-47
-50
-50
-49
-44
-39
-39
-35
-30
-24
-20
-16
-9
-4
0
4
8
14
18
21
22
25
27
27
28
26
22
22
22
19
15
13
9
3
0
-3
-6
-9
-12
-17
-19
-20
-19
-19
-19
-19
-19
-17
-16
-14
-11
-8
-6
-4
1
6
13
18
20
25
30
34
35
37
39
39
39
40
39
39
38
37
33
31
29
26
21
16
11
6
2
-3
-8
-10
-12
-15
-18
-20
-21
-22
-22
-23
-24
-23
-21
-21
-19
-15
-10
-8
-6
-5
-1
3
4
3
5
8
9
10
13
15
14
13
10
9
11
8
4
-2
-6
-7
-10
-11
-15
-16
-18
-23
-25
-26
-26
-30
-33
-35
-35
-34
-35
-35
-33
-30
-27
-24
-21
-18
-14
-11
-9
-6
0
5
8
10
14
19
23
25
27
30
31
32
30
30
31
32
29
28
27
25
26
22
18
18
17
14
8
8
6
5
2
0
1
1
-1
-2
-3
-1
-2
-2
-2
0
2
3
3
3
6
9
10
10
11
11
10
11
11
11
11
10
6
6
8
7
6
3
1
-1
-3
-5
-8
-11
-14
-17
-16
-18
-19
-19
-22
-24
-27
-25
-26
-25
-27
-27
-27
-27
-25
-25
-22
-20
-19
-18
-18
-16
-14
-13
-12
-14
-11
-10
-9
-8
-7
-6
-5
-4
-5
-5
-3
-3
-5
-5
-4
-3
-1
0
0
2
2
3
2
4
7
7
9
9
12
15
19
21
21
23
24
24
25
26
28
28
25
27
27
27
25
23
23
22
21
18
15
14
11
8
5
4
1
-1
-3
-5
-6
-8
-10
-10
-12
-12
-13
-14
-14
-13
-12
-10
-9
-7
-5
-4
-2
-3
-1
1
2
2
2
2
0
1
1
-2
-1
-2
-5
-8
-10
-11
-15
-18
-22
-24
-26
-29
-34
-35
-36
-37
-38
-41
-42
-42
-42
-41
-39
-37
-34
-33
-31
-27
-21
-18
-14
-9
-4
1
6
10
14
20
25
28
31
35
40
41
43
43
44
46
45
45
44
40
39
37
35
31
29
26
23
19
17
13
11
8
5
3
3
1
-2
-2
-1
-1
-1
-1
1
3
5
6
7
10
13
14
15
18
21
21
22
22
22
26
23
21
20
19
18
15
13
10
7
3
-1
-4
-8
-14
-19
-24
-27
-32
-36
-40
-43
-46
-50
-52
-53
-54
-56
-56
-55
-57
-56
-54
-52
-49
-48
-45
-41
-36
-34
-30
-26
-22
-20
-15
-11
-7
-4
-2
1
5
8
12
14
15
15
19
20
20
22
21
21
20
21
23
23
23
21
21
22
21
21
20
21
20
21
22
23
24
25
26
27
28
30
30
31
33
35
35
36
38
38
39
40
39
39
39
39
37
34
32
31
29
26
22
19
16
13
8
5
2
-2
-7
-12
-16
-19
-23
-27
-31
-33
-35
-37
-38
-41
-41
-43
-43
-42
-42
-42
-42
-40
-38
-36
-34
-32
-31
-28
-26
-23
-21
-18
-17
-14
-11
-9
-7
-6
-5
-3
-2
0
-1
-1
0
-1
0
-1
-1
-1
-2
-2
-2
-3
-3
-2
-2
-1
-2
-2
-2
-1
1
2
2
3
5
8
10
12
14
16
16
18
20
23
24
25
26
27
28
28
29
28
27
26
25
23
22
19
16
13
9
5
1
-2
-4
-8
-13
-16
-21
-22
-26
-28
-31
-34
-35
-36
-36
-37
-38
-37
-37
-34
-33
-30
-27
-25
-23
-20
-16
-10
-6
-2
2
7
10
14
18
20
22
25
27
28
29
32
32
31
30
29
27
26
24
22
18
14
13
10
8
4
1
-2
-5
-7
-9
-11
-12
-13
-14
-14
-14
-14
-13
-11
-11
-10
-7
-6
-5
-4
-1
1
3
5
6
9
9
11
12
13
14
13
14
12
11
9
6
5
2
0
-4
-7
-10
-14
-18
-21
-23
-23
-25
-27
-30
-30
-30
-31
-31
-29
-27
-24
-21
-18
-15
-12
-9
-4
-2
2
7
12
18
22
25
29
33
36
38
40
41
42
43
42
41
41
39
36
33
30
28
25
21
18
16
12
9
4
0
-4
-8
-10
-12
-15
-17
-21
-23
-24
-27
-28
-28
-27
-27
-27
-27
-25
-24
-23
-22
-21
-20
-19
-18
-17
-15
-15
-14
-13
-11
-12
-11
-10
-10
-10
-11
-9
-9
-10
-11
-11
-11
-10
-10
-11
-10
-9
-8
-7
-6
-5
-4
-2
1
5
7
10
13
16
18
19
21
26
27
28
30
32
33
33
33
34
36
35
35
34
32
31
30
28
25
22
20
18
15
13
10
7
5
4
0
-3
-5
-5
-6
-8
-7
-10
-11
-12
-14
-16
-15
-16
-17
-16
-16
-18
-18
-18
-19
-20
-20
-18
-18
-18
-18
-18
-17
-18
-19
-20
-19
-20
-20
-21
-22
-23
-23
-24
-23
-22
-23
-23
-21
-20
-19
-17
-15
-14
-12
-12
-11
-7
-6
-3
0
5
7
10
12
13
16
19
23
26
27
28
28
29
29
28
27
27
27
25
23
21
17
15
11
9
7
3
2
-1
-4
-6
-7
-9
-11
-13
-13
-16
-18
-18
-17
-17
-16
-15
-12
-11
-8
-7
-3
0
3
8
11
15
17
18
21
22
23
25
28
29
30
30
28
27
26
24
23
21
19
16
14
10
6
2
-2
-4
-7
-10
-15
-18
-21
-22
-25
-25
-25
-25
-24
-23
-22
-20
-18
-16
-12
-9
-6
-3
0
2
6
8
11
14
16
18
19
20
20
20
21
21
21
20
17
13
8
4
1
-1
-5
-8
-13
-16
-20
-24
-28
-31
-33
-35
-36
-36
-36
-35
-33
-31
-29
-27
-23
-20
-16
-12
-6
-1
4
7
12
16
21
25
29
33
35
38
41
42
44
44
43
43
42
40
38
34
31
25
20
15
8
3
-2
-7
-12
-16
-20
-23
-26
-28
-30
-31
-33
-32
-32
-32
-31
-29
-28
-27
-24
-20
-17
-13
-9
-4
-2
1
5
8
10
13
15
17
18
19
18
18
16
15
14
11
9
7
3
1
-3
-7
-10
-13
-16
-16
-18
-18
-20
-21
-21
-22
-21
-22
-20
-19
-19
-16
-13
-10
-8
-5
-1
3
5
9
11
15
19
23
26
29
29
29
30
30
29
29
27
26
25
21
19
15
12
9
7
4
2
0
-4
-7
-10
-12
-14
-15
-17
-18
-18
-18
-18
-19
-20
-19
-18
-17
-16
-14
-13
-11
-9
-7
-6
-4
-3
-2
0
1
2
4
5
6
6
7
6
5
4
5
5
5
4
3
2
2
1
0
0
-1
0
-1
0
-1
-1
-1
-1
-1
1
2
3
5
5
5
6
6
6
7
7
8
7
7
7
7
6
5
4
3
3
0
1
-3
-2
-3
-6
-6
-8
-9
-10
-13
-12
-13
-14
-15
-15
-17
-19
-19
-18
-17
-15
-13
-12
-12
-10
-8
-8
-5
-3
0
2
3
5
7
9
9
12
14
13
13
12
13
13
14
14
13
12
12
11
11
11
10
9
8
7
6
3
3
2
2
1
-1
-2
-2
-3
-3
-2
-3
-2
-2
-2
0
1
2
2
3
3
3
5
6
6
8
8
7
7
7
7
8
7
7
6
5
3
2
-1
-1
-2
-3
-4
-6
-7
-9
-10
-11
-12
-12
-14
-14
-14
-14
-14
-14
-14
-14
-13
-14
-12
-13
-11
-10
-8
-7
-6
-3
-3
0
1
3
5
7
10
11
11
12
12
14
14
14
14
14
14
12
12
10
8
6
5
4
3
1
0
-1
-2
-4
-7
-8
-9
-9
-11
-11
-11
-13
-14
-15
-15
-16
-16
-15
-15
-14
-13
-12
-10
-9
-7
-6
-5
-3
-2
0
2
2
5
5
6
6
7
9
8
8
8
7
7
7
6
6
4
2
0
-2
-2
-3
-4
-6
-6
-8
-9
-10
-10
-11
-11
-11
-10
-9
-8
-8
-7
-6
-4
-3
-2
0
1
4
5
7
8
10
11
11
13
14
15
14
15
16
15
14
14
12
12
9
8
6
6
4
2
0
-3
-4
-6
-9
-9
-11
-9
-11
-11
-11
-10
-10
-10
-9
-8
-7
-6
-3
-2
0
-1
1
1
1
4
4
6
7
9
10
9
9
7
7
7
7
7
6
5
3
3
1
-1
-1
-3
-3
-3
-4
-4
-4
-4
-5
-5
-4
-4
-4
-3
-2
1
1
3
4
5
6
7
8
9
10
10
11
12
12
11
11
8
6
6
4
3
2
0
-1
-2
-5
-7
-9
-10
-12
-13
-13
-14
-16
-17
-18
-18
-18
-18
-17
-15
-13
-11
-9
-6
-5
-3
-1
2
3
7
9
13
15
17
18
20
20
20
21
23
22
23
22
20
19
17
16
13
10
7
5
3
0
-1
-3
-5
-8
-10
-13
-15
-16
-16
-16
-16
-15
-14
-13
-14
-13
-12
-11
-9
-6
-3
0
1
3
4
6
7
9
10
12
12
13
14
13
13
11
10
7
6
5
4
2
1
-1
-4
-6
-8
-10
-13
-13
-13
-13
-15
-14
-16
-17
-16
-16
-13
-11
-9
-7
-5
-3
0
1
4
5
8
9
10
14
15
17
18
18
16
15
15
14
14
13
12
11
9
6
3
0
-3
-6
-8
-10
-13
-15
-15
-18
-21
-22
-23
-24
-23
-22
-21
-20
-18
-17
-16
-14
-11
-9
-7
-5
0
2
4
6
9
11
13
15
16
16
16
17
18
19
19
17
15
13
11
10
7
4
3
0
-2
-4
-6
-8
-10
-12
-14
-15
-15
-15
-16
-16
-15
-16
-13
-11
-10
-9
-7
-4
-1
1
4
6
8
10
11
12
14
15
17
18
18
18
17
16
15
14
12
10
8
6
4
1
-2
-5
-6
-9
-12
-13
-13
-15
-16
-17
-18
-18
-17
-16
-16
-15
-13
-12
-10
-8
-5
-2
0
3
5
8
10
11
14
14
16
18
18
20
20
18
17
18
16
14
12
10
7
7
4
1
0
-3
-6
-9
-10
-12
-14
-13
-14
-15
-15
-15
-15
-14
-14
-13
-11
-9
-9
-7
-5
-3
0
1
2
5
6
8
10
11
11
13
13
13
12
12
12
10
9
7
6
5
4
2
0
-1
-4
-6
-7
-8
-10
-11
-12
-11
-11
-12
-11
-12
-10
-10
-8
-7
-5
-3
-2
0
2
3
5
8
9
9
11
12
12
14
15
14
15
15
13
11
10
10
9
7
6
4
1
1
-3
-4
-4
-6
-8
-7
-10
-11
-10
-11
-10
-10
-10
-10
-9
-8
-7
-6
-5
-3
-2
-1
-2
1
2
3
4
5
6
5
5
5
4
4
4
4
3
3
3
2
3
2
0
0
-1
-1
-1
-2
-2
-2
-2
-3
-4
-4
-4
-4
-4
-4
-5
-3
-3
-3
-3
-3
-3
-3
-2
-3
-2
-2
-2
-2
-2
-3
-2
-3
-2
-3
-3
-3
-4
-4
-3
-2
-3
-4
-2
-3
-3
-3
-2
-3
-3
-3
-3
-3
-2
-1
-3
-3
-3
-2
-1
-1
-1
-1
0
1
1
1
0
1
0
0
1
1
1
0
0
0
0
-1
0
-1
-1
-1
0
-1
1
0
-1
1
0
1
1
1
3
3
3
3
4
4
4
5
5
4
6
5
6
6
5
6
5
5
5
4
3
4
2
2
1
1
1
0
1
0
-1
-1
-1
-2
-2
-2
-3
-2
-4
-4
-4
-3
-2
0
0
1
1
1
1
2
4
4
6
6
4
4
4
4
6
6
5
6
5
4
4
4
3
3
3
1
1
-1
-2
-3
-3
-4
-3
-4
-4
-5
-5
-7
-6
-5
-4
-5
-6
-7
-6
-6
-6
-5
-4
-2
-3
-1
-2
-2
-1
-1
2
4
4
3
4
2
3
2
1
3
2
2
0
1
1
0
-1
-1
-1
-3
-3
-4
-3
-4
-5
-4
-3
-3
-5
-5
-5
-4
-4
-4
-2
-1
-1
-1
0
0
-1
1
1
4
4
3
2
2
4
4
3
6
6
5
3
3
4
4
5
5
5
3
1
1
0
0
-1
-2
0
0
-1
-3
-4
-4
-4
-4
-1
0
-1
-2
-2
0
0
2
1
3
3
1
1
3
4
6
5
6
6
5
4
4
5
5
4
4
3
0
-3
-4
-3
-3
-3
-4
-4
-4
-5
-8
-8
-5
-4
-3
-3
-3
-4
-5
-4
-3
-1
-1
0
1
-1
-2
-1
0
1
2
3
4
2
3
1
1
3
4
3
2
2
0
-1
-2
-1
2
0
-2
-3
-2
-5
-7
-5
-4
-5
-7
-7
-6
-9
-10
-8
-5
-4
-4
-4
-3
-3
-3
-2
1
2
3
3
4
3
1
1
3
5
7
6
5
3
3
1
1
2
4
4
3
1
0
-2
-3
-3
0
-1
-3
-5
-3
-4
-6
-4
-1
0
-1
-2
-2
0
0
0
1
4
3
2
1
1
2
3
4
7
9
8
5
5
6
7
6
7
8
6
2
1
1
0
-1
0
1
1
-2
-3
-4
-3
-2
-2
0
1
0
-1
-3
-3
-1
0
0
1
2
1
0
1
2
3
5
6
7
7
4
4
6
6
5
5
5
5
2
1
1
1
2
2
2
1
-1
-3
-2
0
1
1
0
1
0
-3
-4
-2
0
0
-1
-1
-1
-3
-3
-2
0
1
1
1
1
0
-1
-1
0
2
1
2
1
0
-1
0
0
1
1
0
0
-2
-2
-3
-2
0
0
1
0
0
-2
-4
-3
-3
-1
0
-1
-1
-1
-3
-3
0
2
2
3
2
1
1
0
1
3
3
4
5
3
2
2
2
4
4
4
3
3
2
1
1
1
4
5
3
2
1
1
0
0
2
1
0
-1
0
-3
-4
-3
-1
-1
-1
-1
-1
-2
-2
-1
1
1
1
1
1
1
0
0
0
3
4
3
2
2
1
1
0
2
2
3
2
2
-1
-2
-2
-2
-2
-2
-3
-4
-5
-6
-7
-7
-6
-5
-4
-5
-5
-7
-7
-6
-5
-4
-2
-2
-2
-2
-3
-1
0
2
3
3
2
1
1
3
4
6
6
6
6
4
3
3
3
2
1
1
1
-1
-3
-5
-5
-5
-4
-4
-5
-6
-7
-8
-9
-6
-5
-5
-5
-4
-5
-4
-3
-2
0
2
2
2
3
3
4
4
6
7
7
8
8
9
7
8
8
8
7
6
5
5
4
2
2
2
2
1
0
-2
-4
-5
-5
-5
-4
-5
-6
-7
-6
-6
-5
-4
-4
-4
-2
-3
0
-1
0
1
4
5
5
6
5
7
6
6
6
6
6
4
4
4
4
3
4
3
2
2
1
-2
-2
-4
-3
-6
-5
-7
-8
-9
-11
-9
-10
-8
-9
-8
-9
-8
-8
-6
-5
-2
-1
-1
-1
0
1
3
3
6
7
7
9
8
10
10
