17
18
18
19
19
19
17
17
18
17
17
16
16
15
13
13
12
12
11
10
10
9
7
7
6
4
4
3
1
0
-2
-3
-3
-5
-5
-7
-8
-10
-11
-12
-14
-15
-16
-17
-19
-18
-20
-20
-20
-21
-22
-23
-23
-24
-23
-23
-23
-22
-22
-21
-21
-21
-19
-18
-18
-17
-16
-15
-14
-13
-12
-11
-11
-9
-9
-8
-7
-6
-4
-2
-1
0
1
4
4
5
5
7
8
10
11
11
13
12
13
14
15
14
14
15
15
15
15
16
18
17
18
17
16
16
16
16
16
17
15
15
14
13
14
12
11
11
9
9
8
7
6
6
5
4
2
1
-1
-3
-4
-4
-6
-7
-9
-8
-9
-9
-10
-11
-12
-12
-13
-13
-13
-14
-14
-12
-12
-11
-11
-11
-12
-12
-12
-13
-12
-11
-10
-9
-8
-7
-7
-6
-5
-6
-6
-5
-4
-3
-1
-1
0
0
1
1
2
2
3
3
3
5
7
7
6
7
7
6
6
6
7
8
9
10
10
10
10
9
8
8
6
6
6
6
7
7
7
6
5
4
3
1
-1
-1
-1
-1
0
-1
-1
-2
-2
-3
-3
-5
-5
-5
-5
-5
-5
-5
-6
-7
-8
-7
-8
-8
-7
-6
-6
-5
-5
-5
-4
-4
-4
-4
-6
-5
-6
-5
-4
-2
-3
-3
-3
-3
-3
-4
-5
-5
-5
-3
-3
-3
-2
-1
-1
-2
-1
-1
-1
-2
-1
0
0
0
2
3
4
4
5
5
5
6
7
6
6
7
10
10
10
11
10
9
9
8
9
10
10
10
11
12
11
9
9
7
6
6
6
6
6
6
7
6
6
4
2
2
0
-1
0
-1
0
1
1
0
-2
-3
-4
-6
-7
-9
-9
-9
-8
-7
-7
-8
-8
-9
-10
-11
-11
-12
-12
-9
-9
-7
-8
-8
-10
-9
-10
-10
-10
-10
-11
-9
-7
-7
-6
-6
-4
-3
-3
-4
-4
-4
-2
-1
-2
-1
-2
-1
-1
0
0
0
3
2
2
3
3
3
3
3
3
3
4
4
5
5
7
7
7
5
5
4
4
4
4
4
4
6
6
7
6
7
7
6
5
4
3
2
2
1
1
1
1
-1
-1
-1
-2
-4
-4
-4
-3
-3
-3
-3
-3
-3
-4
-5
-8
-8
-8
-7
-6
-4
-4
-2
-2
-2
-1
-3
-3
-2
-2
-1
-1
0
0
2
3
3
2
2
3
2
3
3
4
5
5
5
7
6
5
6
7
7
8
7
7
8
9
9
9
7
7
6
7
7
7
6
7
7
8
6
6
6
6
6
5
5
5
4
5
5
3
3
0
0
0
0
1
1
2
0
0
0
-2
-5
-7
-8
-8
-8
-7
-7
-6
-5
-3
-2
-4
-5
-7
-9
-9
-9
-8
-8
-7
-5
-3
-4
-3
-4
-5
-7
-7
-7
-8
-8
-7
-5
-3
-2
-4
-4
-6
-7
-8
-6
-7
-5
-4
-2
-1
0
0
-1
-1
-1
-3
-3
-3
0
2
2
3
4
4
4
2
1
1
1
1
2
3
4
4
3
4
4
3
2
2
3
4
5
7
7
7
7
6
5
3
3
2
1
2
2
2
3
2
3
2
1
1
0
0
-1
-2
-1
-1
0
0
1
2
2
1
1
0
-1
0
-1
0
0
0
-1
-2
-1
-1
0
0
1
1
2
2
3
1
1
0
-1
-1
0
1
2
2
3
3
2
2
1
1
0
0
-1
0
0
1
1
2
1
-1
-1
-1
-2
-1
-2
-2
-1
-2
-3
-3
-2
-3
-3
-3
-2
-3
-4
-5
-5
-5
-4
-5
-5
-4
-3
-2
-1
-2
-1
-1
-2
-1
-2
-1
-1
0
0
-1
1
1
2
2
1
1
0
0
0
1
1
1
2
2
3
2
2
3
1
2
1
2
3
3
3
4
3
3
3
3
2
2
1
0
2
2
3
3
3
2
0
-1
-1
-1
-2
-2
0
2
2
3
1
-1
-2
-2
-3
-3
-4
-3
-1
-1
1
0
0
-1
-1
-2
-2
-2
-2
-1
0
-1
-1
0
0
-1
-1
-1
-3
-4
-5
-4
-2
-2
-2
-2
-1
-1
-1
-1
-1
-2
-2
-2
1
0
0
0
0
1
2
3
2
2
1
2
3
3
3
3
3
2
2
2
2
3
3
4
4
5
5
5
3
3
2
1
2
2
4
5
4
6
5
4
3
1
0
0
-1
0
1
0
0
-1
-1
-2
-2
-3
-4
-4
-4
-4
-4
-3
-3
-3
-4
-4
-5
-5
-6
-6
-6
-7
-7
-6
-5
-6
-5
-6
-7
-6
-6
-6
-5
-5
-5
-6
-5
-3
-4
-5
-6
-5
-5
-6
-4
-4
-2
-2
-2
-1
-2
-1
-1
-2
-1
-2
-2
-1
0
0
0
0
0
0
0
-1
0
1
2
2
3
2
2
1
2
1
1
1
2
1
0
0
1
0
1
1
1
0
0
1
1
2
3
2
0
0
-1
0
-1
-1
0
-1
0
1
1
1
1
1
0
1
1
0
-1
0
1
-1
0
0
-1
-1
0
-1
-1
0
0
0
-1
-2
0
0
0
0
1
0
0
0
-2
-1
0
1
1
1
1
0
1
1
1
0
1
0
0
0
1
1
1
1
1
1
0
1
2
1
1
1
0
1
2
1
1
0
0
1
0
0
1
0
0
0
-1
-1
-1
-2
-3
-2
-2
-3
-3
-1
-1
0
-1
0
1
1
1
0
0
1
1
1
1
2
2
2
1
1
1
1
2
1
1
1
1
0
1
-1
-1
1
0
0
1
2
0
1
0
-1
0
0
0
0
0
0
0
0
1
1
0
1
0
0
0
1
1
0
0
2
2
2
3
1
2
2
3
3
3
2
2
3
2
2
2
3
3
3
3
2
1
2
3
3
4
4
4
4
5
4
4
3
4
4
2
4
3
3
3
3
3
3
2
2
3
3
4
3
3
3
2
1
2
3
2
2
3
2
2
3
2
2
1
2
3
1
2
1
1
0
1
1
0
1
0
-1
-2
-1
-3
-1
-3
-3
-3
-3
-3
-4
-4
-4
-4
-4
-4
-3
-3
-3
-5
-3
-3
-4
-4
-3
-4
-3
-3
-2
-2
-3
-3
-3
-3
-3
-2
-2
-2
-2
-1
-2
-1
0
0
1
1
0
1
0
1
1
2
2
2
2
1
2
2
3
1
2
2
1
3
2
1
2
1
2
3
3
2
2
3
2
3
4
3
4
5
5
5
6
5
5
5
4
4
4
5
4
4
4
3
4
3
3
4
3
4
4
3
2
3
4
3
3
4
3
3
2
2
2
3
2
2
3
2
4
3
4
3
3
4
4
4
2
2
2
3
3
3
4
3
3
1
2
2
1
1
1
0
1
0
0
-1
-1
-1
-2
-1
-2
-2
-3
-3
-3
-3
-3
-4
-3
-5
-5
-5
-5
-5
-5
-5
-5
-5
-7
-6
-5
-6
-6
-6
-7
-5
-5
-5
-5
-3
-5
-4
-4
-3
-2
-2
-1
-2
-2
-1
-1
-1
1
0
0
1
0
1
2
3
2
4
3
4
5
5
6
6
7
6
5
5
5
5
5
5
5
7
5
7
6
5
5
5
4
5
7
6
7
8
7
8
7
7
7
7
5
4
6
5
5
4
3
2
1
1
-1
-2
-1
-2
0
-1
-1
-1
-1
-2
-2
-2
-3
-3
-2
-2
-1
-1
-1
-1
-2
-3
-4
-4
-5
-4
-3
0
1
1
1
0
2
1
2
0
0
1
2
2
3
3
3
2
2
1
1
2
3
3
4
3
3
2
3
1
1
0
0
1
2
3
5
5
4
4
3
2
3
3
2
2
3
4
3
4
3
5
4
3
3
2
1
2
2
3
3
3
4
1
0
-1
-2
-2
-2
-3
-2
-2
-2
-3
-3
-4
-5
-5
-4
-5
-5
-5
-5
-5
-5
-5
-5
-7
-8
-8
-9
-8
-8
-9
-7
-7
-7
-7
-6
-6
-6
-6
-6
-5
-6
-6
-6
-5
-4
-3
-2
-3
-1
-1
-1
-1
-1
-2
-1
0
0
1
2
2
4
4
3
2
3
3
3
5
5
4
6
6
6
6
5
4
4
5
3
4
4
4
4
5
6
6
6
6
6
4
5
6
6
5
5
3
2
2
1
0
-1
-1
-2
-1
-2
0
-1
-1
-1
-3
-4
-5
-6
-5
-6
-5
-4
-4
-5
-7
-8
-8
-9
-10
-10
-10
-8
-6
-7
-6
-8
-7
-8
-10
-11
-10
-10
-8
-9
-7
-6
-6
-7
-7
-7
-6
-6
-7
-5
-4
-2
-2
-1
1
-1
-2
-2
-1
-2
-2
-2
-2
1
2
3
3
3
4
3
3
2
2
2
2
4
6
6
6
5
4
4
5
4
5
4
4
5
5
5
6
5
4
4
4
2
1
1
0
2
2
3
3
2
2
2
1
0
0
1
1
2
2
2
2
1
0
0
-2
-2
-2
-3
-2
-1
-1
-1
-2
-2
-3
-3
-4
-3
-3
-3
-2
-1
-3
-3
-3
-3
-3
-4
-4
-4
-3
-4
-2
-2
-1
-1
0
-1
0
0
-1
0
0
1
3
3
4
3
3
3
3
2
1
2
2
2
4
4
5
5
4
4
3
3
2
3
2
3
5
4
4
3
3
3
2
2
2
2
2
2
3
2
2
1
1
1
1
0
0
0
-1
0
-2
0
-1
-1
-1
-1
-3
-3
-4
-4
-3
-3
-2
-2
-1
-2
-3
-3
-3
-3
-5
-5
-3
-2
-3
-3
-2
-2
-2
-3
-5
-5
-4
-4
-4
-3
-3
-3
-3
-3
-4
-3
-4
-5
-3
-4
-3
-3
-2
-2
-2
-3
-3
-2
-3
-2
-2
-1
-1
0
0
0
1
1
1
2
2
0
2
1
3
3
4
3
3
3
3
4
4
3
4
4
5
5
5
6
5
5
5
5
5
5
5
5
5
4
3
4
3
4
3
3
2
2
2
1
1
2
2
3
3
3
2
2
1
1
1
1
2
0
0
0
1
0
0
-1
-1
-1
-2
0
0
0
-1
-1
-1
-1
-1
-3
-3
-3
-2
-2
-3
-3
-3
-2
-1
-3
-2
-3
-2
-2
-2
-1
-2
-2
-2
-2
-3
-3
-3
-2
-3
-2
-2
-4
-2
-2
-3
-2
-1
-1
-1
0
0
1
2
1
2
2
1
2
2
2
2
2
1
3
2
2
2
2
2
1
1
0
1
1
2
2
2
2
2
1
1
1
2
2
2
3
3
3
3
4
3
2
2
2
3
2
2
2
3
3
2
3
4
4
3
3
2
3
4
4
4
4
4
5
4
3
3
3
3
2
3
3
3
4
4
4
3
3
3
2
0
0
1
1
2
1
1
2
0
0
0
1
-1
-1
0
0
0
0
0
-1
0
1
0
0
0
-1
-1
1
0
1
0
1
1
0
0
0
0
0
-1
-1
-1
0
1
2
2
2
3
2
2
2
2
3
3
3
3
3
2
2
2
2
1
1
1
1
1
1
1
0
0
1
0
-1
-1
-2
-2
-2
-2
-2
-3
-5
-4
-5
-5
-4
-5
-5
-6
-6
-7
-5
-6
-7
-7
-6
-5
-7
-6
-7
-6
-6
-6
-5
-6
-6
-6
-5
-6
-5
-4
-5
-4
-4
-4
-5
-4
-3
-4
-3
-3
-4
-3
-2
-2
-2
-2
-2
-1
-1
-1
-1
0
-1
0
0
1
0
0
1
1
1
1
1
2
3
3
4
4
4
3
3
2
3
4
5
4
3
4
3
5
3
3
2
3
2
2
2
2
3
4
4
4
3
2
2
2
2
2
1
1
3
0
0
1
0
-1
-1
-1
1
0
0
0
0
0
0
0
0
0
0
1
1
0
1
1
0
1
1
0
0
0
1
2
1
1
1
0
1
1
0
0
0
1
0
0
-1
0
-1
-1
0
-2
-1
-1
-1
-3
-3
-4
-4
-4
-3
-4
-4
-4
-3
-4
-4
-4
-5
-5
-3
-4
-3
-3
-3
-3
-3
-4
-3
-3
-3
-3
-2
-1
-2
-1
-1
-2
-2
-1
-2
0
1
1
1
1
2
3
2
3
3
3
3
3
3
3
4
4
4
4
4
4
4
4
4
4
4
4
4
5
4
5
5
5
4
4
3
3
2
3
3
4
3
3
2
2
2
2
1
1
1
0
0
1
0
0
1
-1
-1
-1
-1
0
-1
-1
-1
-1
-2
-1
-2
-1
0
-1
-1
-1
0
0
1
0
0
0
0
0
0
1
0
-1
-1
-1
-1
-2
0
-1
-2
-2
-1
-1
-1
-2
-1
-2
-1
-2
-1
-2
-1
-1
-1
-1
-3
-2
-2
-1
-2
-1
-2
-2
-2
-3
-2
-3
-2
-2
-3
-3
-3
-3
-3
-4
-4
-4
-4
-5
-6
-5
-4
-6
-5
-5
-5
-5
-6
-6
-5
-5
-5
-5
-4
-3
-4
-4
-3
-3
-3
-2
-2
-3
-2
-2
0
0
2
1
2
1
2
2
2
2
2
2
2
1
1
-1
1
1
1
0
1
0
-1
1
1
2
2
2
2
2
2
2
3
2
2
3
3
3
3
2
2
3
2
4
3
3
2
2
2
1
2
2
2
1
1
0
0
0
0
1
3
2
2
2
3
1
3
2
2
2
1
2
2
3
3
3
4
3
4
5
6
6
7
6
5
4
7
10
10
9
9
8
9
12
14
13
11
8
7
7
8
9
9
8
9
9
9
8
7
9
8
6
5
5
2
1
1
1
2
1
2
0
2
0
0
0
0
-1
-3
-1
0
-2
-6
-9
-9
-10
-11
-10
-10
-12
-16
-18
-19
-19
-19
-21
-21
-21
-21
-17
-13
-13
-10
-8
-5
-7
-7
-8
-7
-6
-7
-7
-8
-8
-5
-4
-1
-3
-5
-8
-10
-9
-9
-6
-3
-4
-7
-10
-9
-2
0
4
6
6
0
-2
5
13
16
14
13
15
13
16
21
29
32
29
28
25
23
19
17
21
24
28
31
28
24
19
20
16
17
19
19
18
13
12
11
11
11
8
4
-2
-7
-9
-13
-14
-11
-9
-8
-12
-14
-19
-26
-33
-34
-31
-28
-27
-27
-28
-25
-25
-25
-22
-19
-20
-29
-36
-39
-32
-24
-15
-11
-14
-18
-16
-10
-2
2
4
6
10
13
12
9
9
13
17
24
27
29
31
30
30
28
29
29
26
26
22
18
16
15
14
12
13
14
16
11
8
10
8
5
-1
-9
-14
-17
-16
-15
-15
-17
-18
-14
-12
-12
-13
-15
-16
-13
-12
-11
-10
-4
-2
3
10
15
22
25
23
19
15
12
11
8
2
1
9
12
12
9
5
1
-7
-11
-13
-15
-22
-24
-16
-13
-12
-11
-7
-5
-17
-26
-23
-16
-15
-15
-16
-15
-9
-3
1
3
1
-4
-3
-2
1
0
-5
-10
-8
-3
-5
-10
-11
-11
-7
-10
-13
-15
-15
-11
-10
-13
-20
-25
-27
-28
-23
-15
-8
-9
-22
-29
-26
-23
-20
-21
-24
-19
-7
6
13
8
3
3
5
1
3
16
24
19
4
12
32
38
37
41
50
56
58
60
63
65
81
108
137
154
224
344
365
214
14
5
179
319
316
253
220
141
-4
-46
85
264
246
47
-133
-201
-196
-185
-134
-58
-53
-125
-272
-372
-353
-288
-214
-195
-226
-302
-380
-419
-424
-358
-277
-249
-289
-385
-451
-460
-400
-327
-292
-270
-305
-365
-421
-448
-395
-302
-187
-96
-79
-148
-231
-184
-20
162
294
335
336
289
235
277
457
689
780
698
581
542
570
608
663
756
794
718
589
499
503
551
575
561
548
527
431
307
252
303
383
379
281
162
92
52
16
11
30
13
-71
-198
-276
-281
-272
-299
-346
-408
-482
-540
-591
-622
-640
-653
-675
-718
-769
-818
-852
-854
-865
-871
-888
-891
-852
-816
-790
-717
-577
-545
-534
-469
-326
-256
-289
-167
117
325
256
197
396
628
644
617
813
1072
990
759
768
1029
1132
980
975
1085
1064
859
740
840
856
716
627
614
523
257
144
179
149
5
-108
-112
-252
-464
-509
-372
-335
-526
-656
-575
-538
-615
-685
-558
-411
-426
-471
-414
-291
-280
-287
-144
38
110
67
71
169
257
309
342
398
416
347
282
262
288
294
233
142
35
-71
-161
-224
-268
-336
-448
-584
-698
-784
-828
-858
-917
-964
-1029
-1086
-1122
-1079
-918
-827
-878
-883
-711
-485
-566
-701
-460
50
260
-24
-65
367
691
534
388
837
1325
1140
696
745
1234
1310
985
964
1229
1267
891
677
847
926
732
584
662
571
225
82
165
190
-11
-89
-6
-78
-225
-291
-198
-308
-453
-254
32
29
-214
-227
13
93
20
60
367
553
371
243
344
569
585
523
598
647
589
365
239
299
351
300
115
-61
-196
-311
-429
-563
-606
-675
-839
-1046
-1193
-1228
-1323
-1433
-1506
-1524
-1531
-1605
-1512
-1277
-1148
-1260
-1355
-1171
-835
-694
-714
-516
-83
113
-59
-36
454
940
944
794
1013
1452
1477
1205
1244
1666
1855
1609
1455
1562
1598
1355
1131
1224
1299
1069
758
648
543
258
85
95
16
-294
-575
-610
-661
-883
-873
-639
-610
-1095
-1404
-1026
-520
-453
-798
-769
-417
-326
-455
-348
177
506
316
152
255
576
690
638
743
805
813
610
423
443
478
485
326
173
15
-205
-333
-490
-547
-639
-804
-981
-1204
-1324
-1482
-1587
-1600
-1636
-1663
-1639
-1488
-1275
-1331
-1477
-1486
-1192
-841
-706
-547
-355
-156
-107
-93
222
757
1124
1166
1082
1218
1395
1483
1556
1700
1940
1958
1821
1729
1681
1655
1549
1521
1520
1410
1179
856
650
476
342
305
172
-83
-468
-668
-728
-748
-624
-647
-810
-1189
-1322
-963
-665
-662
-888
-711
-326
-312
-466
-499
25
471
445
344
384
703
704
610
778
1008
1228
923
551
466
551
690
564
403
101
-174
-305
-498
-580
-703
-784
-972
-1268
-1452
-1649
-1665
-1747
-1867
-1913
-1856
-1668
-1621
-1708
-1849
-1784
-1521
-1335
-1138
-870
-609
-501
-487
-300
89
575
871
1036
1149
1215
1314
1401
1627
1824
1962
2050
1986
1923
1773
1689
1758
1806
1756
1558
1361
1098
801
602
500
478
269
-62
-396
-583
-760
-733
-577
-673
-1044
-1407
-1230
-857
-772
-906
-792
-422
-478
-813
-732
-150
459
354
128
175
458
611
472
679
1002
1165
950
470
362
515
709
659
431
220
-115
-273
-433
-534
-573
-710
-880
-1264
-1533
-1667
-1715
-1715
-1905
-1982
-1855
-1710
-1629
-1809
-1980
-1878
-1645
-1393
-1157
-768
-552
-657
-626
-263
300
705
854
1121
1372
1437
1338
1455
1967
2242
2261
2224
2270
2335
2073
1908
2080
2329
2204
1791
1594
1384
1101
811
707
764
488
20
-292
-274
-342
-841
-1200
-1144
-854
-853
-1216
-1363
-1218
-1031
-1101
-1152
-935
-678
-556
-642
-644
-405
-116
39
46
158
333
419
408
322
413
538
614
551
357
246
206
215
99
-98
-197
-317
-485
-751
-967
-1063
-1143
-1255
-1482
-1693
-1760
-1600
-1444
-1426
-1614
-1821
-1888
-1820
-1506
-1094
-774
-733
-863
-818
-550
-95
319
645
980
1072
1058
1006
1250
1646
1845
2086
2236
2330
2146
1822
1838
2114
2380
2273
2046
1858
1523
1193
943
990
1029
779
478
270
118
-381
-848
-735
-356
-289
-786
-1216
-1165
-1000
-998
-1132
-970
-736
-769
-935
-1033
-806
-513
-386
-381
-364
-243
-198
-210
-142
47
298
323
124
-127
-192
-4
145
129
-155
-359
-418
-582
-694
-665
-607
-709
-1039
-1289
-1402
-1248
-1049
-990
-894
-1057
-1287
-1578
-1492
-965
-554
-409
-569
-459
-237
-374
-256
231
1007
1289
906
736
856
1285
1295
1311
1781
2108
2042
1496
1268
1538
1760
1792
1678
1783
1643
1108
762
704
913
815
648
632
509
121
-543
-648
-269
-14
-48
-359
-521
-648
-772
-741
-571
-243
-235
-425
-583
-593
-383
-294
-252
-240
-234
-202
-334
-347
-213
-51
-20
-219
-408
-420
-311
-269
-369
-530
-643
-763
-919
-1018
-961
-904
-1001
-1213
-1372
-1432
-1402
-1265
-1142
-894
-780
-1009
-1435
-1503
-908
-264
-49
-217
-214
63
36
-54
300
1159
1707
1289
886
920
1392
1519
1274
1552
2074
2249
1673
1110
1249
1586
1698
1533
1564
1589
1135
582
331
589
752
632
518
430
184
-315
-704
-508
-52
203
4
-385
-512
-499
-400
-320
-160
66
17
-158
-365
-352
-129
-2
66
-54
-156
-233
-293
-121
-41
-80
-330
-562
-546
-529
-573
-746
-852
-1001
-1263
-1448
-1512
-1404
-1437
-1617
-1876
-1946
-1869
-1762
-1646
-1415
-1068
-1095
-1451
-1836
-1458
-491
-10
-84
-238
119
492
314
354
970
2054
2215
1472
1161
1599
2240
1989
1754
2215
2720
2549
1612
1362
1845
2117
1844
1515
1642
1454
824
312
338
658
497
258
149
53
-366
-971
-972
-538
-206
-349
-736
-795
-726
-718
-718
-560
-208
-152
-351
-530
-453
-201
-138
-151
-95
-14
11
-244
-336
-127
130
67
-303
-475
-474
-382
-454
-687
-844
-1040
-1172
-1349
-1379
-1408
-1510
-1593
-1780
-1881
-1831
-1633
-1274
-1045
-1198
-1583
-1814
-1292
-555
-257
-332
-273
255
372
25
126
1013
2077
1940
1206
1068
1697
2192
1746
1633
2272
2801
2403
1440
1406
1996
2145
1689
1467
1788
1592
854
297
417
802
674
410
182
-61
-508
-834
-524
-184
-205
-481
-688
-648
-681
-702
-540
-220
-64
-324
-577
-494
-183
-8
-77
-103
25
70
-90
-327
-235
125
304
73
-411
-551
-409
-361
-555
-818
-787
-875
-1336
-1752
-1722
-1376
-1465
-1854
-2125
-2062
-1771
-1649
-1362
-1268
-1514
-1883
-1843
-912
-228
-315
-648
-338
432
416
41
350
1578
2223
1461
862
1252
2174
2095
1508
1852
2634
2738
1739
1164
1766
2323
1985
1351
1492
1762
1246
472
357
822
830
358
73
42
-160
-625
-692
-282
-42
-279
-674
-766
-580
-448
-438
-309
-142
-160
-383
-439
-227
-21
8
-86
8
96
-32
-315
-343
-1
203
4
-463
-689
-567
-543
-749
-1008
-993
-1015
-1380
-1783
-1937
-1715
-1689
-1944
-2154
-2116
-1802
-1421
-1331
-1663
-2196
-2043
-1013
-174
-195
-704
-490
231
356
122
461
1745
2389
1552
708
1134
2421
2537
1703
1718
2660
3082
2024
1120
1639
2476
2319
1515
1517
1845
1399
504
218
808
1004
447
-179
-334
-237
-468
-698
-649
-491
-481
-713
-800
-756
-685
-637
-563
-372
-334
-410
-443
-316
-126
-42
-50
-72
-11
48
37
-64
-16
98
132
-79
-379
-405
-343
-405
-693
-861
-973
-1262
-1544
-1724
-1542
-1481
-1765
-2160
-2288
-1887
-1312
-1078
-1516
-2216
-2258
-1262
-240
-79
-490
-420
278
472
134
276
1529
2574
1998
1065
1107
2163
2456
1751
1780
2725
3263
2271
1092
1386
2305
2344
1579
1423
1781
1390
334
-218
320
697
220
-361
-372
-319
-967
-1596
-1295
-495
-300
-942
-1373
-1117
-817
-950
-1046
-600
-84
-128
-557
-655
-291
77
80
58
254
351
101
-225
-38
448
656
202
-358
-343
-164
-174
-528
-707
-642
-813
-1260
-1748
-1676
-1396
-1468
-1808
-2103
-1804
-1219
-1175
-1729
-2382
-1972
-766
-91
-307
-784
-280
434
396
155
645
2076
2433
1467
799
1475
2663
2376
1558
1839
2893
3116
1850
1033
1595
2369
2105
1423
1473
1577
905
-4
-93
492
571
-53
-630
-777
-703
-974
-1212
-1170
-1121
-980
-1112
-1219
-1229
-1050
-800
-799
-717
-679
-451
-201
-161
-108
-95
76
193
277
396
323
265
280
347
456
325
23
-96
-36
-113
-398
-612
-791
-1030
-1265
-1395
-1378
-1458
-1740
-1969
-1978
-1401
-924
-1187
-1918
-2428
-1451
-182
97
-388
-471
392
633
245
328
1630
2993
2369
1149
1057
2372
3053
2154
1801
2608
3451
2726
1319
1321
2232
2362
1528
1204
1559
1227
70
-662
-158
384
-66
-937
-1334
-1278
-1478
-1820
-1887
-1643
-1542
-1703
-1897
-1757
-1511
-1446
-1389
-1263
-926
-672
-503
-408
-298
-85
150
483
627
679
708
701
751
883
1152
1154
771
356
196
371
328
-20
-353
-612
-835
-1246
-1460
-1527
-1609
-1718
-2022
-1721
-1273
-1450
-2299
-2949
-1914
-478
-122
-896
-1202
-136
366
46
-54
1329
2928
2439
1136
884
2362
3381
2685
2286
3088
3985
3354
1939
1985
3088
3389
2450
1867
2257
2104
1030
76
376
961
545
-436
-1133
-1238
-1522
-1967
-2033
-1872
-1938
-2432
-2844
-2777
-2417
-2276
-2339
-2317
-2216
-2094
-1922
-1572
-1197
-949
-850
-656
-337
-42
159
259
495
730
933
1047
827
639
673
843
874
567
241
-31
-198
-420
-629
-655
-832
-1062
-1423
-1201
-766
-1056
-1945
-2688
-1776
-399
-159
-957
-1256
-398
-79
-412
-350
1118
2518
1861
565
492
1969
2859
2291
2113
3015
3792
3058
1782
2018
3289
3674
2878
2338
2461
2212
1420
927
1271
1538
922
35
-504
-719
-1072
-1375
-1452
-1491
-1823
-2400
-2842
-2887
-2623
-2539
-2493
-2624
-2825
-2900
-2705
-2212
-1835
-1635
-1704
-1561
-1209
-941
-647
-444
-119
196
471
631
449
374
482
755
1013
862
613
325
153
-56
-131
-12
-73
-117
-328
-188
-115
-610
-1399
-1698
-563
419
184
-780
-852
5
129
-318
-148
1372
2181
1128
74
480
1918
2179
1451
1617
2727
3179
2072
1150
1910
3157
3161
2351
2275
2632
2234
1268
1093
1854
2040
1242
380
207
131
-343
-785
-824
-660
-1049
-1706
-2223
-2282
-2147
-2212
-2286
-2492
-2642
-2825
-2832
-2577
-2324
-2191
-2219
-2123
-1999
-1854
-1683
-1527
-1191
-862
-533
-414
-557
-626
-526
-141
117
82
-52
-236
-280
-302
-217
-183
-109
-1
298
516
152
-607
-1063
-279
841
1249
576
118
475
517
309
388
1761
2820
1957
549
354
1707
2369
1682
1421
2329
3046
2211
938
1196
2426
2828
2140
1884
2303
2080
1119
598
1358
2093
1661
643
82
98
-75
-271
-283
-147
-435
-1075
-1564
-1678
-1496
-1530
-1645
-1815
-2000
-2203
-2292
-2205
-2055
-1954
-2004
-1929
-1838
-1788
-1797
-1740
-1518
-1287
-1131
-1007
-1046
-1133
-1088
-963
-729
-675
-696
-816
-921
-1015
-952
-769
-668
-573
-401
157
290
-238
-1061
-989
354
1389
1306
481
670
1234
1060
656
1128
2945
3461
2024
691
1240
2809
2851
1827
1838
2913
3236
1916
891
1671
2813
2661
1754
1762
2142
1625
591
392
1319
1679
980
105
-151
-230
-498
-642
-500
-378
-719
-1217
-1648
-1638
-1580
-1541
-1533
-1652
-1783
-2032
-1991
-1940
-1803
-1781
-1825
-1664
-1655
-1652
-1682
-1619
-1475
-1341
-1177
-1098
-1223
-1402
-1381
-1267
-1158
-1194
-1246
-1326
-1506
-1635
-1539
-1362
-1236
-1210
-709
-300
-482
-1262
-1738
-588
698
1158
434
213
1085
1287
883
833
2421
3817
3000
1397
1192
2767
3563
2756
2340
3172
3890
2993
1662
1976
3219
3443
2553
2143
2583
2364
1325
729
1315
1990
1466
571
100
75
-167
-600
-573
-467
-579
-1100
-1637
-1712
-1590
-1470
-1575
-1769
-1898
-2030
-1930
-1834
-1708
-1639
-1776
-1711
-1588
-1487
-1423
-1407
-1277
-1175
-1025
-902
-997
-1120
-1105
-994
-901
-1026
-1142
-1214
-1314
-1494
-1602
-1455
-1450
-1440
-1457
-1006
-554
-867
-1664
-2072
-876
452
607
-190
-280
581
796
375
494
2197
3265
2193
799
1096
2768
3232
2264
2022
3094
3757
2759
1606
2175
3415
3426
2537
2441
2959
2642
1475
1036
1879
2435
1799
804
451
384
79
-216
-193
-35
-357
-927
-1422
-1523
-1432
-1503
-1554
-1699
-1839
-2031
-2121
-2019
-1895
-1864
-1920
-1799
-1720
-1710
-1741
-1741
-1511
-1302
-1123
-1173
-1343
-1405
-1276
-1104
-1212
-1303
-1334
-1248
-1434
-1640
-1577
-1491
-1353
-1431
-945
-528
-738
-1558
-2140
-1009
284
752
-42
-314
530
771
373
231
1861
3318
2538
847
608
2234
3154
2377
1930
2838
3634
2776
1412
1821
3248
3578
2594
2267
2946
2928
1773
1012
1854
2760
2324
1111
648
768
606
215
159
468
204
-484
-1169
-1149
-850
-902
-1146
-1472
-1587
-1789
-1863
-1764
-1664
-1697
-1965
-2008
-1817
-1710
-1807
-1940
-1777
-1547
-1347
-1391
-1574
-1647
-1603
-1510
-1500
-1433
-1381
-1531
-1842
-1995
-1728
-1492
-1473
-1600
-1356
-662
-720
-1246
-1963
-1460
-47
597
338
-241
281
670
390
198
1263
3072
2984
1363
324
1291
2812
2688
1923
2156
2972
2866
1550
1102
2284
3198
2734
1923
2195
2610
1955
927
1046
2140
2364
1441
536
513
705
478
145
188
252
-28
-588
-989
-811
-690
-763
-1052
-1251
-1277
-1373
-1319
-1336
-1325
-1476
-1640
-1523
-1397
-1356
-1505
-1563
-1504
-1456
-1306
-1275
-1372
-1497
-1576
-1534
-1543
-1482
-1438
-1597
-1886
-2038
-1815
-1605
-1540
-1593
-1130
-724
-1027
-1797
-2135
-875
443
608
-263
-322
593
770
165
136
2036
3422
2380
518
346
2126
3023
2151
1631
2492
3243
2323
943
1403
2892
3183
2156
1791
2442
2513
1482
776
1545
2418
2139
1181
745
771
582
366
440
709
539
-15
-618
-751
-556
-502
-547
-783
-992
-1273
-1327
-1195
-1100
-1200
-1517
-1552
-1389
-1361
-1534
-1666
-1555
-1465
-1398
-1384
-1492
-1609
-1712
-1745
-1771
-1646
-1555
-1607
-1971
-2267
-2119
-1811
-1574
-1565
-1074
-713
-971
-1721
-2123
-944
399
864
190
-53
645
797
434
379
1968
3428
2741
1013
429
1726
2654
2185
1859
2431
2919
1951
559
886
2302
2811
1929
1369
1749
1786
1066
427
1068
1947
1723
906
302
376
364
304
465
588
519
69
-353
-474
-331
-108
-77
-191
-523
-889
-870
-700
-442
-550
-1005
-1187
-1127
-965
-1089
-1272
-1226
-1140
-1169
-1377
-1556
-1644
-1608
-1665
-1834
-1952
-1939
-1983
-2267
-2572
-2537
-2200
-1980
-1937
-1597
-1115
-1173
-1782
-2282
-1359
159
851
394
-100
550
1061
909
748
1910
3508
3276
1753
921
1959
3067
2755
2235
2622
3234
2578
1098
868
2078
2776
2125
1314
1455
1581
856
76
383
1407
1446
507
-384
-458
-188
-122
-128
-127
-162
-345
-691
-923
-736
-433
-222
-423
-697
-826
-714
-435
-330
-319
-508
-646
-655
-629
-616
-641
-634
-701
-815
-873
-955
-1108
-1228
-1334
-1493
-1766
-1928
-1899
-1993
-2300
-2558
-2571
-2418
-2335
-2181
-1597
-1370
-1750
-2548
-2520
-1074
156
321
-427
-194
632
785
482
826
2703
3552
2483
1158
1389
2885
3204
2512
2468
3265
3461
2182
1110
1741
2888
2825
1840
1541
1843
1552
614
224
923
1426
869
-75
-518
-412
-311
-394
-441
-541
-607
-747
-1041
-1091
-968
-685
-534
-741
-955
-1022
-707
-393
-307
-453
-640
-491
-308
-264
-380
-467
-403
-396
-342
-410
-618
-812
-958
-1010
-1256
-1446
-1518
-1602
-1938
-2364
-2405
-2280
-2142
-2191
-1796
-1482
-1783
-2575
-2899
-1654
-246
143
-594
-680
174
551
314
410
2151
3435
2638
1156
1078
2631
3363
2764
2544
3301
3747
2715
1497
1934
3148
3328
2361
1889
2167
2001
1179
602
1164
1647
1158
249
-236
-288
-361
-392
-365
-426
-816
-1145
-1299
-1248
-1123
-1083
-982
-1094
-1325
-1471
-1206
-711
-427
-558
-949
-911
-585
-332
-306
-350
-308
-311
-373
-331
-241
-353
-520
-773
-853
-1035
-1202
-1300
-1547
-1809
-2133
-2220
-2162
-2081
-1902
-1582
-1565
-2050
-2798
-2659
-1332
-198
-177
-962
-736
10
221
-23
525
2448
3053
1849
605
1157
2818
3019
2321
2423
3368
3514
2161
1301
2220
3383
3165
2165
2041
2376
1957
1042
860
1742
1907
1087
204
-41
45
-183
-309
-349
-415
-729
-1051
-1238
-1275
-1210
-1170
-1079
-1156
-1329
-1442
-1253
-919
-669
-797
-1049
-919
-653
-471
-504
-530
-488
-484
-395
-253
-217
-365
-580
-792
-950
-1037
-991
-1057
-1418
-1913
-2073
-2026
-1949
-1899
-1752
-1315
-1492
-2127
-2823
-2391
-882
-40
-335
-1048
-555
184
133
-175
717
2709
2974
1507
471
1403
2976
2930
2142
2413
3393
3340
1987
1352
2438
3462
2989
2039
2118
2516
2007
997
947
1864
1958
1078
228
58
146
-82
-284
-329
-371
-637
-979
-1299
-1341
-1200
-1069
-1062
-1247
-1379
-1378
-1113
-919
-837
-954
-969
-677
-554
-533
-572
-507
-457
-491
-315
-133
-163
-507
-733
-788
-772
-832
-976
-1145
-1593
-1966
-2031
-1951
-1842
-1905
-1802
-1444
-1559
-2147
-2844
-2333
-849
-104
-544
-1267
-614
182
29
-302
587
2555
2713
1193
375
1481
3013
2713
1825
2244
3373
3319
1860
1301
2494
3426
2800
1878
2171
2717
2023
927
966
1967
2025
916
179
331
469
-100
-614
-440
-114
-370
-1011
-1389
-1204
-1009
-1072
-1196
-1222
-1142
-1172
-1126
-1007
-905
-904
-891
-656
-456
-391
-461
-478
-454
-466
-320
-23
123
-211
-682
-941
-706
-581
-789
-1128
-1532
-1653
-1872
-1969
-2009
-1884
-1847
-1749
-1491
-1704
-2116
-2607
-1880
-639
-202
-636
-928
-160
279
59
-19
1289
2671
2189
1016
858
2225
2963
2197
1782
2674
3601
3021
1739
1783
2912
3178
2359
2026
2657
2737
1718
799
1230
1957
1622
816
423
497
129
-457
-543
-143
-49
-552
-1147
-1355
-1086
-966
-993
-1074
-1062
-1008
-1104
-1169
-1125
-783
-582
-517
-553
-587
-482
-540
-528
-536
-305
28
-53
-476
-1035
-1019
-712
-603
-942
-1467
-1664
-1860
-2008
-2180
-2186
-2008
-2150
-2233
-1960
-1707
-1880
-2684
-2718
-1435
-327
-353
-1132
-817
43
194
-96
458
2157
2623
1579
729
1477
2849
2690
1897
2265
3423
3686
2398
1540
2369
3282
3012
2337
2512
2861
2079
958
890
1756
1878
1016
293
153
-32
-549
-571
-197
-205
-939
-1579
-1519
-1103
-1072
-1300
-1239
-1112
-1115
-1416
-1414
-940
-475
-400
-677
-671
-346
-158
-235
-256
-46
188
309
106
-127
-260
-278
-142
-272
-647
-1071
-1227
-1405
-1631
-1767
-1847
-1992
-2398
-2625
-2476
-1756
-1400
-1988
-2954
-3077
-1730
-648
-678
-1339
-987
42
-4
-517
-214
1508
2565
1801
821
1179
2482
2679
1925
2079
3400
4087
3025
1790
2197
3419
3586
2771
2591
3028
2635
1472
986
1688
2194
1457
439
129
205
-137
-586
-634
-498
-675
-1205
-1533
-1505
-1266
-1259
-1353
-1338
-1350
-1455
-1512
-1258
-831
-542
-639
-721
-577
-313
-158
-114
102
205
172
-16
-106
70
191
-24
-503
-702
-748
-866
-1237
-1607
-1602
-1696
-2068
-2493
-2417
-2148
-1991
-1892
-2045
-2300
-2749
-2501
-1594
-951
-912
-1188
-722
-317
-506
-600
260
1805
2092
1223
606
1345
2506
2458
2086
2657
3646
3630
2526
2160
3122
3816
3305
2613
2936
3258
2558
1577
1506
2055
1921
1166
626
626
386
-330
-759
-604
-391
-736
-1309
-1557
-1330
-1217
-1517
-1756
-1641
-1356
-1365
-1453
-1363
-1067
-881
-944
-876
-562
-199
-148
-245
-232
-178
8
68
67
22
-152
-325
-524
-589
-672
-816
-1093
-1400
-1562
-1659
-1740
-1937
-2017
-2033
-1692
-1378
-1600
-2278
-2721
-1998
-1033
-625
-948
-1058
-596
-563
-686
-371
869
1795
1294
532
660
1758
2341
1894
1842
2725
3536
3169
2222
2223
2946
3228
2832
2771
3185
2912
1900
1186
1534
2051
1774
1094
632
379
-87
-536
-506
-210
-300
-821
-1292
-1381
-1279
-1386
-1504
-1388
-1166
-1243
-1516
-1528
-1197
-813
-842
-895
-744
-453
-359
-518
-462
-263
-214
-347
-379
-193
-32
-304
-658
-736
-660
-806
-1164
-1258
-1142
-1134
-1626
-2110
-2147
-1883
-1684
-1712
-1402
-1306
-1791
-2526
-2484
-1173
-191
-410
-1225
-1008
-104
-7
-454
-245
1278
2266
1618
642
909
2157
2538
2127
2442
3496
3808
2660
1664
2314
3514
3601
2802
2548
2690
2228
1398
1134
1783
2019
1271
404
96
107
-268
-643
-559
-242
-420
-1105
-1645
-1568
-1216
-1156
-1154
-1120
-1110
-1323
-1449
-1235
-769
-463
-614
-705
-602
-353
-203
-237
-239
-193
-155
-237
-229
-38
60
-237
-674
-796
-610
-512
-806
-1125
-1174
-1196
-1472
-1831
-1857
-1700
-1608
-1793
-1736
-1248
-1202
-1773
-2475
-1994
-748
-224
-608
-1014
-373
51
-281
-420
649
2238
2227
1174
796
1809
2870
2533
2063
2644
3548
3405
2318
2023
2753
3063
2503
2125
2587
2663
1631
596
682
1409
1371
655
126
-86
-401
-910
-945
-490
-342
-868
-1564
-1700
-1294
-1059
-1118
-1222
-1106
-1019
-1207
-1254
-1083
-653
-496
-594
-607
-578
-430
-426
-382
-203
-30
-90
-411
-547
-362
-48
-112
-457
-744
-809
-823
-934
-949
-1024
-1251
-1633
-1803
-1613
-1526
-1661
-1917
-1654
-1075
-1142
-1832
-2352
-1591
-379
-98
-584
-681
135
382
27
187
1547
2851
2362
1295
1351
2577
3192
2524
2287
3177
3849
3119
1938
2044
2977
3051
2224
1911
2340
2164
1047
257
635
1220
851
-48
-463
-467
-740
-1205
-1141
-660
-654
-1293
-1891
-1703
-1124
-927
-1182
-1332
-1198
-1109
-1118
-1057
-765
-504
-533
-603
-498
-257
-172
-244
-169
30
160
46
-217
-229
42
256
84
-322
-566
-626
-652
-831
-884
-852
-1047
-1547
-1993
-2022
-1774
-1690
-1879
-2007
-1707
-1107
-1186
-1851
-2294
-1656
-375
95
-133
-232
356
632
241
355
1520
3000
2940
1790
1314
2096
3011
2745
2350
2839
3493
3078
1821
1390
2156
2685
2226
1652
1646
1478
614
-152
69
773
697
-175
-857
-935
-947
-1200
-1229
-833
-617
-1008
-1634
-1820
-1410
-1048
-969
-944
-892
-923
-1155
-1149
-739
-220
-84
-355
-470
-340
-102
20
127
304
361
225
-110
-224
3
274
237
-177
-545
-697
-792
-995
-1105
-1029
-1093
-1499
-1932
-1978
-1798
-1683
-1825
-1880
-1575
-1113
-828
-1155
-1452
-1360
-619
255
484
457
372
794
1075
1077
1331
1985
2960
2931
2186
1764
2195
2854
2723
2457
2726
3046
2629
1667
1330
1849
2124
1700
1160
1081
931
296
-326
-326
156
196
-345
-895
-1094
-1191
-1355
-1441
-1206
-1022
-1189
-1462
-1636
-1428
-1215
-1130
-1081
-1000
-770
-693
-670
-670
-504
-243
-69
104
177
212
153
96
178
265
244
99
-15
3
59
-150
-518
-714
-672
-608
-888
-1167
-1195
-1158
-1295
-1573
-1520
-1295
-1198
-1356
-1524
-1237
-869
-452
-388
-644
-756
-701
8
631
942
896
799
1017
1014
1184
1607
2417
2850
2225
1596
1585
2191
2381
1984
1979
2268
2153
1382
704
914
1383
1305
903
703
601
90
-563
-599
-89
65
-510
-1141
-1235
-1095
-1223
-1372
-1204
-948
-1041
-1291
-1236
-975
-843
-965
-878
-534
-339
-465
-593
-349
-12
46
-98
-35
195
271
81
-12
203
315
53
-250
-231
-59
-47
-213
-334
-409
-558
-740
-754
-550
-444
-625
-905
-1018
-843
-718
-764
-928
-921
-782
-694
-449
-203
158
65
-309
-473
-142
729
1040
851
506
732
1213
1091
945
1186
2027
2213
1402
808
971
1569
1495
1037
1126
1480
1300
480
-8
363
790
563
-39
-183
-58
-328
-767
-862
-460
-346
-768
-1100
-1084
-907
-960
-1022
-817
-645
-741
-893
-768
-481
-323
-391
-443
-326
-167
-175
-193
-119
32
97
-70
-75
48
188
182
43
103
178
137
-33
-110
28
201
288
119
-148
-303
-273
-129
-91
-115
-196
-317
-416
-512
-502
-374
-287
-343
-503
-607
-424
-202
-11
-3
-221
-386
-485
-66
352
450
278
145
408
349
256
411
952
1375
903
405
352
712
770
398
456
910
993
387
-189
-25
421
399
112
191
469
195
-402
-553
-131
168
-95
-355
-321
-243
-457
-641
-444
-131
-156
-448
-543
-422
-290
-314
-336
-215
-181
-281
-351
-213
-22
37
18
74
195
268
280
266
358
512
625
623
470
306
339
617
855
852
519
245
306
485
585
445
347
228
32
-151
-199
-93
-200
-472
-720
-767
-632
-663
-792
-834
-929
-1005
-1232
-1266
-935
-670
-621
-939
-912
-671
-606
-595
-564
-57
186
4
-235
-206
230
318
258
442
769
905
628
410
612
935
996
889
962
1032
788
467
359
560
685
497
216
54
55
15
-63
-93
-109
-98
-140
-264
-340
-312
-258
-243
-296
-285
-205
-93
-56
-45
103
209
274
291
382
594
738
834
757
738
788
861
990
1020
1078
1076
1039
874
722
719
703
641
401
192
4
-168
-430
-722
-836
-963
-1148
-1501
-1820
-1993
-1949
-1897
-2003
-2052
-2241
-2365
-2550
-2481
-2065
-1704
-1567
-1756
-1587
-1263
-1045
-922
-643
84
486
429
172
317
916
1160
1208
1489
1911
1999
1535
1201
1483
1927
1953
1715
1655
1560
1187
783
812
1116
1123
819
450
298
182
-25
-133
-54
54
-39
-246
-474
-518
-465
-390
-192
-33
3
-173
-216
-14
287
552
631
690
724
818
931
1101
1295
1354
1341
1207
1121
1153
1232
1246
1084
888
588
295
105
-8
-100
-401
-791
-1183
-1438
-1625
-1897
-2182
-2487
-2678
-2801
-2988
-3165
-3263
-3115
-3024
-2967
-2865
-2794
-2700
-2764
-2468
-1815
-1237
-1098
-1225
-838
-224
257
413
670
1307
1659
1628
1521
1949
2530
2502
2260
2340
2772
2865
2382
2058
2241
2474
2279
1914
1729
1506
1172
885
821
810
543
183
-97
-204
-326
-479
-438
-391
-479
-660
-722
-518
-319
-265
-287
-149
72
158
256
496
776
907
882
963
1177
1323
1307
1207
1263
1361
1341
1211
1013
843
650
441
264
176
7
-361
-834
-1194
-1349
-1468
-1686
-2032
-2339
-2593
-2851
-3064
-3185
-3156
-3148
-3220
-3389
-3537
-3450
-3228
-2886
-2522
-2359
-2239
-2084
-1816
-1433
-1177
-754
-170
372
584
625
1083
1655
2025
2000
2168
2781
3177
3136
2714
2700
3047
3108
2902
2620
2587
2545
2167
1749
1583
1601
1374
966
713
615
516
203
-92
-229
-256
-238
-351
-423
-504
-581
-520
-388
-248
-142
-84
4
170
285
350
431
599
766
823
851
862
893
863
786
720
698
676
497
311
150
-7
-156
-402
-659
-816
-914
-1099
-1384
-1605
-1722
-1823
-2060
-2320
-2384
-2312
-2317
-2544
-2754
-2760
-2602
-2456
-2467
-2429
-2285
-2074
-1968
-1856
-1575
-1267
-1039
-945
-724
-293
55
187
303
573
848
941
1054
1454
1861
1905
1700
1816
2269
2466
2242
2066
2319
2543
2314
1879
1775
1960
1917
1643
1462
1464
1366
1039
821
859
911
742
467
320
295
287
242
170
49
-60
-90
-86
-65
-86
-114
-106
-74
-97
-144
-153
-136
-75
-76
-113
-164
-223
-305
-397
-368
-285
-235
-357
-606
-798
-826
-675
-616
-694
-840
-1020
-1099
-1087
-1019
-968
-1051
-1215
-1294
-1175
-1024
-1074
-1258
-1398
-1280
-1043
-908
-930
-1044
-1097
-1127
-1039
-828
-644
-574
-667
-716
-633
-468
-389
-398
-351
-208
30
161
149
172
415
748
890
864
992
1311
1466
1378
1372
1748
2118
2052
1783
1791
2083
2148
1876
1659
1740
1808
1542
1245
1194
1240
1043
652
446
401
267
-30
-246
-325
-435
-588
-791
-997
-1187
-1267
-1159
-1116
-1215
-1382
-1415
-1326
-1252
-1056
-879
-795
-913
-987
-731
-376
-116
-177
-228
-151
-41
143
315
543
601
479
353
405
651
731
650
525
421
370
247
141
90
46
-52
-231
-330
-389
-482
-602
-728
-727
-703
-725
-804
-811
-741
-737
-761
-742
-589
-440
-368
-367
-304
-92
73
164
146
183
312
495
705
803
815
795
946
1185
1236
1043
912
1090
1260
1129
883
900
1023
856
457
326
512
480
47
-391
-406
-318
-534
-890
-1019
-951
-1024
-1223
-1348
-1281
-1190
-1186
-1143
-1047
-953
-879
-727
-527
-358
-224
-88
37
138
326
602
819
847
814
921
1111
1182
1138
1152
1212
1157
979
864
932
1027
897
627
399
327
277
165
105
70
-42
-240
-415
-438
-388
-402
-465
-506
-492
-493
-468
-428
-366
-302
-242
-171
-118
-113
-130
-90
26
153
205
193
141
99
128
185
264
262
124
-48
-170
-223
-279
-354
-449
-570
-735
-899
-1034
-1117
-1073
-948
-892
-1118
-1473
-1520
-1231
-968
-989
-1055
-935
-848
-937
-991
-692
-178
-3
-193
-319
-103
241
376
425
589
828
944
894
902
1064
1235
1346
1414
1451
1415
1326
1261
1304
1417
1458
1378
1209
1091
1031
990
964
944
885
809
715
628
565
465
402
417
445
386
211
94
99
160
153
60
-11
2
29
1
5
65
104
73
-28
-93
-35
29
-2
-115
-202
-225
-275
-386
-496
-551
-569
-666
-832
-944
-1002
-1080
-1230
-1323
-1283
-1221
-1297
-1495
-1609
-1590
-1497
-1431
-1442
-1464
-1517
-1554
-1503
-1377
-1212
-1131
-1090
-1044
-954
-815
-651
-460
-365
-368
-338
-135
117
223
276
434
624
698
690
772
1002
1182
1222
1240
1329
1416
1404
1410
1533
1675
1705
1624
1558
1597
1649
1659
1690
1730
1684
1521
1394
1358
1369
1295
1150
1051
1004
903
678
517
505
497
345
114
-20
-46
-139
-298
-399
-400
-464
-674
-822
-814
-737
-770
-898
-930
-857
-825
-911
-936
-775
-601
-583
-691
-751
-640
-498
-445
-478
-488
-481
-528
-569
-521
-426
-435
-584
-732
-747
-700
-723
-823
-907
-926
-929
-1000
-1125
-1179
-1141
-1093
-1083
-1139
-1182
-1183
-1118
-998
-903
-833
-762
-676
-596
-481
-301
-61
116
191
316
505
769
989
1139
1303
1457
1626
1741
1840
1969
2063
2143
2165
2184
2183
2111
2049
1984
1931
1814
1630
1470
1275
1101
932
763
619
420
196
-45
-209
-302
-389
-499
-658
-769
-855
-915
-928
-931
-916
-905
-847
-746
-662
-595
-571
-534
-411
-200
18
106
71
32
114
289
389
415
395
362
322
241
200
206
180
66
-112
-258
-353
-503
-680
-813
-859
-887
-1055
-1285
-1460
-1537
-1536
-1534
-1520
-1566
-1639
-1684
-1657
-1495
-1307
-1135
-1058
-995
-854
-687
-491
-300
-86
145
336
479
559
680
874
1107
1290
1354
1361
1375
1402
1413
1436
1457
1460
1433
1335
1165
960
807
716
640
533
413
281
106
-72
-213
-257
-282
-346
-444
-541
-552
-531
-526
-527
-474
-311
-172
-111
-92
-35
111
241
360
444
519
577
578
618
703
814
851
784
755
773
781
714
619
584
568
500
362
215
94
-12
-127
-244
-347
-475
-600
-697
-730
-748
-798
-866
-944
-961
-933
-881
-831
-806
-814
-841
-800
-684
-544
-493
-517
-487
-374
-228
-164
-170
-143
-26
109
164
130
89
107
142
162
163
131
56
-47
-95
-78
-27
-28
-108
-205
-258
-232
-191
-162
-183
-237
-278
-273
-196
-118
-111
-156
-171
-106
4
104
148
136
119
142
228
309
352
351
333
330
329
344
372
381
363
318
280
252
256
240
191
135
86
72
51
27
-22
-64
-88
-84
-58
-62
-61
-47
-23
4
12
69
147
182
190
233
354
433
427
396
461
608
681
666
608
618
629
588
549
555
581
506
373
258
197
142
33
-91
-204
-313
-455
-596
-703
-766
-832
-940
-1053
-1099
-1078
-1086
-1130
-1125
-1062
-1008
-1004
-968
-834
-641
-491
-420
-356
-237
-69
100
260
420
547
620
697
805
951
1049
1049
1022
996
994
969
931
885
805
704
570
438
321
185
35
-111
-218
-304
-452
-649
-816
-913
-965
-1025
-1069
-1077
-1114
-1187
-1250
-1202
-1070
-922
-803
-729
-676
-617
-482
-292
-98
69
188
292
411
551
696
842
979
1061
1108
1139
1154
1179
1207
1200
1170
1101
994
873
753
644
538
422
280
113
-59
-196
-318
-463
-602
-697
-744
-789
-875
-951
-969
-952
-919
-876
-794
-702
-623
-566
-496
-368
-186
-10
110
196
286
430
590
713
792
886
1004
1068
1057
1037
1067
1101
1066
995
940
893
787
614
463
358
247
83
-73
-203
-384
-604
-797
-889
-961
-1103
-1278
-1377
-1385
-1416
-1488
-1533
-1530
-1495
-1474
-1396
-1279
-1207
-1191
-1137
-950
-708
-545
-468
-362
-193
6
186
339
492
619
692
765
888
1028
1080
1073
1075
1107
1125
1075
1023
999
979
904
789
718
659
550
383
269
258
241
113
-111
-253
-251
-218
-234
-287
-332
-386
-432
-439
-357
-239
-163
-157
-136
-59
37
126
197
320
463
594
643
666
718
756
807
872
952
981
928
816
707
674
684
678
601
446
261
87
-43
-112
-162
-281
-485
-697
-856
-959
-1037
-1123
-1220
-1310
-1398
-1476
-1510
-1536
-1537
-1510
-1473
-1431
-1406
-1371
-1302
-1183
-1067
-992
-921
-818
-714
-629
-508
-352
-199
-102
-36
96
276
385
415
464
595
735
801
844
921
991
1004
970
998
1091
1118
1027
923
884
883
855
771
696
621
528
463
443
424
345
221
153
154
175
142
74
25
21
31
35
58
69
98
139
189
234
259
287
337
387
413
435
472
493
471
438
451
485
470
397
327
321
308
217
85
-4
-53
-114
-218
-324
-420
-541
-695
-809
-851
-882
-964
-1076
-1145
-1187
-1230
-1269
-1266
-1216
-1185
-1191
-1164
-1080
-976
-894
-836
-758
-630
-480
-376
-298
-200
-70
67
187
295
382
450
503
562
652
749
795
786
752
744
773
798
782
739
687
632
565
494
443
407
343
257
189
136
80
-1
-57
-68
-81
-137
-208
-238
-227
-226
-239
-220
-173
-154
-178
-188
-136
-41
24
44
55
99
143
185
228
281
330
354
366
362
348
310
285
292
300
268
206
166
150
119
51
-22
-67
-119
-161
-186
-210
-257
-342
-400
-406
-376
-372
-381
-380
-372
-365
-364
-329
-268
-195
-142
-110
-78
-42
2
51
117
175
220
259
287
313
326
350
382
409
418
391
349
348
366
340
286
211
168
138
95
43
-14
-82
-180
-264
-294
-294
-338
-419
-480
-491
-468
-473
-499
-522
-542
-530
-477
-429
-408
-401
-366
-299
-246
-218
-193
-150
-110
-78
-48
-20
1
-4
-15
-24
10
52
44
13
-11
-6
7
16
30
35
6
-25
-39
-10
43
74
86
110
147
173
179
198
246
324
376
377
367
379
430
482
512
521
526
541
568
591
582
551
526
509
512
528
512
466
407
370
369
359
311
238
171
135
115
93
51
-10
-68
-111
-134
-141
-171
-242
-305
-322
-304
-306
-353
-383
-388
-383
-413
-447
-443
-442
-466
-506
-509
-482
-484
-533
-583
-567
-527
-527
-564
-586
-562
-549
-564
-577
-550
-503
-484
-491
-481
-445
-411
-406
-394
-326
-247
-208
-205
-173
-92
-24
22
59
128
198
233
261
306
379
430
450
473
532
606
636
638
639
650
664
668
680
696
692
650
615
604
601
581
519
476
438
391
344
302
287
253
185
116
91
73
31
-7
-14
2
-5
-42
-59
-43
-25
-15
8
42
55
43
23
36
76
90
78
50
-9
-69
-103
-103
-110
-139
-197
-269
-326
-383
-426
-461
-483
-520
-585
-634
-670
-680
-690
-711
-726
-721
-687
-647
-623
-633
-619
-550
-455
-382
-336
-281
-209
-141
-73
8
88
155
213
272
333
382
415
460
516
551
556
540
534
539
545
558
553
519
445
390
369
373
370
339
287
224
159
115
121
143
145
99
35
2
6
23
31
38
38
26
14
31
53
61
63
78
124
147
129
80
41
56
87
90
47
-12
-41
-64
-84
-93
-101
-143
-216
-298
-337
-325
-314
-340
-397
-427
-449
-462
-463
-444
-425
-433
-456
-448
-390
-346
-322
-310
-259
-184
-134
-106
-69
-16
29
70
131
203
248
250
245
273
329
372
364
339
328
334
330
288
236
207
188
161
124
67
13
-40
-94
-125
-142
-139
-165
-213
-234
-214
-159
-124
-108
-106
-84
-26
49
93
110
130
174
236
268
275
276
292
323
349
362
350
306
264
246
270
295
253
162
75
41
23
-3
-53
-114
-171
-223
-270
-311
-336
-364
-389
-411
-412
-393
-381
-390
-414
-389
-315
-245
-222
-207
-151
-57
20
59
92
167
260
319
354
414
495
527
509
504
549
593
591
546
504
489
460
401
328
277
236
160
55
-39
-99
-160
-257
-366
-433
-466
-515
-585
-641
-666
-662
-663
-674
-654
-606
-569
-555
-514
-433
-354
-300
-257
-188
-79
38
104
130
171
247
346
419
443
457
464
465
492
526
539
496
413
349
330
322
274
202
121
52
-14
-83
-131
-183
-263
-338
-376
-380
-397
-447
-485
-459
-407
-371
-369
-358
-320
-259
-187
-110
-37
-1
35
97
191
300
361
389
419
464
531
578
593
587
596
603
603
604
576
527
471
426
398
349
283
206
138
75
18
-35
-100
-165
-247
-308
-359
-398
-439
-479
-494
-503
-512
-522
-517
-501
-481
-455
-409
-364
-326
-304
-276
-231
-174
-113
-54
2
18
6
27
75
128
168
170
156
142
138
135
140
141
112
81
50
30
5
-31
-71
-108
-131
-164
-198
-230
-255
-264
-262
-273
-306
-330
-332
-306
-262
-241
-255
-260
-232
-178
-128
-100
-82
-50
-8
25
57
94
120
138
171
218
250
250
248
258
284
306
309
288
266
246
231
228
219
189
142
112
92
69
30
-2
-22
-38
-56
-77
-94
-113
-125
-124
-120
-129
-126
-100
-57
-39
-45
-47
-9
49
94
114
118
129
153
190
239
264
270
253
232
258
301
315
285
253
233
222
220
220
206
175
126
83
69
68
41
-14
-60
-93
-129
-179
-241
-279
-289
-297
-325
-357
-388
-423
-436
-425
-406
-397
-404
-411
-406
-405
-404
-377
-345
-332
-329
-309
-272
-235
-202
-180
-161
-142
-133
-113
-79
-45
-38
-46
-42
-27
-20
-22
-24
-24
-19
-23
-34
-45
-49
-55
-57
-72
-103
-126
-114
-79
-64
-67
-86
-92
-76
-43
-2
39
68
82
106
146
197
245
281
314
348
380
404
434
469
495
509
518
521
525
519
518
531
526
506
460
420
385
347
311
277
249
207
136
57
11
-12
-39
-88
-139
-180
-216
-256
-278
-278
-289
-322
-369
-382
-354
-334
-347
-364
-365
-356
-349
-344
-322
-301
-296
-288
-276
-263
-256
-248
-225
-192
-170
-160
-159
-170
-157
-122
-76
-49
-67
-102
-116
-89
-45
-32
-43
-63
-61
-45
-35
-39
-46
-20
19
52
58
49
42
64
102
137
157
160
158
154
168
206
250
270
272
268
288
303
307
301
296
306
302
269
234
227
248
236
199
174
166
168
139
116
108
112
81
37
21
20
8
-24
-41
-39
-40
-63
-98
-119
-116
-123
-134
-144
-142
-138
-159
-176
-184
-170
-152
-160
-181
-194
-182
-171
-172
-182
-200
-210
-205
-195
-187
-204
-246
-283
-301
-293
-287
-290
-320
-339
-333
-320
-307
-298
-274
-247
-225
-203
-175
-141
-107
-78
-31
26
79
107
130
175
233
292
321
339
362
385
400
412
424
425
416
400
392
395
377
335
289
267
260
250
226
182
133
97
85
81
70
31
-3
-28
-29
-22
-21
-15
-23
-26
-27
-13
11
27
28
42
82
119
131
123
124
154
190
212
218
209
205
195
178
169
167
161
126
70
24
-3
-28
-73
-117
-168
-217
-259
-302
-326
-350
-377
-406
-432
-443
-449
-446
-443
-441
-436
-418
-375
-331
-298
-269
-243
-198
-137
-80
-34
-1
29
67
104
148
178
194
205
219
243
254
248
223
206
206
187
161
124
86
52
15
-3
-30
-81
-145
-196
-228
-242
-265
-304
-340
-361
-353
-343
-331
-331
-330
-310
-275
-229
-181
-148
-110
-50
19
94
142
190
246
304
359
396
425
451
481
510
532
546
543
521
480
459
452
438
413
352
285
222
183
145
103
50
-14
-71
-124
-163
-193
-217
-238
-249
-254
-270
-282
-286
-272
-241
-223
-208
-185
-162
-144
-121
-78
-24
18
33
42
77
111
131
148
175
202
200
178
158
151
145
124
96
63
26
-19
-72
-109
-140
-180
-228
-277
-317
-351
-370
-397
-421
-447
-459
-459
-451
-432
-418
-389
-363
-337
-305
-264
-213
-159
-110
-59
-13
35
88
136
181
225
260
295
332
361
380
393
409
421
417
410
396
388
386
377
353
314
288
259
226
188
145
112
82
56
24
-17
-56
-84
-88
-94
-106
-125
-141
-141
-145
-140
-122
-94
-83
-78
-78
-67
-37
-8
22
46
62
52
40
53
66
77
64
43
23
-13
-40
-59
-63
-73
-104
-131
-154
-181
-212
-233
-238
-247
-264
-278
-277
-274
-271
-277
-277
-268
-264
-251
-230
-193
-165
-153
-133
-92
-44
-15
0
33
85
128
155
177
204
239
272
291
310
327
330
330
319
317
315
305
294
284
263
233
199
178
172
149
115
78
61
59
45
34
18
2
-12
-21
-18
-11
-11
-14
-13
-14
-13
-10
10
34
41
35
21
21
21
9
7
18
30
11
-26
-53
-56
-44
-53
-80
-110
-145
-168
-179
-181
-195
-224
-261
-289
-293
-297
-305
-312
-323
-330
-328
-316
-300
-273
-256
-239
-214
-192
-167
-142
-100
-57
-11
21
47
69
94
137
186
224
248
270
278
290
315
343
360
358
344
327
323
314
296
259
225
197
178
161
116
67
40
34
19
-4
-29
-54
-72
-91
-94
-96
-108
-123
-138
-133
-116
-113
-116
-104
-73
-46
-33
-30
-35
-26
-9
16
47
69
71
53
40
53
92
119
118
100
77
75
80
79
66
59
38
5
-34
-76
-106
-122
-134
-147
-151
-173
-223
-266
-294
-297
-288
-286
-292
-307
-322
-325
-310
-286
-263
-244
-227
-205
-185
-161
-118
-66
-21
-9
1
31
71
111
136
169
212
237
243
244
267
296
308
307
303
307
298
272
259
256
240
194
147
137
142
130
87
41
16
10
-3
-17
-29
-48
-72
-95
-106
-95
-81
-86
-106
-117
-114
-91
-67
-64
-60
-39
-20
-4
20
37
55
77
86
92
103
115
120
130
145
156
149
132
120
113
111
102
87
69
52
30
10
1
-14
-46
-75
-88
-95
-108
-132
-167
-185
-194
-209
-224
-231
-231
-236
-244
-243
-233
-228
-225
-217
-205
-186
-159
-132
-103
-75
-55
-45
-16
19
36
44
52
82
110
129
133
130
132
131
143
162
174
160
139
131
127
128
120
105
91
67
48
36
18
16
4
-10
-22
-26
-28
-33
-35
-49
-45
-34
-32
-37
-48
-37
-14
14
23
18
23
29
40
63
85
98
101
100
109
130
144
151
148
138
144
159
167
173
158
148
154
160
145
130
123
121
111
91
71
47
33
19
-1
-15
-28
-48
-81
-105
-109
-108
-123
-161
-191
-192
-188
-196
-214
-222
-219
-217
-215
-217
-213
-219
-232
-232
-201
-163
-149
-151
-152
-134
-102
-72
-48
-34
-14
13
35
61
79
95
116
135
150
161
173
183
189
208
224
231
219
193
190
198
206
195
169
151
140
125
107
92
82
69
45
16
-2
-5
-13
-29
-48
-55
-50
-46
-45
-40
-33
-32
-34
-34
-18
2
10
11
12
15
20
21
34
45
56
55
38
29
27
32
32
24
6
-10
-20
-35
-51
-65
-74
-92
-128
-170
-203
-221
-225
-230
-242
-268
-301
-324
-330
-319
-310
-306
-302
-287
-271
-253
-239
-222
-193
-157
-122
-100
-83
-57
-9
38
65
85
117
156
182
205
227
250
263
262
268
300
326
328
312
300
306
300
286
273
263
245
211
173
157
163
161
139
116
91
75
58
46
46
43
24
-4
-23
-25
-21
-22
-24
-18
-10
-19
-27
-25
-12
-4
5
12
13
10
10
14
22
28
14
-1
-15
-26
-34
-50
-69
-89
-107
-120
-128
-152
-180
-202
-209
-214
-230
-242
-257
-262
-268
-265
-260
-257
-258
-260
-253
-226
-207
-204
-198
-183
-155
-129
-114
-93
-77
-58
-40
-17
13
30
42
45
61
84
108
126
143
146
143
145
150
154
161
159
149
141
139
138
136
127
116
112
106
95
85
80
84
89
84
73
61
59
59
60
64
63
46
26
22
31
43
30
12
0
-12
-11
-20
-22
-31
-52
-66
-73
-62
-57
-73
-84
-90
-90
-96
-105
-106
-105
-104
-101
-96
-95
-96
-93
-85
-68
-66
-68
-67
-57
-35
-18
-9
-2
1
8
25
35
42
58
73
84
82
74
79
90
102
102
98
89
81
71
71
71
70
63
40
17
7
-2
-12
-16
-18
-27
-53
-73
-86
-74
-59
-55
-59
-73
-81
-75
-53
-36
-33
-35
-34
-21
-9
4
14
16
19
23
24
28
28
37
40
33
28
14
-1
-3
-5
-6
-21
-45
-71
-91
-103
-105
-116
-142
-175
-214
-230
-233
-232
-242
-252
-267
-278
-285
-281
-269
-254
-244
-237
-225
-212
-192
-178
-148
-118
-87
-64
-54
-33
-12
10
38
67
93
105
113
118
133
147
153
151
144
141
133
128
127
133
132
111
92
75
64
52
30
19
16
10
-5
-25
-37
-47
-47
-51
-54
-58
-63
-68
-70
-61
-47
-27
-21
-26
-31
-25
0
29
42
37
33
39
46
54
68
85
99
93
77
77
80
77
71
77
87
77
53
26
18
24
17
-3
-18
-29
-35
-45
-53
-57
-63
-72
-85
-92
-97
-106
-117
-116
-103
-89
-85
-86
-87
-78
-70
-63
-43
-16
0
2
5
15
38
58
70
78
85
91
89
85
103
114
116
111
102
99
90
82
74
65
54
43
30
10
-9
-17
-22
-23
-31
-42
-56
-68
-78
-79
-75
-73
-76
-80
-74
-71
-68
-74
-67
-57
-46
-41
-37
-35
-31
-23
-9
3
5
8
4
8
19
27
33
32
27
17
15
18
24
28
25
15
11
18
21
27
28
32
35
32
27
23
34
43
48
44
55
63
69
72
81
98
102
100
94
94
101
106
110
119
124
120
101
87
88
89
88
78
63
52
48
43
36
28
18
3
-5
-9
-18
-32
-43
-42
-36
-30
-30
-35
-43
-46
-41
-29
-18
-7
-7
2
10
20
26
30
42
60
78
82
90
99
103
111
117
128
130
115
105
94
94
94
92
81
60
42
25
14
4
-8
-22
-45
-75
-88
-92
-93
-104
-120
-127
-123
-123
-130
-129
-123
-111
-102
-97
-89
-72
-53
-39
-24
-3
12
19
26
35
56
73
78
78
78
77
80
89
88
82
74
62
49
41
35
24
8
-12
-29
-39
-47
-60
-77
-85
-97
-108
-118
-124
-126
-128
-126
-130
-131
-123
-114
-109
-98
-84
-72
-69
-65
-49
-25
1
22
35
45
61
79
101
121
136
142
141
147
153
156
156
152
149
144
131
116
109
101
89
78
68
50
25
4
-3
-6
-20
-43
-56
-64
-62
-67
-72
-73
-77
-80
-81
-70
-56
-42
-31
-16
-5
8
22
36
56
71
79
81
87
100
109
111
110
106
98
90
82
77
63
48
38
22
4
-19
-38
-48
-47
-59
-84
-106
-120
-124
-128
-128
-131
-142
-148
-152
-150
-137
-120
-112
-105
-95
-78
-59
-46
-29
-17
-3
9
23
36
49
62
75
92
107
118
119
112
109
112
115
115
108
93
78
64
61
55
48
34
24
16
11
3
-17
-31
-42
-46
-52
-66
-78
-82
-86
-87
-76
-65
-67
-73
-76
-60
-49
-43
-42
-29
-12
1
17
30
46
51
51
53
65
79
80
77
80
82
82
75
68
59
54
55
46
39
30
17
10
0
-16
-31
-45
-53
-60
-66
-69
-69
-72
-80
-85
-81
-70
-68
-69
-63
-51
-39
-38
-29
-18
-8
-8
-5
7
21
22
14
14
24
30
28
33
42
42
34
31
32
33
24
19
23
24
18
2
-6
-1
1
-2
-9
-11
-8
-8
0
5
8
4
0
-4
4
14
9
5
9
16
17
13
6
8
8
7
3
-5
-10
-12
-13
-16
-17
-17
-27
-44
-53
-55
-49
-45
-52
-54
-55
-52
-51
-51
-49
-48
-45
-48
-47
-37
-25
-16
-13
-3
4
9
11
15
27
39
50
54
53
52
54
66
75
82
78
76
78
76
73
68
67
56
41
28
22
20
10
-4
-19
-28
-40
-52
-57
-65
-71
-82
-95
-100
-96
-95
-103
-101
-91
-86
-86
-87
-78
-64
-54
-46
-35
-24
-9
2
13
26
35
40
42
54
68
83
91
89
87
86
91
94
88
81
76
74
65
56
44
36
25
3
-11
-20
-29
-39
-50
-55
-61
-73
-89
-97
-93
-88
-81
-81
-84
-82
-77
-59
-38
-23
-18
-12
-3
11
18
23
33
44
54
66
78
82
88
94
101
104
101
96
85
81
78
73
62
44
33
26
17
4
-10
-21
-33
-43
-53
-63
-75
-83
-85
-85
-90
-99
-101
-98
-87
-80
-78
-79
-84
-84
-70
-53
-34
-23
-18
-1
18
33
44
55
67
73
79
89
98
104
103
109
115
118
116
107
104
106
107
101
87
79
71
62
51
40
32
17
6
-7
-13
-14
-21
-32
-46
-53
-57
-62
-72
-83
-81
-81
-87
-96
-92
-85
-83
-86
-90
-88
-81
-78
-75
-70
-63
-52
-53
-48
-42
-29
-18
-17
-15
-15
-9
-3
-1
10
15
12
1
-4
6
7
5
1
-5
-9
-13
-5
-3
2
-5
-10
-10
-8
-3
-1
4
4
-2
-2
3
7
6
12
25
32
34
24
27
35
40
42
45
53
52
51
59
73
84
83
85
85
87
88
81
82
83
87
82
76
78
78
75
72
66
62
52
42
37
37
38
22
4
-7
-10
-12
-22
-30
-38
-52
-64
-74
-70
-66
-75
-91
-98
-96
-92
-92
-93
-93
-94
-92
-92
-87
-81
-75
-73
-76
-75
-63
-48
-39
-37
-33
-22
-17
-18
-14
2
18
19
17
20
26
30
28
36
46
47
41
31
32
36
41
44
44
51
49
44
40
40
48
52
50
46
46
47
46
48
50
57
56
51
49
51
55
55
55
52
47
39
35
40
41
41
37
32
28
23
25
27
24
16
11
10
9
8
10
9
4
-6
-10
-13
-17
-23
-31
-33
-33
-40
-47
-50
-54
-55
-57
-59
-61
-61
-64
-67
-62
-60
-58
-61
-64
-66
-67
-58
-54
-53
-51
-45
-39
-35
-30
-30
-31
-31
-30
-29
-25
-19
-16
-16
-15
-11
-2
6
8
14
18
26
28
33
40
51
61
66
68
75
82
88
93
100
103
102
98
98
103
107
108
101
91
86
89
89
84
76
66
54
43
39
32
28
19
6
-1
-8
-10
-20
-32
-39
-41
-44
-47
-50
-51
-47
-40
-39
-40
-41
-42
-39
-35
-30
-25
-26
-29
-31
-32
-32
-31
-32
-34
-36
-39
-36
-43
-51
-53
-50
-47
-53
-63
-73
-74
-71
-70
-68
-68
-71
-77
-83
-79
-73
-73
-78
-74
-70
-64
-57
-51
-51
-51
-42
-29
-23
-23
-23
-20
-10
1
9
17
26
29
25
25
37
46
46
39
39
42
46
47
46
50
54
51
44
40
38
36
37
37
39
39
34
26
25
28
28
29
24
19
19
22
25
22
23
26
30
29
26
24
26
34
37
35
32
29
24
19
21
28
30
29
18
11
8
9
10
4
0
-10
-21
-29
-30
-27
-28
-33
-37
-44
-50
-57
-56
-59
-57
-53
-54
-54
-53
-51
-46
-39
-35
-35
-34
-31
-32
-29
-25
-19
-18
-22
-25
-27
-26
-23
-25
-26
-26
-30
-32
-36
-35
-36
-38
-42
-42
-39
-38
-38
-44
-43
-31
-28
-24
-19
-15
-12
-11
-3
4
9
10
12
20
25
30
30
34
43
46
45
42
41
41
42
47
51
55
49
40
35
38
44
42
40
31
24
21
20
22
21
21
13
1
-5
-6
-6
-7
-8
-8
-14
-21
-29
-30
-25
-21
-16
-19
-25
-30
-36
-33
-25
-25
-29
-32
-36
-39
-40
-36
-35
-35
-36
-37
-38
-39
-41
-42
-36
-29
-26
-29
-31
-32
-31
-29
-23
-17
-18
-24
-27
-24
-21
-16
-18
-20
-17
-14
-8
-7
-5
-2
4
9
12
19
20
21
27
35
46
52
55
51
51
57
60
65
63
64
64
61
60
60
65
69
68
67
64
61
59
55
51
54
57
49
38
34
34
35
33
30
28
24
14
9
7
8
6
-2
-8
-10
-10
-16
-18
-17
-21
-26
-33
-37
-40
-43
-44
-48
-49
-52
-55
-59
-62
-60
-59
-57
-60
-64
-67
-68
-63
-63
-63
-64
-63
-65
-69
-66
-64
-60
-62
-67
-63
-61
-61
-63
-60
-52
-48
-47
-49
-44
-38
-39
-36
-31
-21
-17
-15
-11
-3
4
6
11
17
29
37
40
43
48
53
58
64
73
78
79
77
78
81
87
93
91
85
78
77
75
76
74
70
68
62
59
53
51
52
49
47
43
44
40
33
32
36
42
39
36
31
27
28
25
27
26
23
18
11
9
5
8
4
1
0
-5
-8
-15
-15
-18
-20
-22
-28
-34
-41
-43
-42
-44
-47
-53
-54
-57
-58
-58
-59
-55
-55
-54
-55
-54
-51
-49
-45
-43
-38
-37
-35
-34
-32
-28
-24
-19
-17
-15
-13
-11
-4
-2
3
9
11
11
8
8
10
17
20
18
15
11
12
10
7
6
6
7
1
-3
-6
-4
-3
-7
-5
-5
-4
-8
-10
-5
0
1
-3
1
6
8
7
6
14
19
19
19
22
26
24
22
24
29
31
27
25
22
22
20
21
24
19
13
5
5
6
4
3
3
4
0
-5
-6
-3
0
-1
1
3
5
5
5
13
19
26
26
27
32
37
38
39
45
49
47
45
43
43
43
41
41
35
32
23
18
15
12
8
2
-3
-11
-19
-26
-28
-27
-30
-36
-42
-44
-47
-49
-48
-47
-45
-47
-46
-46
-41
-36
-32
-28
-25
-19
-15
-12
-8
-4
3
7
9
11
13
15
12
12
11
11
11
7
1
-3
-5
-8
-12
-16
-19
-23
-30
-36
-38
-39
-38
-41
-42
-46
-45
-44
-42
-39
-35
-28
-24
-22
-17
-10
-1
7
16
23
30
36
41
46
54
63
65
66
69
70
70
69
68
66
65
61
54
48
42
40
33
26
19
11
2
-7
-11
-15
-18
-24
-31
-34
-39
-40
-40
-39
-36
-35
-31
-26
-24
-19
-13
-4
1
5
11
17
24
28
34
40
44
44
45
46
46
44
40
40
39
34
26
17
12
5
-2
-8
-16
-24
-36
-43
-48
-51
-55
-62
-67
-70
-74
-76
-77
-74
-69
-63
-62
-58
-53
-47
-40
-32
-23
-16
-6
0
8
15
24
33
37
39
41
45
49
48
48
49
49
47
39
35
31
30
24
18
12
6
0
-9
-13
-14
-16
-23
-29
-30
-29
-27
-28
-27
-21
-18
-17
-15
-8
1
7
15
21
29
34
39
45
51
57
61
64
65
66
69
69
67
64
60
57
50
43
36
32
29
23
13
1
-6
-15
-22
-28
-32
-38
-45
-52
-56
-57
-58
-61
-60
-59
-56
-56
-55
-50
-44
-36
-33
-28
-23
-20
-16
-12
-5
1
3
4
5
6
6
6
4
4
2
0
-5
-9
-12
-15
-20
-22
-26
-32
-36
-39
-40
-41
-43
-43
-42
-41
-41
-38
-35
-31
-24
-20
-13
-7
0
6
12
19
28
34
39
46
52
57
62
65
69
70
71
71
71
71
65
60
59
57
52
45
37
33
27
19
12
8
5
-1
-7
-13
-15
-16
-19
-21
-20
-18
-18
-19
-16
-12
-7
-6
-5
0
4
8
10
12
16
19
20
20
20
19
19
18
18
14
11
6
3
-2
-6
-11
-16
-22
-29
-33
-38
-42
-49
-54
-56
-58
-63
-67
-66
-64
-62
-63
-62
-59
-55
-52
-48
-41
-34
-30
-27
-22
-13
-5
1
6
12
17
21
23
27
32
35
36
37
38
37
34
32
33
34
31
26
22
21
19
14
11
9
8
6
2
1
1
1
0
2
4
3
3
3
5
11
15
18
20
20
23
25
28
29
31
32
33
33
32
30
29
29
27
24
20
16
12
7
4
1
-3
-11
-17
-22
-24
-29
-34
-39
-42
-44
-47
-50
-51
-51
-51
-52
-51
-50
-49
-48
-46
-41
-36
-32
-30
-27
-23
-17
-13
-10
-8
-5
-1
2
4
7
9
10
13
14
14
13
13
12
13
14
13
11
8
7
9
9
10
8
9
9
10
10
10
12
14
16
17
20
21
23
24
28
31
32
33
32
35
39
40
40
38
38
37
36
34
32
31
29
26
22
20
16
9
6
2
0
-5
-13
-18
-19
-20
-22
-26
-29
-30
-31
-33
-33
-32
-31
-29
-28
-24
-21
-20
-19
-16
-11
-6
-5
-4
-2
2
6
7
7
8
8
7
8
7
6
5
2
1
-2
-4
-10
-14
-17
-17
-20
-26
-32
-35
-38
-38
-39
-41
-44
-45
-45
-44
-43
-42
-39
-36
-33
-30
-27
-25
-22
-17
-10
-5
-2
-1
0
7
11
17
18
19
22
24
27
27
27
27
29
29
27
26
24
22
23
24
25
21
17
15
15
16
16
17
16
15
17
19
20
22
24
27
30
32
33
33
35
38
43
45
46
44
44
46
48
49
48
47
44
42
40
37
32
28
25
21
17
10
3
-3
-8
-11
-15
-22
-29
-37
-42
-44
-45
-49
-54
-58
-60
-62
-65
-65
-66
-64
-63
-62
-63
-63
-59
-56
-51
-47
-43
-43
-41
-36
-29
-23
-20
-18
-14
-11
-7
-3
0
5
8
12
15
16
17
18
19
23
25
25
23
22
24
26
27
25
22
21
21
21
19
17
16
17
16
16
15
14
12
13
15
17
15
13
13
14
16
17
18
17
17
17
18
18
18
18
17
17
17
15
11
9
9
8
8
4
-1
-4
-7
-8
-12
-15
-18
-22
-25
-26
-28
-30
-32
-33
-32
-33
-35
-35
-35
-33
-30
-26
-24
-22
-20
-17
-11
-6
-3
1
4
9
14
19
22
25
29
34
36
36
36
40
40
42
41
39
37
34
32
32
30
26
21
16
13
11
6
1
-3
-7
-9
-13
-18
-19
-22
-24
-25
-25
-26
-27
-29
-29
-26
-25
-24
-23
-20
-17
-12
-12
-10
-6
-4
-1
0
3
6
6
8
10
13
13
11
8
10
11
11
8
5
3
1
-1
-4
-6
-8
-10
-12
-14
-15
-16
-18
-19
-17
-16
-16
-18
-18
-14
-10
-10
-8
-5
-3
1
3
6
10
12
13
14
18
20
21
20
23
24
23
22
19
19
18
16
13
10
5
0
-2
-4
-6
-10
-15
-19
-21
-24
-28
-30
-31
-31
-32
-32
-32
-31
-30
-27
-24
-21
-20
-18
-14
-9
-2
1
5
9
14
19
22
24
26
30
31
33
33
35
35
34
32
32
31
27
24
20
19
15
11
7
4
2
-1
-6
-9
-9
-11
-13
-14
-14
-14
-15
-14
-13
-11
-8
-7
-7
-3
-1
4
6
9
14
16
17
18
21
24
24
23
21
21
19
18
15
14
12
9
4
-2
-5
-8
-14
-19
-22
-26
-28
-31
-32
-33
-34
-37
-37
-38
-38
-37
-34
-30
-26
-24
-20
-16
-11
-7
-2
-1
3
7
10
15
18
21
22
23
24
24
24
20
19
19
18
16
11
10
6
4
-1
-5
-9
-12
-17
-20
-21
-23
-25
-26
-25
-27
-27
-28
-27
-25
-20
-16
-14
-10
-6
-2
1
5
10
13
16
18
22
24
27
30
31
32
33
31
29
27
24
24
21
17
15
13
10
8
4
2
-2
-8
-10
-12
-13
-15
-17
-15
-13
-11
-10
-10
-9
-6
-5
-2
0
3
7
10
14
19
22
24
25
27
30
30
30
30
32
32
31
27
25
23
20
16
12
8
4
1
-4
-7
-10
-13
-18
-23
-27
-29
-30
-34
-33
-34
-33
-34
-34
-33
-31
-32
-29
-28
-27
-25
-22
-18
-14
-10
-8
-6
-5
-3
-1
0
0
0
2
3
4
4
4
1
0
-3
-3
-5
-8
-8
-10
-11
-11
-12
-13
-14
-14
-15
-14
-14
-12
-11
-9
-8
-5
-4
-5
-1
3
8
10
10
13
17
18
22
25
26
26
27
28
30
30
30
30
28
29
26
23
23
21
21
17
13
10
8
6
4
2
1
-1
-5
-7
-8
-8
-12
-11
-12
-12
-12
-11
-10
-9
-9
-8
-6
-6
-6
-5
-3
-2
0
0
2
3
4
5
5
4
6
5
7
6
6
4
3
4
3
1
-1
-2
-3
-5
-6
-7
-9
-9
-11
-12
-11
-15
-15
-16
-14
-13
-13
-12
-13
-11
-10
-8
-9
-7
-6
-4
-3
-2
1
1
2
3
5
5
7
6
8
7
6
6
6
7
6
5
3
3
1
0
-1
-3
-5
-5
-6
-8
-7
-7
-7
-8
-8
-7
-8
-9
-8
-7
-6
-4
-3
-1
0
1
3
4
6
7
9
10
13
14
15
15
14
15
16
16
15
14
16
14
13
11
10
8
6
5
3
1
0
-2
-2
-3
-5
-8
-9
-11
-13
-12
-13
-14
-15
-13
-12
-11
-9
-9
-9
-8
-8
-5
-4
-4
-3
-1
0
2
3
4
4
3
4
4
4
5
4
3
3
3
3
2
1
0
0
-1
-3
-2
-5
-4
-5
-5
-6
-6
-8
-7
-8
-7
-5
-7
-5
-5
-5
-3
-2
-1
0
0
1
4
4
7
7
9
10
9
10
11
12
14
12
12
12
11
12
12
12
11
9
8
7
6
4
4
3
3
0
-2
-4
-5
-6
-7
-9
-10
-10
-12
-11
-12
-12
-10
-12
-11
-12
-10
-9
-8
-7
-6
-5
-4
-3
-2
0
2
3
4
6
7
8
8
9
9
9
10
11
11
11
11
10
8
7
6
6
6
3
1
0
-1
-2
-3
-4
-6
-6
-8
-9
-7
-8
-8
-6
-8
-7
-4
-5
-3
-1
-1
1
3
4
6
8
10
10
11
12
14
16
16
15
13
12
11
10
9
7
6
4
3
-1
-3
-4
-4
-8
-10
-11
-13
-14
-16
-16
-17
-18
-18
-19
-18
-17
-16
-14
-13
-10
-8
-7
-4
-2
0
2
4
6
8
9
11
13
14
15
16
17
17
16
16
16
15
13
12
10
8
6
4
0
-2
-5
-7
-9
-11
-13
-14
-15
-18
-18
-19
-17
-17
-16
-15
-14
-11
-9
-7
-4
-2
2
4
6
9
12
13
15
15
16
16
17
17
16
15
14
13
11
9
6
3
0
-2
-4
-7
-9
-12
-14
-16
-17
-20
-20
-22
-24
-22
-22
-21
-21
-19
-18
-16
-16
-14
-10
-7
-4
-2
2
5
8
11
14
17
19
20
21
22
21
22
21
21
18
16
14
13
11
9
6
4
0
-4
-7
-7
-10
-13
-15
-17
-20
-20
-21
-19
-19
-19
-19
-17
-14
-11
-7
-5
-2
0
4
7
11
14
15
17
19
21
23
25
27
25
25
24
23
21
18
16
11
8
5
4
1
-2
-3
-6
-9
-12
-13
-14
-15
-16
-18
-19
-20
-19
-19
-18
-15
-12
-11
-9
-6
-2
2
5
6
8
11
15
17
19
21
22
24
25
26
26
26
24
23
20
17
15
10
7
3
-1
-4
-7
-10
-12
-12
-13
-15
-18
-19
-20
-18
-19
-17
-17
-18
-17
-15
-13
-10
-8
-6
-4
-1
2
6
9
10
12
14
15
17
18
20
21
